1 0.937977 1.000000 0.919114 0.001345 0.007706 0.000068 27.000000 5.000000 0.000000 5.000000 0.000000 0.000000 139.807427
1 0.935136 1.000000 0.912259 0.001524 0.009821 0.000079 26.000000 5.000000 0.000000 4.000000 0.000000 0.000000 143.646962
1 0.948176 1.000000 0.921082 0.002078 0.011085 0.000063 23.000000 5.000000 0.000000 0.000000 0.000000 0.000000 129.669949
1 0.947307 1.000000 0.926191 0.001563 0.008606 0.000063 23.000000 5.000000 0.000000 3.000000 0.000000 0.000000 131.663287
1 0.919772 1.000000 0.900456 0.001358 0.007906 0.000058 23.000000 5.000000 0.000000 2.000000 0.000000 0.000000 123.352818
1 0.931599 1.000000 0.913528 0.001262 0.007487 0.000063 25.000000 5.000000 0.000000 5.000000 0.000000 0.000000 137.817183
1 0.960920 1.000000 0.932408 0.001808 0.011763 0.000066 24.000000 5.000000 0.000000 8.000000 0.000000 0.000000 132.923406
1 0.926975 1.000000 0.903843 0.001446 0.009228 0.000066 25.000000 5.000000 0.000000 1.000000 0.000000 0.000000 131.404031
1 0.930305 1.000000 0.913290 0.001139 0.006937 0.000056 21.000000 5.000000 0.000000 2.000000 0.000000 0.000000 109.194616
1 0.939497 1.000000 0.910157 0.001954 0.012417 0.000075 30.000000 5.000000 0.000000 2.000000 0.000000 0.000000 161.651231
1 0.948937 1.000000 0.920819 0.001750 0.011721 0.000076 26.000000 5.000000 0.000000 5.000000 0.000000 0.000000 147.864547
1 0.919469 1.000000 0.906148 0.000921 0.005810 0.000060 26.000000 5.000000 0.000000 5.000000 0.000000 0.000000 131.834409
1 0.929749 1.000000 0.918320 0.000831 0.004831 0.000063 27.000000 5.000000 0.000000 4.000000 0.000000 0.000000 121.758349
1 0.957252 1.000000 0.929027 0.001779 0.011316 0.000070 25.000000 5.000000 0.000000 0.000000 0.000000 0.000000 142.626303
1 0.964152 1.000000 0.931365 0.002218 0.013357 0.000099 26.000000 5.000000 0.000000 5.000000 0.000000 0.000000 139.701017
1 0.926121 1.000000 0.898841 0.002031 0.010996 0.000065 22.000000 5.000000 0.000000 6.000000 0.000000 0.000000 122.603863
1 0.900302 1.000000 0.873864 0.001705 0.011057 0.000073 29.000000 5.000000 0.000000 3.000000 0.000000 0.000000 140.886492
1 0.945648 1.000000 0.927254 0.001240 0.007471 0.000054 21.000000 5.000000 0.000000 6.000000 0.000000 0.000000 113.076830
1 0.912474 1.000000 0.887356 0.001793 0.010485 0.000060 25.000000 5.000000 0.000000 1.000000 0.000000 0.000000 139.389274
1 0.975324 1.000000 0.943122 0.002313 0.013428 0.000072 25.000000 5.000000 0.000000 10.000000 0.000000 0.000000 127.445976
1 1.008427 1.000000 0.994875 0.000841 0.006188 0.000066 25.000000 5.000000 0.000000 5.000000 0.000000 0.000000 133.535815
1 0.954029 1.000000 0.931614 0.001564 0.009798 0.000059 22.000000 5.000000 0.000000 13.000000 0.000000 0.000000 145.495607
1 1.006098 1.000000 0.964464 0.002866 0.017818 0.000084 25.000000 5.000000 0.000000 9.000000 0.000000 0.000000 134.199270
1 0.931068 1.000000 0.913431 0.001301 0.007809 0.000059 22.000000 5.000000 0.000000 13.000000 0.000000 0.000000 129.326165
1 0.944237 1.000000 0.920651 0.001663 0.009442 0.000066 24.000000 5.000000 0.000000 1.000000 0.000000 0.000000 132.115841
1 0.950210 1.000000 0.920273 0.002021 0.012586 0.000079 26.000000 5.000000 0.000000 11.000000 0.000000 0.000000 143.000911
1 0.956150 1.000000 0.932852 0.001749 0.009757 0.000056 22.000000 5.000000 0.000000 0.000000 0.000000 0.000000 126.940168
1 0.950748 1.000000 0.921523 0.001694 0.011831 0.000065 24.000000 5.000000 0.000000 2.000000 0.000000 0.000000 125.780769
1 0.953881 1.000000 0.938147 0.001130 0.006351 0.000056 23.000000 5.000000 0.000000 9.000000 0.000000 0.000000 125.969317
1 0.969879 1.000000 0.940149 0.002006 0.012206 0.000076 28.000000 5.000000 0.000000 2.000000 0.000000 0.000000 129.713636
1 0.960842 1.000000 0.945710 0.001059 0.006320 0.000056 22.000000 5.000000 0.000000 3.000000 0.000000 0.000000 126.262352
1 1.035700 1.000000 0.982140 0.003044 0.022316 0.000076 26.000000 5.000000 0.000000 13.000000 0.000000 0.000000 129.251513
1 1.035616 1.000000 1.007999 0.002173 0.011622 0.000077 24.000000 5.000000 0.000000 7.000000 0.000000 0.000000 120.875293
1 1.040558 1.000000 1.011108 0.002030 0.012126 0.000079 25.000000 5.000000 0.000000 4.000000 0.000000 0.000000 125.404347
1 0.993576 1.000000 0.979013 0.000946 0.006225 0.000063 22.000000 5.000000 0.000000 1.000000 0.000000 0.000000 130.314899
1 1.039315 1.000000 0.985464 0.003834 0.021826 0.000094 28.000000 5.000000 0.000000 8.000000 0.000000 0.000000 147.310691
1 1.009276 1.000000 0.982568 0.001825 0.010494 0.000067 24.000000 5.000000 0.000000 5.000000 0.000000 0.000000 134.521156
1 1.062623 1.000000 1.034380 0.001966 0.011152 0.000083 26.000000 5.000000 0.000000 9.000000 0.000000 0.000000 131.887390
1 1.030480 1.000000 1.004304 0.001773 0.010431 0.000062 23.000000 5.000000 0.000000 2.000000 0.000000 0.000000 139.883828
1 1.026533 1.000000 0.988515 0.002198 0.015320 0.000084 27.000000 5.000000 0.000000 4.000000 0.000000 0.000000 142.505369
1 1.011067 1.000000 0.985928 0.001452 0.010897 0.000066 21.000000 5.000000 0.000000 8.000000 0.000000 0.000000 120.098327
1 0.967511 1.000000 0.947998 0.001380 0.007986 0.000074 26.000000 5.000000 0.000000 2.000000 0.000000 0.000000 132.367642
1 1.071241 1.000000 1.041341 0.001995 0.012521 0.000075 27.000000 5.000000 0.000000 7.000000 0.000000 0.000000 132.293423
1 1.025363 1.000000 0.992018 0.001867 0.013497 0.000076 23.000000 5.000000 0.000000 5.000000 0.000000 0.000000 123.439485
1 1.053768 1.000000 0.992021 0.004365 0.026228 0.000092 31.000000 5.000000 0.000000 24.000000 0.000000 0.000000 127.059946
1 0.992047 1.000000 0.978151 0.000900 0.005948 0.000076 27.000000 5.000000 0.000000 0.000000 0.000000 0.000000 155.532364
1 0.996806 1.000000 0.982378 0.001064 0.005926 0.000057 21.000000 5.000000 0.000000 5.000000 0.000000 0.000000 121.864595
1 1.010072 1.000000 0.975925 0.002428 0.014986 0.000083 24.000000 5.000000 0.000000 15.000000 0.000000 0.000000 138.441320
1 0.997553 1.000000 0.974582 0.001380 0.009213 0.000057 20.000000 5.000000 0.000000 5.000000 0.000000 0.000000 110.245699
1 0.990800 1.000000 0.943644 0.003276 0.020499 0.000089 27.000000 5.000000 0.000000 19.000000 0.000000 0.000000 130.610097
1 0.991643 1.000000 0.968357 0.001496 0.011004 0.000111 25.000000 5.000000 0.000000 0.000000 0.000000 0.000000 139.155013
1 1.775913 1.000000 1.726530 0.003175 0.019773 0.000120 23.000000 5.000000 0.000000 13.000000 0.000000 0.000000 125.932104
1 1.768641 1.000000 1.749489 0.001289 0.007579 0.000112 24.000000 5.000000 0.000000 0.000000 0.000000 0.000000 128.943397
1 1.255972 1.000000 1.235017 0.001655 0.008298 0.000069 26.000000 5.000000 0.000000 2.000000 0.000000 0.000000 147.444318
1 1.091701 1.000000 1.046669 0.003259 0.018484 0.000080 27.000000 5.000000 0.000000 21.000000 0.000000 0.000000 148.133630
1 1.063570 1.000000 1.033914 0.001901 0.012109 0.000069 23.000000 5.000000 0.000000 10.000000 0.000000 0.000000 127.195912
1 1.018735 1.000000 0.994305 0.001680 0.009928 0.000064 21.000000 5.000000 0.000000 10.000000 0.000000 0.000000 117.995976
1 0.978160 1.000000 0.955841 0.001374 0.009515 0.000072 27.000000 5.000000 0.000000 4.000000 0.000000 0.000000 141.793760
1 1.003186 1.000000 0.983221 0.001396 0.007949 0.000068 22.000000 5.000000 0.000000 1.000000 0.000000 0.000000 124.145216
1 1.006509 1.000000 0.970258 0.002574 0.014442 0.000085 26.000000 5.000000 0.000000 12.000000 0.000000 0.000000 141.419779
1 1.019956 2.000000 0.968345 0.004787 0.020600 0.005383 42.000000 5.000000 0.000000 2.000000 0.000000 0.000000 148.838499
1 1.117946 2.000000 1.018198 0.008677 0.042980 0.008124 71.000000 5.000000 4.000000 12.000000 0.000000 0.000000 159.282855
1 1.099618 2.000000 1.024756 0.005732 0.031287 0.005983 50.000000 5.000000 0.000000 11.000000 0.000000 0.000000 133.477610
1 1.108156 2.000000 1.010459 0.006318 0.041567 0.007283 55.000000 5.000000 0.000000 36.000000 0.000000 0.000000 127.145035
1 1.594688 2.000000 1.505794 0.006959 0.034521 0.011806 45.000000 5.000000 0.000000 5.000000 0.000000 0.000000 128.233779
1 2.325462 2.000000 2.191312 0.010188 0.052070 0.012656 46.000000 5.000000 0.000000 8.000000 0.000000 0.000000 148.471316
1 2.095666 2.000000 1.885593 0.015245 0.084657 0.017232 144.000000 5.000000 0.000000 16.000000 0.000000 0.000000 146.391081
1 1.904933 2.000000 1.822510 0.006432 0.030955 0.010965 48.000000 5.000000 0.000000 9.000000 0.000000 0.000000 147.686279
1 1.486804 2.000000 1.379375 0.008358 0.044170 0.007771 62.000000 5.000000 0.000000 17.000000 0.000000 0.000000 183.691647
1 1.093928 2.000000 1.018003 0.005818 0.032000 0.006942 55.000000 5.000000 9.000000 17.000000 0.000000 0.000000 130.159868
1 1.077669 2.000000 1.012255 0.004545 0.027471 0.007376 56.000000 5.000000 0.000000 12.000000 0.000000 0.000000 149.397830
1 1.320137 2.000000 1.142842 0.011332 0.070897 0.011923 49.000000 5.000000 0.000000 11.000000 0.000000 0.000000 125.461018
1 1.898921 2.000000 1.769925 0.009812 0.050521 0.013074 84.000000 5.000000 5.000000 12.000000 0.000000 0.000000 130.222132
1 1.786145 2.000000 1.707226 0.005648 0.031627 0.006923 48.000000 5.000000 0.000000 8.000000 0.000000 0.000000 129.258993
1 1.236400 2.000000 1.146018 0.006701 0.036232 0.007453 50.000000 5.000000 0.000000 16.000000 0.000000 0.000000 138.234958
1 1.101273 2.000000 1.023185 0.006196 0.031363 0.006904 55.000000 5.000000 0.000000 23.000000 0.000000 0.000000 159.855495
1 1.117088 2.000000 1.047264 0.004978 0.026944 0.007536 50.000000 5.000000 0.000000 12.000000 0.000000 0.000000 126.612923
1 1.658922 2.000000 1.527459 0.009149 0.050160 0.013630 61.000000 5.000000 0.000000 9.000000 0.000000 0.000000 153.249633
1 2.176406 2.000000 1.780830 0.030122 0.166266 0.019171 122.000000 5.000000 0.000000 67.000000 0.000000 0.000000 140.749902
1 1.372389 2.000000 1.277591 0.007885 0.036759 0.008938 174.000000 5.000000 0.000000 23.000000 0.000000 0.000000 139.848648
1 1.066343 2.000000 1.017200 0.003463 0.018564 0.006016 50.000000 5.000000 0.000000 2.000000 0.000000 0.000000 131.842529
1 1.054549 2.000000 1.006087 0.003625 0.018319 0.005610 43.000000 5.000000 0.000000 4.000000 0.000000 0.000000 130.451544
1 1.248181 2.000000 1.013549 0.016126 0.105679 0.010763 218.000000 5.000000 0.000000 31.000000 0.000000 0.000000 157.224432
1 1.082349 2.000000 0.982308 0.006739 0.038045 0.006224 50.000000 5.000000 6.000000 19.000000 0.000000 0.000000 124.080624
1 1.064257 2.000000 0.996511 0.004176 0.026181 0.006929 53.000000 5.000000 6.000000 2.000000 0.000000 0.000000 140.107361
1 1.121406 2.000000 1.019448 0.006709 0.040343 0.006938 59.000000 5.000000 9.000000 12.000000 0.000000 0.000000 119.511735
1 1.121694 2.000000 1.023130 0.007009 0.041796 0.007591 88.000000 5.000000 0.000000 28.000000 0.000000 0.000000 143.714122
1 1.067653 2.000000 1.010337 0.004789 0.023009 0.006191 46.000000 5.000000 0.000000 4.000000 0.000000 0.000000 147.905169
1 1.085171 2.000000 1.033443 0.003479 0.020991 0.005892 44.000000 5.000000 3.000000 4.000000 0.000000 0.000000 133.389847
1 1.231219 2.000000 1.045688 0.015015 0.070950 0.020132 82.000000 5.000000 0.000000 26.000000 0.000000 0.000000 206.456181
1 2.241223 2.000000 2.085651 0.010117 0.060030 0.014280 90.000000 5.000000 1.000000 17.000000 0.000000 0.000000 140.258237
1 2.302137 2.000000 2.085656 0.015032 0.086263 0.015206 61.000000 5.000000 0.000000 11.000000 0.000000 0.000000 152.699957
1 1.871572 2.000000 1.797878 0.005278 0.026158 0.012648 54.000000 5.000000 0.000000 6.000000 0.000000 0.000000 150.521047
1 1.702037 2.000000 1.640381 0.004362 0.024031 0.006510 48.000000 5.000000 0.000000 6.000000 0.000000 0.000000 138.731155
1 1.083340 2.000000 1.012578 0.005110 0.027391 0.006031 48.000000 5.000000 1.000000 17.000000 0.000000 0.000000 126.527467
1 1.121346 2.000000 1.007200 0.008804 0.047057 0.008238 106.000000 5.000000 1.000000 27.000000 0.000000 0.000000 151.437599
1 1.185891 2.000000 1.039111 0.010242 0.059892 0.009179 259.000000 5.000000 3.000000 34.000000 0.000000 0.000000 132.355882
1 1.988113 2.000000 1.751432 0.017499 0.094212 0.014156 56.000000 5.000000 0.000000 15.000000 0.000000 0.000000 154.152635
1 1.964345 2.000000 1.858197 0.008784 0.043380 0.010566 77.000000 5.000000 0.000000 8.000000 0.000000 0.000000 154.376304
1 1.218128 2.000000 1.177126 0.003186 0.016112 0.005092 41.000000 5.000000 0.000000 10.000000 0.000000 0.000000 129.730567
1 1.068569 2.000000 1.009626 0.004762 0.022510 0.005824 45.000000 5.000000 0.000000 6.000000 0.000000 0.000000 121.349319
1 1.099369 2.000000 1.027094 0.005519 0.029319 0.006070 51.000000 5.000000 0.000000 11.000000 0.000000 0.000000 128.553007
1 1.084769 2.000000 0.993653 0.006413 0.038355 0.006707 51.000000 5.000000 2.000000 18.000000 0.000000 0.000000 154.451483
1 1.006805 2.000000 0.962011 0.003478 0.016959 0.005338 42.000000 5.000000 0.000000 2.000000 0.000000 0.000000 126.807563
1 1.084940 2.000000 0.981103 0.007362 0.040933 0.012432 321.000000 5.000000 6.000000 18.000000 0.000000 0.000000 153.434438
1 1.075767 2.000000 0.975958 0.006651 0.041639 0.006482 51.000000 5.000000 3.000000 21.000000 0.000000 0.000000 127.635767
1 1.074667 2.000000 0.975351 0.007342 0.041050 0.008191 81.000000 5.000000 0.000000 16.000000 0.000000 0.000000 152.450632
1 1.057344 2.000000 1.000946 0.004101 0.022322 0.005833 49.000000 5.000000 0.000000 12.000000 0.000000 0.000000 143.399915
1 1.089613 2.000000 1.023016 0.005039 0.028104 0.006491 52.000000 5.000000 0.000000 23.000000 0.000000 0.000000 138.096408
1 1.102827 2.000000 1.041271 0.004354 0.024575 0.005683 44.000000 5.000000 0.000000 5.000000 0.000000 0.000000 130.341599
1 2.098916 2.000000 2.001873 0.006887 0.036482 0.012174 45.000000 5.000000 0.000000 3.000000 0.000000 0.000000 130.687210
1 2.218068 2.000000 2.087806 0.008146 0.051124 0.012573 43.000000 5.000000 0.000000 5.000000 0.000000 0.000000 131.453235
1 1.903580 2.000000 1.778140 0.009470 0.049672 0.010845 48.000000 5.000000 0.000000 10.000000 0.000000 0.000000 138.563612
1 1.907219 2.000000 1.805532 0.006578 0.039787 0.010321 47.000000 5.000000 0.000000 19.000000 0.000000 0.000000 118.579259
1 1.127868 2.000000 1.060904 0.006147 0.026832 0.006258 48.000000 5.000000 0.000000 22.000000 0.000000 0.000000 130.736401
1 1.150925 2.000000 1.084438 0.004425 0.024081 0.005959 43.000000 5.000000 0.000000 3.000000 0.000000 0.000000 130.622730
1 1.100672 2.000000 1.043133 0.004048 0.022908 0.006979 47.000000 5.000000 0.000000 5.000000 0.000000 0.000000 130.272613
1 1.631260 2.000000 1.471299 0.010951 0.063214 0.014807 148.000000 5.000000 1.000000 5.000000 0.000000 0.000000 153.788798
1 2.109934 2.000000 1.894625 0.016985 0.086832 0.014203 54.000000 5.000000 0.000000 29.000000 0.000000 0.000000 157.663172
1 1.519038 2.000000 1.469323 0.003958 0.020309 0.005396 42.000000 5.000000 0.000000 5.000000 0.000000 0.000000 125.671617
1 1.134218 4.000000 1.023370 0.008264 0.038156 0.030803 83.000000 5.000000 0.000000 14.000000 0.000000 0.000000 128.929143
1 1.125151 4.000000 1.007048 0.008936 0.043128 0.029088 81.000000 5.000000 0.000000 16.000000 0.000000 0.000000 116.158323
1 1.220055 4.000000 0.986872 0.018537 0.088131 0.050180 77.000000 5.000000 0.000000 29.000000 0.000000 0.000000 116.096000
1 2.137702 4.000000 1.829032 0.025710 0.115443 0.060628 86.000000 5.000000 0.000000 18.000000 0.000000 0.000000 140.404558
1 1.850015 4.000000 1.742667 0.008620 0.037022 0.029886 75.000000 5.000000 0.000000 7.000000 0.000000 0.000000 116.045326
1 1.087527 4.000000 0.997216 0.007164 0.031917 0.025959 68.000000 5.000000 0.000000 11.000000 0.000000 0.000000 117.823729
1 1.509795 4.000000 1.386055 0.009136 0.042762 0.036230 90.000000 5.000000 0.000000 25.000000 0.000000 0.000000 129.738957
1 1.352620 4.000000 0.967746 0.033589 0.158055 0.055950 123.000000 5.000000 10.000000 100.000000 0.000000 0.000000 118.028655
1 1.964880 4.000000 1.753195 0.016739 0.078088 0.049335 71.000000 5.000000 0.000000 16.000000 0.000000 0.000000 118.078230
1 1.934350 4.000000 1.782437 0.011082 0.052293 0.044555 93.000000 5.000000 6.000000 25.000000 0.000000 0.000000 119.693163
1 1.150342 4.000000 1.005398 0.012622 0.050019 0.034038 92.000000 5.000000 7.000000 14.000000 0.000000 0.000000 154.262541
1 1.115696 4.000000 1.011265 0.009206 0.036692 0.027180 71.000000 5.000000 0.000000 8.000000 0.000000 0.000000 115.480406
1 1.531958 4.000000 1.402506 0.009283 0.049060 0.033041 85.000000 5.000000 0.000000 18.000000 0.000000 0.000000 113.836676
1 2.005287 4.000000 1.746800 0.021289 0.102504 0.047207 75.000000 5.000000 0.000000 20.000000 0.000000 0.000000 124.045067
1 2.042459 4.000000 1.750377 0.026035 0.108821 0.067322 95.000000 5.000000 1.000000 25.000000 0.000000 0.000000 146.762616
1 1.263219 4.000000 1.082446 0.015745 0.068062 0.035736 96.000000 5.000000 0.000000 17.000000 0.000000 0.000000 130.036406
1 1.271289 4.000000 1.021255 0.021745 0.093079 0.046877 118.000000 5.000000 35.000000 31.000000 0.000000 0.000000 134.893870
1 1.160768 4.000000 0.999202 0.012411 0.058958 0.039020 88.000000 5.000000 0.000000 15.000000 0.000000 0.000000 129.264083
1 2.155260 4.000000 1.640652 0.042587 0.201306 0.099397 140.000000 5.000000 0.000000 75.000000 0.000000 0.000000 129.531776
1 2.245351 4.000000 1.759629 0.044916 0.184146 0.095284 136.000000 5.000000 8.000000 29.000000 0.000000 0.000000 183.612090
1 1.251577 4.000000 1.112841 0.011564 0.053489 0.032133 84.000000 5.000000 2.000000 18.000000 0.000000 0.000000 132.778149
1 1.185249 4.000000 1.010877 0.014815 0.065288 0.038465 106.000000 5.000000 0.000000 20.000000 0.000000 0.000000 153.489343
1 1.091089 4.000000 0.999660 0.007026 0.031428 0.025380 72.000000 5.000000 0.000000 11.000000 0.000000 0.000000 112.776332
1 1.816692 4.000000 1.619820 0.016449 0.071817 0.050516 75.000000 5.000000 0.000000 13.000000 0.000000 0.000000 122.899488
1 1.940284 4.000000 1.711788 0.017121 0.084104 0.050712 74.000000 5.000000 0.000000 22.000000 0.000000 0.000000 112.266145
1 1.306810 4.000000 1.202741 0.008907 0.036941 0.026150 72.000000 5.000000 0.000000 10.000000 0.000000 0.000000 121.511671
1 1.164552 4.000000 0.997569 0.013790 0.061436 0.039167 92.000000 5.000000 0.000000 30.000000 0.000000 0.000000 124.120430
1 1.147753 4.000000 1.005746 0.010912 0.052324 0.033469 93.000000 5.000000 0.000000 21.000000 0.000000 0.000000 127.135220
1 1.393923 4.000000 1.214996 0.014541 0.063462 0.048843 72.000000 5.000000 0.000000 19.000000 0.000000 0.000000 109.546721
1 1.946561 4.000000 1.797392 0.012676 0.052761 0.037211 82.000000 5.000000 2.000000 38.000000 0.000000 0.000000 128.581792
1 1.833349 4.000000 1.643622 0.015613 0.071287 0.042848 97.000000 5.000000 3.000000 16.000000 0.000000 0.000000 146.364463
1 1.254549 4.000000 1.145287 0.008291 0.040589 0.027449 76.000000 5.000000 0.000000 13.000000 0.000000 0.000000 121.864678
1 1.089624 4.000000 0.986116 0.007873 0.035015 0.028987 75.000000 5.000000 0.000000 11.000000 0.000000 0.000000 120.959395
1 1.109225 4.000000 1.013264 0.007464 0.032542 0.027908 76.000000 5.000000 0.000000 12.000000 0.000000 0.000000 121.311303
1 2.086066 4.000000 1.733123 0.026553 0.140783 0.065197 99.000000 5.000000 0.000000 48.000000 0.000000 0.000000 116.282477
1 2.128771 4.000000 1.771542 0.028137 0.149393 0.060281 106.000000 5.000000 2.000000 83.000000 0.000000 0.000000 144.158480
1 1.119576 4.000000 1.024519 0.007726 0.032344 0.027523 74.000000 5.000000 0.000000 4.000000 0.000000 0.000000 129.304845
1 1.336068 4.000000 1.004593 0.031511 0.135958 0.049039 125.000000 5.000000 0.000000 29.000000 0.000000 0.000000 185.406886
1 1.158781 4.000000 1.031046 0.010420 0.045840 0.033236 85.000000 5.000000 3.000000 18.000000 0.000000 0.000000 122.725518
1 2.194263 4.000000 1.625639 0.046284 0.231510 0.093931 136.000000 5.000000 0.000000 113.000000 0.000000 0.000000 149.008256
1 1.998358 4.000000 1.776452 0.016724 0.085580 0.048794 83.000000 5.000000 0.000000 20.000000 0.000000 0.000000 121.158634
1 1.207198 4.000000 1.076187 0.010794 0.048041 0.031531 87.000000 5.000000 0.000000 33.000000 0.000000 0.000000 137.831892
1 1.158169 4.000000 1.028332 0.011003 0.047509 0.030200 82.000000 5.000000 0.000000 12.000000 0.000000 0.000000 125.177848
1 1.346441 4.000000 1.041582 0.029176 0.121521 0.053703 147.000000 5.000000 1.000000 49.000000 0.000000 0.000000 202.224491
1 1.839765 4.000000 1.588703 0.020838 0.097388 0.052246 83.000000 5.000000 0.000000 40.000000 0.000000 0.000000 127.155607
1 2.034926 4.000000 1.819700 0.017410 0.078365 0.058314 84.000000 5.000000 0.000000 16.000000 0.000000 0.000000 135.079316
1 1.474133 4.000000 1.191320 0.027782 0.112244 0.042087 109.000000 5.000000 0.000000 51.000000 0.000000 0.000000 151.971694
1 1.204429 4.000000 1.013304 0.015579 0.077293 0.038629 104.000000 5.000000 2.000000 51.000000 0.000000 0.000000 142.709074
1 1.230903 4.000000 1.010764 0.020412 0.088191 0.040170 105.000000 5.000000 6.000000 55.000000 0.000000 0.000000 131.394057
1 1.869776 4.000000 1.564439 0.025627 0.114389 0.067872 101.000000 5.000000 6.000000 22.000000 0.000000 0.000000 142.701261
1 2.018794 4.000000 1.754604 0.020423 0.103936 0.055946 83.000000 5.000000 0.000000 37.000000 0.000000 0.000000 109.717418
1 1.454246 4.000000 1.276364 0.015102 0.066102 0.038047 98.000000 5.000000 0.000000 26.000000 0.000000 0.000000 127.779577
1 1.220255 4.000000 1.065273 0.011918 0.052170 0.040966 101.000000 5.000000 0.000000 5.000000 0.000000 0.000000 148.232146
1 1.113700 4.000000 1.004725 0.009142 0.038734 0.028943 79.000000 5.000000 0.000000 14.000000 0.000000 0.000000 118.997098
1 1.886542 4.000000 1.304130 0.049834 0.225642 0.105810 154.000000 5.000000 4.000000 59.000000 0.000000 0.000000 200.326427
1 2.191939 4.000000 1.808986 0.032310 0.140917 0.076200 112.000000 5.000000 14.000000 27.000000 0.000000 0.000000 134.593463
1 1.361825 4.000000 1.252829 0.008639 0.037419 0.029478 77.000000 5.000000 0.000000 9.000000 0.000000 0.000000 114.346638
1 1.136920 4.000000 1.012875 0.010821 0.048025 0.027433 72.000000 5.000000 0.000000 28.000000 0.000000 0.000000 114.917161
1 1.358147 4.000000 1.006803 0.031257 0.139533 0.055704 150.000000 5.000000 8.000000 106.000000 0.000000 0.000000 144.291968
1 1.598117 4.000000 1.306054 0.026128 0.109363 0.068310 96.000000 5.000000 8.000000 8.000000 0.000000 0.000000 154.913407
1 2.271403 6.000000 1.791379 0.034991 0.153507 0.155695 135.000000 5.000000 3.000000 21.000000 0.000000 0.000000 144.786140
1 1.691009 6.000000 1.381912 0.023810 0.105173 0.095881 143.000000 5.000000 8.000000 28.000000 0.000000 0.000000 151.766741
1 1.279573 6.000000 1.018343 0.018916 0.098168 0.068212 113.000000 5.000000 0.000000 52.000000 0.000000 0.000000 111.553305
1 1.296860 6.000000 1.028605 0.019342 0.087496 0.088458 138.000000 5.000000 0.000000 20.000000 0.000000 0.000000 151.161222
1 1.894830 6.000000 1.444562 0.030225 0.142338 0.162658 140.000000 5.000000 3.000000 27.000000 0.000000 0.000000 133.617332
1 2.549030 6.000000 1.759599 0.062628 0.291399 0.192510 180.000000 5.000000 8.000000 96.000000 0.000000 0.000000 132.843057
1 1.621488 6.000000 1.159321 0.037052 0.168169 0.111816 169.000000 5.000000 8.000000 48.000000 0.000000 0.000000 170.803530
1 1.266656 6.000000 1.018375 0.018342 0.084721 0.072885 119.000000 5.000000 11.000000 12.000000 0.000000 0.000000 128.342334
1 1.684154 6.000000 1.069142 0.046928 0.229716 0.165196 135.000000 5.000000 20.000000 27.000000 0.000000 0.000000 138.113109
1 2.577535 6.000000 1.790614 0.062652 0.287174 0.177197 151.000000 5.000000 12.000000 51.000000 0.000000 0.000000 145.288555
1 1.791070 6.000000 1.475282 0.022484 0.102174 0.102443 133.000000 5.000000 17.000000 16.000000 0.000000 0.000000 133.620930
1 1.271479 6.000000 1.060907 0.013451 0.065096 0.078171 115.000000 5.000000 0.000000 15.000000 0.000000 0.000000 119.655697
1 1.204209 6.000000 1.019831 0.012273 0.061185 0.064765 104.000000 5.000000 4.000000 20.000000 0.000000 0.000000 113.554199
1 1.296022 6.000000 0.953288 0.029999 0.129926 0.078444 130.000000 5.000000 4.000000 53.000000 0.000000 0.000000 137.181837
1 1.217143 6.000000 1.013238 0.014461 0.068166 0.065980 109.000000 5.000000 0.000000 21.000000 0.000000 0.000000 116.860354
1 1.657271 6.000000 1.075526 0.043020 0.225898 0.139972 207.000000 5.000000 18.000000 94.000000 0.000000 0.000000 172.010162
1 1.204380 6.000000 1.005166 0.012550 0.058059 0.079175 124.000000 5.000000 0.000000 10.000000 0.000000 0.000000 132.875758
1 1.244490 6.000000 1.015414 0.014715 0.075306 0.080474 128.000000 5.000000 0.000000 22.000000 0.000000 0.000000 114.257782
1 1.288914 6.000000 1.014989 0.019566 0.094513 0.079156 120.000000 5.000000 10.000000 29.000000 0.000000 0.000000 123.918266
1 2.295338 6.000000 1.687456 0.048505 0.227036 0.158982 113.000000 5.000000 3.000000 277.000000 0.000000 0.000000 117.854209
1 4.935626 6.000000 2.183592 0.263370 1.190802 0.286999 261.000000 5.000000 6.000000 250.000000 0.000000 0.000000 145.727928
1 1.770664 6.000000 1.555382 0.014242 0.069657 0.072007 111.000000 5.000000 0.000000 28.000000 0.000000 0.000000 116.573400
1 1.275169 6.000000 1.032007 0.017063 0.080052 0.076408 123.000000 5.000000 23.000000 19.000000 0.000000 0.000000 132.436304
1 1.826464 6.000000 1.469902 0.022626 0.121195 0.109079 145.000000 5.000000 3.000000 39.000000 0.000000 0.000000 125.550396
1 2.700275 6.000000 1.650369 0.092684 0.416112 0.210975 170.000000 5.000000 39.000000 89.000000 0.000000 0.000000 141.030787
1 2.328329 6.000000 2.130688 0.011933 0.056712 0.078922 115.000000 5.000000 0.000000 15.000000 0.000000 0.000000 114.802759
1 1.693623 6.000000 1.461292 0.015465 0.071598 0.084055 131.000000 5.000000 0.000000 15.000000 0.000000 0.000000 122.378827
1 1.222334 6.000000 0.999447 0.014908 0.073874 0.072656 112.000000 5.000000 0.000000 17.000000 0.000000 0.000000 123.127635
1 2.560191 6.000000 1.603318 0.074473 0.380659 0.217677 197.000000 5.000000 14.000000 98.000000 0.000000 0.000000 157.931522
1 2.042379 6.000000 1.773620 0.018851 0.090013 0.084283 117.000000 5.000000 0.000000 16.000000 0.000000 0.000000 125.269912
1 1.636385 6.000000 1.129826 0.045098 0.184516 0.114556 172.000000 5.000000 11.000000 88.000000 0.000000 0.000000 155.855460
1 1.360714 6.000000 1.011398 0.028048 0.127718 0.086364 135.000000 5.000000 2.000000 71.000000 0.000000 0.000000 128.260608
1 1.833947 6.000000 1.409610 0.030499 0.131758 0.151918 136.000000 5.000000 10.000000 10.000000 0.000000 0.000000 147.036258
1 2.322818 6.000000 1.776548 0.044105 0.210064 0.126107 117.000000 5.000000 8.000000 33.000000 0.000000 0.000000 133.126483
1 1.508486 6.000000 1.253256 0.017180 0.082618 0.084741 131.000000 5.000000 0.000000 20.000000 0.000000 0.000000 136.878429
1 1.308090 6.000000 0.999961 0.025251 0.119525 0.074754 127.000000 5.000000 0.000000 263.000000 0.000000 0.000000 115.287697
1 1.410373 6.000000 1.011336 0.034239 0.154305 0.080504 130.000000 5.000000 18.000000 35.000000 0.000000 0.000000 122.169259
1 2.226232 6.000000 1.706408 0.037662 0.174155 0.165451 140.000000 5.000000 0.000000 38.000000 0.000000 0.000000 139.187350
1 2.213803 6.000000 1.752452 0.037576 0.164219 0.131055 143.000000 5.000000 6.000000 24.000000 0.000000 0.000000 136.746044
1 1.279208 6.000000 0.995844 0.021465 0.102708 0.074762 120.000000 5.000000 0.000000 33.000000 0.000000 0.000000 126.509068
1 1.272933 6.000000 1.003794 0.018918 0.090598 0.085391 125.000000 5.000000 0.000000 21.000000 0.000000 0.000000 131.158425
1 1.718142 6.000000 1.002992 0.051884 0.282058 0.155168 156.000000 5.000000 22.000000 63.000000 0.000000 0.000000 122.887007
1 2.739103 6.000000 1.785656 0.084611 0.358786 0.194541 183.000000 5.000000 21.000000 61.000000 0.000000 0.000000 147.935396
1 1.581014 6.000000 1.294843 0.021862 0.101074 0.081721 136.000000 5.000000 31.000000 10.000000 0.000000 0.000000 129.650658
1 1.291522 6.000000 1.022560 0.019397 0.086815 0.086533 135.000000 5.000000 4.000000 23.000000 0.000000 0.000000 133.855071
1 1.270533 6.000000 1.034768 0.016248 0.078627 0.074380 118.000000 5.000000 0.000000 42.000000 0.000000 0.000000 120.554481
1 2.220396 6.000000 1.536536 0.053383 0.257455 0.146655 130.000000 5.000000 3.000000 46.000000 0.000000 0.000000 129.302243
1 2.238011 6.000000 1.834512 0.027814 0.139851 0.124477 109.000000 5.000000 0.000000 23.000000 0.000000 0.000000 116.758004
1 1.516837 6.000000 1.028612 0.036030 0.181124 0.126036 190.000000 5.000000 20.000000 26.000000 0.000000 0.000000 186.755061
1 1.352269 6.000000 1.037263 0.022541 0.108198 0.096411 134.000000 5.000000 25.000000 19.000000 0.000000 0.000000 137.402534
1 1.419865 6.000000 1.058675 0.024940 0.120647 0.123389 112.000000 5.000000 0.000000 28.000000 0.000000 0.000000 118.673585
1 2.699726 6.000000 1.778228 0.068635 0.341467 0.220375 199.000000 5.000000 20.000000 64.000000 0.000000 0.000000 167.611855
1 1.600726 6.000000 1.404399 0.013620 0.062254 0.067352 107.000000 5.000000 0.000000 26.000000 0.000000 0.000000 114.759288
1 1.320017 6.000000 1.020229 0.020145 0.100453 0.092486 140.000000 5.000000 0.000000 47.000000 0.000000 0.000000 122.504973
1 1.345326 6.000000 1.035685 0.025499 0.110325 0.079521 127.000000 5.000000 1.000000 30.000000 0.000000 0.000000 142.688438
1 2.139040 6.000000 1.393487 0.075250 0.286809 0.142348 127.000000 5.000000 37.000000 17.000000 0.000000 0.000000 143.649673
1 2.306163 6.000000 1.793570 0.042898 0.178215 0.140419 135.000000 5.000000 3.000000 23.000000 0.000000 0.000000 150.629375
1 1.531849 6.000000 1.078096 0.034250 0.162404 0.118097 175.000000 5.000000 14.000000 45.000000 0.000000 0.000000 139.665531
1 1.249189 6.000000 1.035043 0.015124 0.072421 0.071170 113.000000 5.000000 0.000000 21.000000 0.000000 0.000000 117.917144
1 1.633609 6.000000 1.040227 0.049094 0.212649 0.150690 167.000000 5.000000 0.000000 61.000000 0.000000 0.000000 149.265313
1 3.710624 8.000000 1.865245 0.151735 0.689607 0.492012 269.000000 5.000000 96.000000 58.000000 0.000000 0.000000 146.186086
1 1.548711 8.000000 1.053587 0.034212 0.167380 0.171654 197.000000 5.000000 12.000000 37.000000 0.000000 0.000000 146.311108
1 1.535364 8.000000 1.022995 0.033879 0.180139 0.166709 182.000000 5.000000 24.000000 44.000000 0.000000 0.000000 139.446815
1 1.880917 8.000000 1.234676 0.043857 0.201684 0.248281 157.000000 5.000000 3.000000 24.000000 0.000000 0.000000 135.621015
1 2.827211 8.000000 1.845262 0.066564 0.353702 0.306242 177.000000 5.000000 34.000000 33.000000 0.000000 0.000000 148.687565
1 1.678522 8.000000 1.064720 0.040400 0.225411 0.175149 196.000000 5.000000 28.000000 69.000000 0.000000 0.000000 127.062702
1 1.668400 8.000000 1.023426 0.043335 0.210724 0.221725 207.000000 5.000000 13.000000 58.000000 0.000000 0.000000 158.294734
1 2.018283 8.000000 1.300433 0.044592 0.237093 0.263731 164.000000 5.000000 7.000000 55.000000 0.000000 0.000000 118.286607
1 3.041073 8.000000 1.787573 0.113233 0.492228 0.274824 187.000000 5.000000 26.000000 30.000000 0.000000 0.000000 136.974740
1 1.394233 8.000000 1.026338 0.025807 0.128420 0.123201 137.000000 5.000000 0.000000 97.000000 0.000000 0.000000 120.142652
1 1.572297 8.000000 1.037344 0.037843 0.184072 0.172020 181.000000 5.000000 50.000000 22.000000 0.000000 0.000000 137.656165
1 2.353102 8.000000 1.355305 0.075234 0.351347 0.293653 185.000000 5.000000 32.000000 22.000000 0.000000 0.000000 136.023415
1 2.493653 8.000000 1.842947 0.039318 0.214560 0.239875 180.000000 5.000000 32.000000 37.000000 0.000000 0.000000 119.412208
1 1.417316 8.000000 1.013010 0.026859 0.133055 0.147458 164.000000 5.000000 30.000000 31.000000 0.000000 0.000000 128.267827
1 1.457605 8.000000 1.013279 0.031507 0.147308 0.148668 168.000000 5.000000 0.000000 34.000000 0.000000 0.000000 133.868193
1 4.698329 8.000000 1.208841 0.254559 1.348329 0.819483 502.000000 5.000000 36.000000 390.000000 0.000000 0.000000 163.694964
1 1.665237 8.000000 1.235336 0.028118 0.136369 0.165899 157.000000 5.000000 7.000000 24.000000 0.000000 0.000000 130.829628
1 1.490107 8.000000 1.073167 0.024529 0.133228 0.163149 173.000000 5.000000 2.000000 31.000000 0.000000 0.000000 134.526154
1 1.728257 8.000000 1.166026 0.031881 0.169565 0.234362 137.000000 5.000000 4.000000 20.000000 0.000000 0.000000 116.152228
1 4.756186 8.000000 1.885676 0.310436 1.267471 0.296851 264.000000 5.000000 3.000000 5843.000000 0.000000 0.000000 133.223302
1 2.177232 8.000000 1.010480 0.092825 0.477813 0.252350 277.000000 5.000000 19.000000 201.000000 0.000000 0.000000 165.493551
1 2.346931 8.000000 1.621312 0.048908 0.248016 0.242879 155.000000 5.000000 0.000000 59.000000 0.000000 0.000000 119.025019
1 2.793653 8.000000 1.802657 0.065761 0.373437 0.267174 267.000000 5.000000 2.000000 151.000000 0.000000 0.000000 133.976769
1 2.388539 8.000000 1.010496 0.135137 0.577958 0.234082 242.000000 5.000000 28.000000 91.000000 0.000000 0.000000 161.361619
1 2.292038 8.000000 1.394945 0.061869 0.304316 0.306772 188.000000 5.000000 7.000000 48.000000 0.000000 0.000000 158.661005
1 3.032501 8.000000 1.780311 0.083672 0.412729 0.444733 326.000000 5.000000 24.000000 67.000000 0.000000 0.000000 215.751159
1 1.364575 8.000000 1.009530 0.023219 0.112758 0.135872 146.000000 5.000000 3.000000 25.000000 0.000000 0.000000 124.500198
1 1.345261 8.000000 1.006773 0.021115 0.104554 0.131203 148.000000 5.000000 0.000000 38.000000 0.000000 0.000000 115.053558
1 2.453405 8.000000 1.449202 0.066392 0.334858 0.346574 192.000000 5.000000 10.000000 52.000000 0.000000 0.000000 138.376487
1 2.869257 8.000000 1.805062 0.077765 0.378325 0.313516 274.000000 5.000000 29.000000 73.000000 0.000000 0.000000 207.504412
1 1.606010 8.000000 1.103552 0.035029 0.179893 0.164312 182.000000 5.000000 5.000000 36.000000 0.000000 0.000000 149.766194
1 3.625419 8.000000 1.010776 0.179485 1.079083 0.539727 392.000000 5.000000 9.000000 389.000000 0.000000 0.000000 141.449330
1 2.588176 8.000000 1.840608 0.052015 0.261931 0.239690 207.000000 5.000000 30.000000 72.000000 0.000000 0.000000 151.895372
1 1.568244 8.000000 1.120755 0.029643 0.149968 0.152258 167.000000 5.000000 9.000000 46.000000 0.000000 0.000000 139.062107
1 1.370515 8.000000 0.998863 0.022269 0.119630 0.139114 156.000000 5.000000 12.000000 22.000000 0.000000 0.000000 118.629939
1 2.823273 8.000000 1.572738 0.088176 0.454443 0.356920 213.000000 5.000000 14.000000 69.000000 0.000000 0.000000 159.303868
1 2.343249 8.000000 1.665456 0.048615 0.254648 0.189246 187.000000 5.000000 0.000000 116.000000 0.000000 0.000000 126.017094
1 1.436332 8.000000 1.046688 0.026211 0.132450 0.134223 155.000000 5.000000 7.000000 31.000000 0.000000 0.000000 129.549181
1 2.011692 8.000000 1.055677 0.069779 0.348899 0.253456 228.000000 5.000000 23.000000 67.000000 0.000000 0.000000 158.186120
1 2.558510 8.000000 1.750396 0.056343 0.289838 0.239459 153.000000 5.000000 6.000000 59.000000 0.000000 0.000000 117.761941
1 2.634512 8.000000 1.510955 0.093155 0.420457 0.283115 265.000000 5.000000 36.000000 125.000000 0.000000 0.000000 148.511334
1 1.600816 8.000000 1.065190 0.037576 0.183715 0.177659 197.000000 5.000000 0.000000 101.000000 0.000000 0.000000 128.352671
1 1.961828 8.000000 1.205663 0.045569 0.255698 0.255125 160.000000 5.000000 22.000000 37.000000 0.000000 0.000000 115.270798
1 3.156500 8.000000 1.809270 0.110168 0.532366 0.333877 208.000000 5.000000 54.000000 50.000000 0.000000 0.000000 147.281929
1 1.675356 8.000000 1.147609 0.036638 0.184700 0.170297 191.000000 5.000000 3.000000 42.000000 0.000000 0.000000 149.181288
1 2.176549 8.000000 1.492648 0.046173 0.232952 0.216236 199.000000 5.000000 28.000000 49.000000 0.000000 0.000000 123.757896
1 2.830330 8.000000 1.879386 0.064218 0.343331 0.307618 196.000000 5.000000 0.000000 72.000000 0.000000 0.000000 145.535062
1 1.925786 8.000000 1.409055 0.037600 0.186001 0.158179 175.000000 5.000000 11.000000 145.000000 0.000000 0.000000 131.457028
1 1.582834 8.000000 1.016063 0.042325 0.199166 0.177617 199.000000 5.000000 2.000000 50.000000 0.000000 0.000000 157.824512
1 1.593742 8.000000 1.017107 0.043865 0.189815 0.204336 186.000000 5.000000 15.000000 24.000000 0.000000 0.000000 149.888170
1 2.825116 8.000000 1.881206 0.062044 0.325961 0.305704 195.000000 5.000000 10.000000 66.000000 0.000000 0.000000 130.876537
1 1.967477 8.000000 1.465181 0.034553 0.173388 0.164131 159.000000 5.000000 3.000000 56.000000 0.000000 0.000000 122.578298
1 1.664167 8.000000 1.079428 0.038254 0.206203 0.186869 189.000000 5.000000 14.000000 76.000000 0.000000 0.000000 120.039399
1 2.040344 8.000000 1.036480 0.067899 0.382079 0.262426 192.000000 5.000000 0.000000 112.000000 0.000000 0.000000 126.628949
1 3.213410 8.000000 1.809904 0.108521 0.494399 0.421434 244.000000 5.000000 61.000000 44.000000 0.000000 0.000000 163.899248
1 1.433820 8.000000 1.055037 0.027740 0.130130 0.124592 146.000000 5.000000 4.000000 33.000000 0.000000 0.000000 120.054305
1 1.699671 8.000000 1.003967 0.058213 0.263096 0.178233 193.000000 5.000000 27.000000 73.000000 0.000000 0.000000 139.300532
1 1.899188 8.000000 1.185808 0.044987 0.236100 0.254095 161.000000 5.000000 15.000000 28.000000 0.000000 0.000000 119.108747
1 2.956882 8.000000 1.771543 0.085301 0.433578 0.359430 233.000000 5.000000 12.000000 95.000000 0.000000 0.000000 155.237832
1 2.670533 8.000000 1.042340 0.120560 0.618427 0.435550 423.000000 5.000000 28.000000 234.000000 0.000000 0.000000 187.566465
1 2.317536 10.000000 1.037564 0.072752 0.391540 0.529059 269.000000 5.000000 9.000000 96.000000 0.000000 0.000000 144.616106
1 4.052404 10.000000 1.821043 0.155638 0.834237 0.648975 436.000000 5.000000 28.000000 240.000000 0.000000 0.000000 193.061369
1 1.975469 10.000000 1.023895 0.061370 0.310152 0.348200 289.000000 5.000000 12.000000 75.000000 0.000000 0.000000 168.058283
1 3.280291 10.000000 1.881705 0.069409 0.402206 0.641712 264.000000 5.000000 10.000000 75.000000 0.000000 0.000000 127.605445
1 3.478289 10.000000 1.695505 0.119860 0.661116 0.557506 388.000000 5.000000 46.000000 216.000000 0.000000 0.000000 155.252839
1 1.920206 10.000000 1.037447 0.054577 0.290244 0.338150 271.000000 5.000000 22.000000 78.000000 0.000000 0.000000 155.663046
1 4.333619 10.000000 2.532785 0.114302 0.597427 0.640237 320.000000 5.000000 48.000000 107.000000 0.000000 0.000000 148.703212
1 2.192688 10.000000 1.020767 0.076502 0.413103 0.390619 316.000000 5.000000 28.000000 107.000000 0.000000 0.000000 161.481188
1 3.402855 10.000000 1.012342 0.140093 0.872818 0.792147 436.000000 5.000000 9.000000 255.000000 0.000000 0.000000 133.251056
1 2.988023 10.000000 1.817332 0.075154 0.388333 0.435019 287.000000 5.000000 21.000000 62.000000 0.000000 0.000000 167.334539
1 2.597962 10.000000 1.055727 0.102933 0.553086 0.509671 404.000000 5.000000 106.000000 240.000000 0.000000 0.000000 143.439338
1 2.646605 10.000000 1.436433 0.078739 0.383474 0.472674 222.000000 5.000000 15.000000 43.000000 0.000000 0.000000 144.516257
1 2.653048 10.000000 1.805063 0.053410 0.286306 0.302062 224.000000 5.000000 0.000000 77.000000 0.000000 0.000000 132.461722
1 2.404295 10.000000 1.039069 0.094732 0.444571 0.499819 402.000000 5.000000 113.000000 101.000000 0.000000 0.000000 171.829208
1 2.365582 10.000000 1.275204 0.063858 0.340373 0.449943 203.000000 5.000000 17.000000 38.000000 0.000000 0.000000 135.347125
1 3.026726 10.000000 1.858634 0.086039 0.411494 0.378827 209.000000 5.000000 2.000000 40.000000 0.000000 0.000000 146.636014
1 1.815771 10.000000 1.042310 0.047902 0.243073 0.308640 249.000000 5.000000 9.000000 64.000000 0.000000 0.000000 148.790836
1 13.700910 10.000000 1.030102 0.886396 5.387735 2.230506 1534.000000 5.000000 552.000000 3529.000000 0.000000 0.000000 137.714299
1 8.248902 10.000000 1.811207 0.419556 2.480121 1.661145 1046.000000 5.000000 146.000000 1200.000000 0.000000 0.000000 187.000443
1 1.831014 10.000000 0.958191 0.053314 0.284604 0.330922 280.000000 5.000000 46.000000 56.000000 0.000000 0.000000 158.014911
1 1.951441 10.000000 0.980216 0.064930 0.333581 0.338354 280.000000 5.000000 38.000000 88.000000 0.000000 0.000000 153.297596
1 1.883213 10.000000 0.990293 0.057904 0.315852 0.282575 236.000000 5.000000 8.000000 85.000000 0.000000 0.000000 137.095686
1 3.649325 10.000000 1.429116 0.148733 0.799758 0.711204 320.000000 5.000000 36.000000 135.000000 0.000000 0.000000 155.945261
1 3.638362 10.000000 2.113015 0.087608 0.471360 0.630209 263.000000 5.000000 10.000000 66.000000 0.000000 0.000000 154.591045
1 3.511493 10.000000 1.799981 0.111202 0.575203 0.613856 361.000000 5.000000 50.000000 138.000000 0.000000 0.000000 158.272743
1 2.552247 10.000000 1.182582 0.109281 0.511693 0.374672 280.000000 5.000000 51.000000 63.000000 0.000000 0.000000 169.269189
1 2.196952 10.000000 0.947322 0.080035 0.420611 0.461145 370.000000 5.000000 122.000000 120.000000 0.000000 0.000000 148.636003
1 2.524823 10.000000 1.004707 0.100529 0.567566 0.457812 389.000000 5.000000 28.000000 290.000000 0.000000 0.000000 149.302268
1 1.896473 10.000000 1.027423 0.057044 0.281556 0.329395 265.000000 5.000000 16.000000 60.000000 0.000000 0.000000 158.732890
1 1.848360 10.000000 1.018528 0.058462 0.284994 0.282829 226.000000 5.000000 14.000000 43.000000 0.000000 0.000000 155.193638
1 4.691055 10.000000 2.192479 0.151515 0.902527 0.818989 311.000000 5.000000 41.000000 161.000000 0.000000 0.000000 153.960502
1 4.914139 10.000000 1.841463 0.182760 1.045039 1.007444 550.000000 5.000000 154.000000 269.000000 0.000000 0.000000 144.400101
1 1.885000 10.000000 1.055900 0.055024 0.284446 0.284151 235.000000 5.000000 17.000000 71.000000 0.000000 0.000000 145.675873
1 1.795247 10.000000 0.942990 0.055965 0.280238 0.317383 263.000000 5.000000 17.000000 52.000000 0.000000 0.000000 168.140729
1 1.986410 10.000000 1.004419 0.061047 0.324853 0.368939 291.000000 5.000000 75.000000 63.000000 0.000000 0.000000 144.351676
1 2.386048 10.000000 1.024089 0.090206 0.491107 0.445612 346.000000 5.000000 42.000000 215.000000 0.000000 0.000000 138.379225
1 1.607229 10.000000 1.037874 0.034665 0.174980 0.223591 187.000000 5.000000 11.000000 26.000000 0.000000 0.000000 131.838751
1 3.978548 10.000000 1.734140 0.151931 0.789054 0.758305 304.000000 5.000000 83.000000 92.000000 0.000000 0.000000 155.556819
1 3.029288 10.000000 1.905637 0.062265 0.340056 0.480367 221.000000 5.000000 26.000000 40.000000 0.000000 0.000000 126.304277
1 2.675131 10.000000 1.683594 0.056676 0.316779 0.397792 282.000000 5.000000 23.000000 83.000000 0.000000 0.000000 143.352516
1 1.593044 10.000000 0.999876 0.033044 0.175794 0.258262 204.000000 5.000000 7.000000 63.000000 0.000000 0.000000 125.897829
1 3.227756 10.000000 1.713701 0.089685 0.478096 0.605104 277.000000 5.000000 1.000000 82.000000 0.000000 0.000000 152.157556
1 2.935144 10.000000 1.793218 0.084421 0.402605 0.359710 251.000000 5.000000 9.000000 125.000000 0.000000 0.000000 146.954591
1 2.291822 10.000000 1.030370 0.074992 0.406195 0.492251 331.000000 5.000000 44.000000 82.000000 0.000000 0.000000 178.310992
1 4.625138 10.000000 1.378803 0.265642 1.220715 0.856351 377.000000 5.000000 89.000000 89.000000 0.000000 0.000000 174.987196
1 2.134987 10.000000 1.030772 0.072657 0.384892 0.382494 311.000000 5.000000 15.000000 163.000000 0.000000 0.000000 156.102722
1 2.194938 10.000000 1.003921 0.086228 0.409076 0.381322 278.000000 5.000000 76.000000 84.000000 0.000000 0.000000 148.478968
1 3.103550 10.000000 1.796149 0.076473 0.407405 0.537867 255.000000 5.000000 39.000000 44.000000 0.000000 0.000000 148.124171
1 2.697226 10.000000 1.284643 0.092960 0.510929 0.445981 334.000000 5.000000 17.000000 210.000000 0.000000 0.000000 154.872989
1 1.831214 10.000000 1.025340 0.050652 0.265609 0.297401 247.000000 5.000000 23.000000 46.000000 0.000000 0.000000 153.310868
1 2.566293 10.000000 0.922424 0.117336 0.589632 0.511383 417.000000 5.000000 76.000000 162.000000 0.000000 0.000000 153.357484
1 1.623728 10.000000 0.969286 0.038332 0.189930 0.292858 245.000000 5.000000 8.000000 30.000000 0.000000 0.000000 143.591747
1 1.680499 10.000000 1.019269 0.038067 0.197821 0.279976 232.000000 5.000000 4.000000 47.000000 0.000000 0.000000 153.791525
1 9.102586 10.000000 1.030376 0.539376 3.123661 2.136593 967.000000 5.000000 136.000000 944.000000 0.000000 0.000000 187.361758
1 2.499297 10.000000 1.487640 0.065442 0.340469 0.366405 270.000000 5.000000 13.000000 78.000000 0.000000 0.000000 156.018445
1 1.899169 10.000000 1.067224 0.049266 0.277163 0.302162 253.000000 5.000000 12.000000 76.000000 0.000000 0.000000 146.090174
1 3.641506 10.000000 1.567617 0.133628 0.670477 0.763889 332.000000 5.000000 63.000000 79.000000 0.000000 0.000000 174.371767
1 2.566049 10.000000 1.434973 0.072686 0.368892 0.420221 283.000000 5.000000 27.000000 78.000000 0.000000 0.000000 157.688548
1 1.973720 10.000000 1.091259 0.057919 0.309292 0.298750 253.000000 5.000000 17.000000 72.000000 0.000000 0.000000 162.432046
1 3.578853 10.000000 1.690262 0.109224 0.632922 0.709688 329.000000 5.000000 48.000000 100.000000 0.000000 0.000000 149.734669
