1 1.905647 1.000000 1.814910 0.043590 0.013682 -1.000000 -1.000000 -1.000000 0.000000 90.000000 -1.000000 1.000000 127.502138
1 1.689451 1.000000 1.551896 0.066978 0.019541 -1.000000 -1.000000 -1.000000 0.000000 127.000000 -1.000000 1.000000 128.205729
1 1.216977 1.000000 1.108742 0.052810 0.015952 -1.000000 -1.000000 -1.000000 0.000000 118.000000 -1.000000 1.000000 157.873656
1 1.154507 1.000000 1.090160 0.027163 0.007955 -1.000000 -1.000000 -1.000000 0.000000 57.000000 -1.000000 1.000000 142.298707
1 1.323055 1.000000 1.251337 0.033581 0.008943 -1.000000 -1.000000 -1.000000 0.000000 34.000000 -1.000000 1.000000 182.789415
1 1.877324 1.000000 1.810979 0.029825 0.009618 -1.000000 -1.000000 -1.000000 0.000000 41.000000 -1.000000 1.000000 136.136886
1 1.921053 1.000000 1.724889 0.089321 0.025568 -1.000000 -1.000000 -1.000000 0.000000 139.000000 -1.000000 1.000000 216.547690
1 1.124043 1.000000 1.077931 0.020819 0.006059 -1.000000 -1.000000 -1.000000 0.000000 25.000000 -1.000000 1.000000 143.867755
1 1.150784 1.000000 1.111047 0.018038 0.005098 -1.000000 -1.000000 -1.000000 0.000000 36.000000 -1.000000 1.000000 119.111033
1 1.262531 1.000000 1.136240 0.059992 0.018017 -1.000000 -1.000000 -1.000000 0.000000 99.000000 -1.000000 1.000000 131.463829
1 1.118583 1.000000 1.063948 0.026665 0.007608 -1.000000 -1.000000 -1.000000 0.000000 36.000000 -1.000000 1.000000 165.439705
1 1.179274 1.000000 1.126357 0.024570 0.008334 -1.000000 -1.000000 -1.000000 0.000000 70.000000 -1.000000 1.000000 159.756580
1 1.118456 1.000000 1.072325 0.020968 0.006307 -1.000000 -1.000000 -1.000000 0.000000 39.000000 -1.000000 1.000000 138.215575
1 1.116757 1.000000 1.079885 0.016710 0.004792 -1.000000 -1.000000 -1.000000 0.000000 14.000000 -1.000000 1.000000 151.346528
1 1.268261 1.000000 1.169305 0.042889 0.012786 -1.000000 -1.000000 -1.000000 0.000000 70.000000 -1.000000 1.000000 133.632351
1 1.258336 1.000000 1.158861 0.044986 0.013663 -1.000000 -1.000000 -1.000000 0.000000 67.000000 -1.000000 1.000000 137.429248
1 1.443331 1.000000 1.416610 0.012011 0.003114 -1.000000 -1.000000 -1.000000 0.000000 1.000000 -1.000000 1.000000 117.400832
1 2.289047 1.000000 2.200546 0.044277 0.012656 -1.000000 -1.000000 -1.000000 0.000000 48.000000 -1.000000 1.000000 130.616867
1 2.076354 1.000000 2.002496 0.034207 0.009856 -1.000000 -1.000000 -1.000000 0.000000 22.000000 -1.000000 1.000000 136.716110
1 1.993635 1.000000 1.909392 0.043228 0.012536 -1.000000 -1.000000 -1.000000 0.000000 41.000000 -1.000000 1.000000 106.750954
1 1.524064 1.000000 1.484504 0.018149 0.005276 -1.000000 -1.000000 -1.000000 0.000000 41.000000 -1.000000 1.000000 118.864769
1 1.147517 1.000000 1.087522 0.027550 0.008348 -1.000000 -1.000000 -1.000000 0.000000 49.000000 -1.000000 1.000000 106.933027
1 1.144854 1.000000 1.081393 0.028465 0.008451 -1.000000 -1.000000 -1.000000 0.000000 49.000000 -1.000000 1.000000 146.120276
1 1.312213 1.000000 1.223174 0.043684 0.012372 -1.000000 -1.000000 -1.000000 0.000000 52.000000 -1.000000 1.000000 161.889847
1 1.955785 1.000000 1.910948 0.021026 0.005978 -1.000000 -1.000000 -1.000000 0.000000 14.000000 -1.000000 1.000000 143.900869
1 1.879015 1.000000 1.829482 0.024106 0.006800 -1.000000 -1.000000 -1.000000 0.000000 45.000000 -1.000000 1.000000 133.864297
1 1.340130 1.000000 1.260516 0.036650 0.009974 -1.000000 -1.000000 -1.000000 0.000000 94.000000 -1.000000 1.000000 168.696765
1 1.289478 1.000000 1.245552 0.020651 0.006171 -1.000000 -1.000000 -1.000000 0.000000 19.000000 -1.000000 1.000000 122.824239
1 1.157825 1.000000 1.073745 0.040153 0.011991 -1.000000 -1.000000 -1.000000 0.000000 134.000000 -1.000000 1.000000 140.008258
1 1.109368 1.000000 1.057349 0.024710 0.007217 -1.000000 -1.000000 -1.000000 0.000000 32.000000 -1.000000 1.000000 148.031687
1 1.118060 1.000000 1.086684 0.014520 0.003993 -1.000000 -1.000000 -1.000000 0.000000 21.000000 -1.000000 1.000000 109.769782
1 1.136152 1.000000 1.091711 0.020800 0.006126 -1.000000 -1.000000 -1.000000 0.000000 38.000000 -1.000000 1.000000 129.592022
1 1.199979 1.000000 1.146741 0.025584 0.007578 -1.000000 -1.000000 -1.000000 0.000000 67.000000 -1.000000 1.000000 148.303506
1 1.200413 1.000000 1.116490 0.040629 0.012210 -1.000000 -1.000000 -1.000000 0.000000 57.000000 -1.000000 1.000000 183.647469
1 1.181207 1.000000 1.136826 0.020836 0.005786 -1.000000 -1.000000 -1.000000 0.000000 34.000000 -1.000000 1.000000 137.188273
1 1.780019 1.000000 1.568259 0.094740 0.029728 -1.000000 -1.000000 -1.000000 0.000000 105.000000 -1.000000 1.000000 136.788951
1 2.353410 1.000000 2.316131 0.018186 0.004987 -1.000000 -1.000000 -1.000000 0.000000 11.000000 -1.000000 1.000000 149.463780
1 1.917229 1.000000 1.869014 0.022782 0.006189 -1.000000 -1.000000 -1.000000 0.000000 32.000000 -1.000000 1.000000 129.828786
1 2.155893 1.000000 1.842068 0.144032 0.045186 -1.000000 -1.000000 -1.000000 0.000000 251.000000 -1.000000 1.000000 121.208403
1 1.345297 1.000000 1.254440 0.043227 0.012387 -1.000000 -1.000000 -1.000000 0.000000 75.000000 -1.000000 1.000000 166.680939
1 1.165266 1.000000 1.129291 0.016276 0.004861 -1.000000 -1.000000 -1.000000 0.000000 13.000000 -1.000000 1.000000 127.570709
1 1.163993 1.000000 1.104094 0.028562 0.007863 -1.000000 -1.000000 -1.000000 0.000000 34.000000 -1.000000 1.000000 117.476555
1 1.459945 1.000000 1.410085 0.022348 0.006739 -1.000000 -1.000000 -1.000000 0.000000 15.000000 -1.000000 1.000000 117.143845
1 1.964064 1.000000 1.880572 0.038912 0.011873 -1.000000 -1.000000 -1.000000 0.000000 53.000000 -1.000000 1.000000 132.834477
1 1.738351 1.000000 1.701665 0.017010 0.004621 -1.000000 -1.000000 -1.000000 0.000000 30.000000 -1.000000 1.000000 118.512385
1 1.131831 1.000000 1.113080 0.008834 0.002424 -1.000000 -1.000000 -1.000000 0.000000 4.000000 -1.000000 1.000000 113.163615
1 1.203820 1.000000 1.137153 0.029368 0.007902 -1.000000 -1.000000 -1.000000 0.000000 35.000000 -1.000000 1.000000 163.213416
1 1.352114 1.000000 1.272581 0.039955 0.011614 -1.000000 -1.000000 -1.000000 0.000000 55.000000 -1.000000 1.000000 120.522382
1 1.960183 1.000000 1.893143 0.030418 0.008701 -1.000000 -1.000000 -1.000000 0.000000 29.000000 -1.000000 1.000000 185.210232
1 1.858103 1.000000 1.772956 0.039588 0.011215 -1.000000 -1.000000 -1.000000 0.000000 88.000000 -1.000000 1.000000 160.432317
1 1.185347 1.000000 1.067555 0.053340 0.017449 -1.000000 -1.000000 -1.000000 0.000000 104.000000 -1.000000 1.000000 121.074469
1 1.222403 1.000000 1.117974 0.046864 0.013960 -1.000000 -1.000000 -1.000000 0.000000 82.000000 -1.000000 1.000000 138.758608
1 1.193422 1.000000 1.148620 0.021523 0.006617 -1.000000 -1.000000 -1.000000 0.000000 75.000000 -1.000000 1.000000 128.897531
1 2.081196 1.000000 1.903765 0.080200 0.022754 -1.000000 -1.000000 -1.000000 0.000000 87.000000 -1.000000 1.000000 165.939725
1 1.970421 1.000000 1.888139 0.039582 0.011722 -1.000000 -1.000000 -1.000000 0.000000 98.000000 -1.000000 1.000000 127.054424
1 1.195070 1.000000 1.108209 0.038863 0.011908 -1.000000 -1.000000 -1.000000 0.000000 107.000000 -1.000000 1.000000 135.443042
1 1.181951 1.000000 1.118678 0.028896 0.008519 -1.000000 -1.000000 -1.000000 0.000000 39.000000 -1.000000 1.000000 131.139776
1 1.203817 1.000000 1.122384 0.039406 0.011489 -1.000000 -1.000000 -1.000000 0.000000 69.000000 -1.000000 1.000000 202.353379
1 1.889827 1.000000 1.793439 0.043265 0.012970 -1.000000 -1.000000 -1.000000 0.000000 59.000000 -1.000000 1.000000 121.332869
1 2.027985 1.000000 1.960037 0.032618 0.009287 -1.000000 -1.000000 -1.000000 0.000000 33.000000 -1.000000 1.000000 107.092906
1 1.376626 2.000000 1.257704 0.056212 0.018241 -1.000000 -1.000000 -1.000000 0.000000 104.000000 -1.000000 1.000000 142.186823
1 1.247709 2.000000 1.123091 0.062368 0.018614 -1.000000 -1.000000 -1.000000 0.000000 162.000000 -1.000000 1.000000 161.260356
1 1.374293 2.000000 1.156410 0.100108 0.028998 -1.000000 -1.000000 -1.000000 0.000000 189.000000 -1.000000 1.000000 220.739133
1 1.177730 2.000000 1.091613 0.042054 0.012822 -1.000000 -1.000000 -1.000000 0.000000 92.000000 -1.000000 1.000000 146.229314
1 1.224899 2.000000 1.132490 0.043155 0.013199 -1.000000 -1.000000 -1.000000 0.000000 88.000000 -1.000000 1.000000 145.986994
1 1.209378 2.000000 1.114845 0.046198 0.014537 -1.000000 -1.000000 -1.000000 0.000000 98.000000 -1.000000 1.000000 128.568876
1 1.399916 2.000000 1.143505 0.122831 0.040678 -1.000000 -1.000000 -1.000000 71.000000 171.000000 -1.000000 1.000000 168.249555
1 1.193886 2.000000 1.114949 0.039654 0.012244 -1.000000 -1.000000 -1.000000 0.000000 77.000000 -1.000000 1.000000 135.637936
1 1.202071 2.000000 1.140481 0.029156 0.010012 -1.000000 -1.000000 -1.000000 0.000000 64.000000 -1.000000 1.000000 122.014625
1 2.478941 2.000000 1.658069 0.389164 0.119303 -1.000000 -1.000000 -1.000000 92.000000 245.000000 -1.000000 1.000000 123.186640
1 2.403258 2.000000 2.225047 0.087585 0.028614 -1.000000 -1.000000 -1.000000 0.000000 100.000000 -1.000000 1.000000 143.572622
1 2.051626 2.000000 1.878637 0.083593 0.027747 -1.000000 -1.000000 -1.000000 24.000000 81.000000 -1.000000 1.000000 156.786168
1 1.856411 2.000000 1.729485 0.062858 0.019332 -1.000000 -1.000000 -1.000000 3.000000 111.000000 -1.000000 1.000000 134.812557
1 1.206988 2.000000 1.047693 0.073460 0.021977 -1.000000 -1.000000 -1.000000 55.000000 49.000000 -1.000000 1.000000 132.549812
1 1.356337 2.000000 1.113681 0.115032 0.038673 -1.000000 -1.000000 -1.000000 1.000000 207.000000 -1.000000 1.000000 137.557903
1 1.473232 2.000000 1.282580 0.091054 0.029422 -1.000000 -1.000000 -1.000000 27.000000 122.000000 -1.000000 1.000000 115.187567
1 2.205409 2.000000 1.931713 0.129091 0.042021 -1.000000 -1.000000 -1.000000 92.000000 76.000000 -1.000000 1.000000 158.644365
1 1.732412 2.000000 1.577554 0.071873 0.021932 -1.000000 -1.000000 -1.000000 0.000000 167.000000 -1.000000 1.000000 129.299242
1 1.124878 2.000000 1.065723 0.029612 0.009227 -1.000000 -1.000000 -1.000000 0.000000 51.000000 -1.000000 1.000000 136.811051
1 1.205629 2.000000 1.034548 0.079408 0.023957 -1.000000 -1.000000 -1.000000 43.000000 151.000000 -1.000000 1.000000 193.685537
1 1.344733 2.000000 1.137267 0.101056 0.030614 -1.000000 -1.000000 -1.000000 3.000000 127.000000 -1.000000 1.000000 159.633963
1 2.056459 2.000000 1.841256 0.101672 0.031653 -1.000000 -1.000000 -1.000000 0.000000 141.000000 -1.000000 1.000000 118.686287
1 1.761901 2.000000 1.684564 0.040470 0.012381 -1.000000 -1.000000 -1.000000 0.000000 92.000000 -1.000000 1.000000 128.213668
1 1.222992 2.000000 1.121530 0.050655 0.017508 -1.000000 -1.000000 -1.000000 5.000000 111.000000 -1.000000 1.000000 124.038355
1 1.142401 2.000000 1.041156 0.051008 0.016161 -1.000000 -1.000000 -1.000000 0.000000 79.000000 -1.000000 1.000000 127.349084
1 1.129963 2.000000 1.039667 0.043961 0.015100 -1.000000 -1.000000 -1.000000 0.000000 99.000000 -1.000000 1.000000 115.010758
1 1.969682 2.000000 1.836741 0.066738 0.021313 -1.000000 -1.000000 -1.000000 0.000000 77.000000 -1.000000 1.000000 128.672939
1 1.996806 2.000000 1.898406 0.050020 0.014949 -1.000000 -1.000000 -1.000000 0.000000 78.000000 -1.000000 1.000000 129.139799
1 1.171674 2.000000 1.054780 0.057915 0.016268 -1.000000 -1.000000 -1.000000 0.000000 77.000000 -1.000000 1.000000 192.193612
1 1.173930 2.000000 1.058074 0.057872 0.017097 -1.000000 -1.000000 -1.000000 0.000000 99.000000 -1.000000 1.000000 172.198451
1 1.213268 2.000000 1.048726 0.081952 0.025970 -1.000000 -1.000000 -1.000000 47.000000 159.000000 -1.000000 1.000000 152.373046
1 1.997388 2.000000 1.788789 0.108797 0.034868 -1.000000 -1.000000 -1.000000 0.000000 152.000000 -1.000000 1.000000 141.688553
1 2.036995 2.000000 1.863247 0.084799 0.027853 -1.000000 -1.000000 -1.000000 0.000000 67.000000 -1.000000 1.000000 157.699865
1 1.511331 2.000000 1.237473 0.127937 0.040618 -1.000000 -1.000000 -1.000000 41.000000 244.000000 -1.000000 1.000000 167.027218
1 1.392908 2.000000 1.261948 0.064391 0.020518 -1.000000 -1.000000 -1.000000 5.000000 130.000000 -1.000000 1.000000 140.939163
1 1.361450 2.000000 1.249287 0.055205 0.016963 -1.000000 -1.000000 -1.000000 0.000000 125.000000 -1.000000 1.000000 126.521961
1 1.307029 2.000000 1.229116 0.036996 0.010860 -1.000000 -1.000000 -1.000000 0.000000 65.000000 -1.000000 1.000000 136.519727
1 1.518360 2.000000 1.252739 0.128528 0.042020 -1.000000 -1.000000 -1.000000 17.000000 180.000000 -1.000000 1.000000 159.577602
1 1.620512 2.000000 1.245072 0.183423 0.060329 -1.000000 -1.000000 -1.000000 60.000000 294.000000 -1.000000 1.000000 186.244201
1 1.406503 2.000000 1.242417 0.081623 0.026012 -1.000000 -1.000000 -1.000000 0.000000 154.000000 -1.000000 1.000000 143.680399
1 1.505126 2.000000 1.236028 0.124356 0.039304 -1.000000 -1.000000 -1.000000 11.000000 164.000000 -1.000000 1.000000 110.425941
1 1.777630 2.000000 1.244352 0.238406 0.083419 -1.000000 -1.000000 -1.000000 69.000000 299.000000 -1.000000 1.000000 123.935419
1 1.487805 2.000000 1.247123 0.114530 0.036229 -1.000000 -1.000000 -1.000000 0.000000 182.000000 -1.000000 1.000000 148.379118
1 1.471646 2.000000 1.294158 0.084978 0.025024 -1.000000 -1.000000 -1.000000 0.000000 163.000000 -1.000000 1.000000 141.901210
1 1.650538 2.000000 1.248933 0.188240 0.053743 -1.000000 -1.000000 -1.000000 41.000000 263.000000 -1.000000 1.000000 163.369384
1 1.369524 2.000000 1.279574 0.044937 0.014229 -1.000000 -1.000000 -1.000000 0.000000 77.000000 -1.000000 1.000000 129.796883
1 1.401496 2.000000 1.298720 0.048262 0.015247 -1.000000 -1.000000 -1.000000 0.000000 94.000000 -1.000000 1.000000 133.004037
1 1.328216 2.000000 1.240542 0.045312 0.013215 -1.000000 -1.000000 -1.000000 0.000000 73.000000 -1.000000 1.000000 130.540081
1 1.361364 2.000000 1.227460 0.068009 0.021465 -1.000000 -1.000000 -1.000000 0.000000 111.000000 -1.000000 1.000000 148.221021
1 1.266741 2.000000 1.176625 0.045854 0.015152 -1.000000 -1.000000 -1.000000 0.000000 109.000000 -1.000000 1.000000 137.608955
1 1.205638 2.000000 1.114615 0.042752 0.013076 -1.000000 -1.000000 -1.000000 0.000000 104.000000 -1.000000 1.000000 142.066400
1 1.119212 2.000000 0.987616 0.065029 0.021761 -1.000000 -1.000000 -1.000000 0.000000 158.000000 -1.000000 1.000000 146.617704
1 1.116097 2.000000 1.031678 0.042839 0.013186 -1.000000 -1.000000 -1.000000 0.000000 77.000000 -1.000000 1.000000 136.043913
1 1.306499 2.000000 1.103092 0.092989 0.028709 -1.000000 -1.000000 -1.000000 62.000000 153.000000 -1.000000 1.000000 152.519898
1 1.233585 2.000000 1.115134 0.055764 0.018484 -1.000000 -1.000000 -1.000000 0.000000 121.000000 -1.000000 1.000000 129.260565
1 1.224294 2.000000 1.040833 0.086591 0.023921 -1.000000 -1.000000 -1.000000 0.000000 216.000000 -1.000000 1.000000 169.303641
1 1.206646 2.000000 1.099331 0.053732 0.017087 -1.000000 -1.000000 -1.000000 0.000000 109.000000 -1.000000 1.000000 130.991408
1 1.317041 2.000000 1.073715 0.118827 0.034589 -1.000000 -1.000000 -1.000000 36.000000 181.000000 -1.000000 1.000000 156.806557
1 1.652487 2.000000 1.038176 0.292836 0.097867 -1.000000 -1.000000 -1.000000 103.000000 517.000000 -1.000000 1.000000 149.902725
1 1.139332 2.000000 1.047883 0.043396 0.015189 -1.000000 -1.000000 -1.000000 29.000000 69.000000 -1.000000 1.000000 134.227142
1 1.226775 4.000000 1.037160 0.097260 0.031593 -1.000000 -1.000000 -1.000000 3.000000 335.000000 -1.000000 1.000000 116.787087
1 1.151800 4.000000 1.029116 0.065955 0.021359 -1.000000 -1.000000 -1.000000 0.000000 136.000000 -1.000000 1.000000 141.642095
1 1.315295 4.000000 1.018517 0.152360 0.049612 -1.000000 -1.000000 -1.000000 81.000000 158.000000 -1.000000 1.000000 133.141316
1 1.147708 4.000000 1.029365 0.062471 0.020356 -1.000000 -1.000000 -1.000000 0.000000 138.000000 -1.000000 1.000000 118.272218
1 2.441513 4.000000 1.367896 0.551329 0.180623 -1.000000 -1.000000 -1.000000 108.000000 358.000000 -1.000000 1.000000 134.700677
1 2.067714 4.000000 1.832573 0.125456 0.040813 -1.000000 -1.000000 -1.000000 0.000000 153.000000 -1.000000 1.000000 121.376570
1 1.590959 4.000000 1.055276 0.276166 0.093431 -1.000000 -1.000000 -1.000000 248.000000 313.000000 -1.000000 1.000000 130.940147
1 1.240891 4.000000 1.058685 0.097515 0.029790 -1.000000 -1.000000 -1.000000 5.000000 213.000000 -1.000000 1.000000 137.805912
1 1.550254 4.000000 1.175865 0.198409 0.068429 -1.000000 -1.000000 -1.000000 15.000000 190.000000 -1.000000 1.000000 151.290192
1 2.218942 4.000000 1.891181 0.176618 0.060925 -1.000000 -1.000000 -1.000000 0.000000 136.000000 -1.000000 1.000000 159.928725
1 1.714393 4.000000 1.546210 0.090354 0.027800 -1.000000 -1.000000 -1.000000 0.000000 153.000000 -1.000000 1.000000 137.425290
1 1.369669 4.000000 1.082213 0.147613 0.048317 -1.000000 -1.000000 -1.000000 66.000000 266.000000 -1.000000 1.000000 151.412384
1 1.298933 4.000000 1.083005 0.110759 0.033261 -1.000000 -1.000000 -1.000000 47.000000 109.000000 -1.000000 1.000000 124.795115
1 3.046221 4.000000 1.616699 0.728056 0.234151 -1.000000 -1.000000 -1.000000 37.000000 274.000000 -1.000000 1.000000 169.023787
1 1.840371 4.000000 1.662474 0.095462 0.030339 -1.000000 -1.000000 -1.000000 0.000000 180.000000 -1.000000 1.000000 116.914667
1 1.200866 4.000000 1.071592 0.068930 0.023486 -1.000000 -1.000000 -1.000000 0.000000 207.000000 -1.000000 1.000000 107.736876
1 1.402178 4.000000 1.092183 0.165523 0.053566 -1.000000 -1.000000 -1.000000 85.000000 387.000000 -1.000000 1.000000 124.328850
1 1.772508 4.000000 1.434146 0.175307 0.057653 -1.000000 -1.000000 -1.000000 4.000000 194.000000 -1.000000 1.000000 126.918163
1 2.460678 4.000000 1.880234 0.302131 0.100347 -1.000000 -1.000000 -1.000000 111.000000 283.000000 -1.000000 1.000000 160.672834
1 1.474219 4.000000 1.217674 0.135799 0.046831 -1.000000 -1.000000 -1.000000 0.000000 190.000000 -1.000000 1.000000 142.624246
1 1.194029 4.000000 1.014383 0.095775 0.031318 -1.000000 -1.000000 -1.000000 34.000000 256.000000 -1.000000 1.000000 132.038726
1 1.123165 4.000000 0.996069 0.067386 0.022987 -1.000000 -1.000000 -1.000000 3.000000 268.000000 -1.000000 1.000000 120.825456
1 1.887759 4.000000 1.669996 0.117126 0.036508 -1.000000 -1.000000 -1.000000 0.000000 111.000000 -1.000000 1.000000 116.053810
1 2.023653 4.000000 1.791427 0.126021 0.042354 -1.000000 -1.000000 -1.000000 0.000000 264.000000 -1.000000 1.000000 103.429181
1 1.334039 4.000000 1.178591 0.081573 0.026864 -1.000000 -1.000000 -1.000000 0.000000 148.000000 -1.000000 1.000000 129.860924
1 1.310439 4.000000 1.071516 0.124361 0.038854 -1.000000 -1.000000 -1.000000 103.000000 173.000000 -1.000000 1.000000 115.530864
1 1.218930 4.000000 1.063997 0.079431 0.027037 -1.000000 -1.000000 -1.000000 31.000000 178.000000 -1.000000 1.000000 119.466103
1 1.409382 4.000000 1.055340 0.179464 0.061590 -1.000000 -1.000000 -1.000000 51.000000 357.000000 -1.000000 1.000000 110.350355
1 1.366990 4.000000 1.087538 0.143268 0.047059 -1.000000 -1.000000 -1.000000 38.000000 272.000000 -1.000000 1.000000 129.466100
1 1.271585 4.000000 1.068266 0.107932 0.035618 -1.000000 -1.000000 -1.000000 29.000000 184.000000 -1.000000 1.000000 107.802675
1 1.465734 4.000000 1.115374 0.176024 0.060150 -1.000000 -1.000000 -1.000000 55.000000 326.000000 -1.000000 1.000000 140.507647
1 1.396948 4.000000 1.093159 0.152921 0.057815 -1.000000 -1.000000 -1.000000 31.000000 378.000000 -1.000000 1.000000 137.690650
1 2.030162 4.000000 1.609870 0.222920 0.066138 -1.000000 -1.000000 -1.000000 0.000000 221.000000 -1.000000 1.000000 102.433230
1 2.570368 4.000000 2.213293 0.183324 0.064200 -1.000000 -1.000000 -1.000000 78.000000 131.000000 -1.000000 1.000000 133.788128
1 2.371853 4.000000 1.927741 0.233232 0.071215 -1.000000 -1.000000 -1.000000 0.000000 256.000000 -1.000000 1.000000 122.755722
1 1.976564 4.000000 1.759997 0.114906 0.040389 -1.000000 -1.000000 -1.000000 15.000000 175.000000 -1.000000 1.000000 113.986114
1 1.429111 4.000000 1.270175 0.082610 0.028388 -1.000000 -1.000000 -1.000000 17.000000 122.000000 -1.000000 1.000000 104.421046
1 1.722358 4.000000 1.294315 0.230431 0.073863 -1.000000 -1.000000 -1.000000 23.000000 641.000000 -1.000000 1.000000 153.119090
1 1.492345 4.000000 1.318104 0.092775 0.028922 -1.000000 -1.000000 -1.000000 0.000000 179.000000 -1.000000 1.000000 109.564491
1 1.473600 4.000000 1.305403 0.088573 0.028062 -1.000000 -1.000000 -1.000000 18.000000 126.000000 -1.000000 1.000000 116.160488
1 1.668563 4.000000 1.317656 0.186265 0.061081 -1.000000 -1.000000 -1.000000 67.000000 236.000000 -1.000000 1.000000 135.782838
1 1.446246 4.000000 1.274575 0.091858 0.028843 -1.000000 -1.000000 -1.000000 0.000000 157.000000 -1.000000 1.000000 118.645336
1 1.535352 4.000000 1.301994 0.122051 0.037255 -1.000000 -1.000000 -1.000000 13.000000 232.000000 -1.000000 1.000000 135.734517
1 1.474058 4.000000 1.287300 0.098060 0.033318 -1.000000 -1.000000 -1.000000 32.000000 95.000000 -1.000000 1.000000 119.928111
1 2.251374 4.000000 1.292885 0.496727 0.148384 -1.000000 -1.000000 -1.000000 173.000000 484.000000 -1.000000 1.000000 189.289654
1 1.704016 4.000000 1.309877 0.213435 0.070622 -1.000000 -1.000000 -1.000000 0.000000 370.000000 -1.000000 1.000000 144.833063
1 1.491032 4.000000 1.304428 0.097776 0.033015 -1.000000 -1.000000 -1.000000 36.000000 125.000000 -1.000000 1.000000 127.565876
1 1.465500 4.000000 1.297601 0.087104 0.028991 -1.000000 -1.000000 -1.000000 0.000000 198.000000 -1.000000 1.000000 111.622046
1 1.517014 4.000000 1.231966 0.149209 0.049182 -1.000000 -1.000000 -1.000000 139.000000 147.000000 -1.000000 1.000000 123.085900
1 1.403462 4.000000 1.252374 0.079610 0.025464 -1.000000 -1.000000 -1.000000 0.000000 140.000000 -1.000000 1.000000 118.978824
1 1.471039 4.000000 1.247443 0.121136 0.038704 -1.000000 -1.000000 -1.000000 0.000000 262.000000 -1.000000 1.000000 149.808057
1 1.528354 4.000000 1.207550 0.166981 0.053088 -1.000000 -1.000000 -1.000000 63.000000 421.000000 -1.000000 1.000000 121.020407
1 1.270155 4.000000 1.164358 0.056139 0.018013 -1.000000 -1.000000 -1.000000 21.000000 130.000000 -1.000000 1.000000 122.042141
1 1.065418 4.000000 0.909645 0.083227 0.026910 -1.000000 -1.000000 -1.000000 5.000000 191.000000 -1.000000 1.000000 114.788992
1 1.139818 4.000000 0.995500 0.076639 0.025308 -1.000000 -1.000000 -1.000000 10.000000 207.000000 -1.000000 1.000000 128.934882
1 1.405559 4.000000 1.024212 0.197884 0.064910 -1.000000 -1.000000 -1.000000 157.000000 335.000000 -1.000000 1.000000 157.002434
1 1.225538 4.000000 1.010930 0.113495 0.037968 -1.000000 -1.000000 -1.000000 29.000000 266.000000 -1.000000 1.000000 144.816034
1 1.237554 4.000000 1.074684 0.087217 0.027442 -1.000000 -1.000000 -1.000000 0.000000 163.000000 -1.000000 1.000000 123.541700
1 1.228555 4.000000 1.059260 0.092222 0.027860 -1.000000 -1.000000 -1.000000 0.000000 327.000000 -1.000000 1.000000 122.192727
1 1.269952 4.000000 1.073968 0.103797 0.033773 -1.000000 -1.000000 -1.000000 61.000000 183.000000 -1.000000 1.000000 125.674673
1 1.340128 6.000000 1.093443 0.129550 0.045684 -1.000000 -1.000000 -1.000000 0.000000 265.000000 -1.000000 1.000000 109.571248
1 1.522893 6.000000 1.054391 0.243325 0.087534 -1.000000 -1.000000 -1.000000 55.000000 373.000000 -1.000000 1.000000 153.423205
1 1.272299 6.000000 1.070873 0.103743 0.035771 -1.000000 -1.000000 -1.000000 17.000000 188.000000 -1.000000 1.000000 114.242044
1 1.292661 6.000000 1.060772 0.121317 0.042652 -1.000000 -1.000000 -1.000000 44.000000 340.000000 -1.000000 1.000000 107.106861
1 1.493138 6.000000 1.079932 0.214321 0.073953 -1.000000 -1.000000 -1.000000 74.000000 349.000000 -1.000000 1.000000 148.857279
1 1.251554 6.000000 1.027294 0.117940 0.040540 -1.000000 -1.000000 -1.000000 35.000000 201.000000 -1.000000 1.000000 123.179480
1 2.339385 6.000000 1.107050 0.635470 0.229305 -1.000000 -1.000000 -1.000000 108.000000 866.000000 -1.000000 1.000000 159.690056
1 2.466435 6.000000 1.924586 0.288820 0.097426 -1.000000 -1.000000 -1.000000 1.000000 482.000000 -1.000000 1.000000 123.498429
1 1.878038 6.000000 1.646949 0.119672 0.040117 -1.000000 -1.000000 -1.000000 16.000000 179.000000 -1.000000 1.000000 127.830401
1 1.374231 6.000000 1.124801 0.126504 0.044262 -1.000000 -1.000000 -1.000000 22.000000 166.000000 -1.000000 1.000000 120.119690
1 1.478387 6.000000 1.123978 0.183752 0.064437 -1.000000 -1.000000 -1.000000 23.000000 336.000000 -1.000000 1.000000 122.071124
1 2.195138 6.000000 1.931909 0.138081 0.046582 -1.000000 -1.000000 -1.000000 0.000000 129.000000 -1.000000 1.000000 111.566327
1 2.785918 6.000000 1.847309 0.484955 0.166418 -1.000000 -1.000000 -1.000000 319.000000 594.000000 -1.000000 1.000000 148.593423
1 1.393135 6.000000 1.110013 0.149338 0.051270 -1.000000 -1.000000 -1.000000 11.000000 302.000000 -1.000000 1.000000 131.824164
1 1.735835 6.000000 1.116310 0.329270 0.112492 -1.000000 -1.000000 -1.000000 121.000000 327.000000 -1.000000 1.000000 123.103395
1 2.407079 6.000000 1.972859 0.227908 0.078223 -1.000000 -1.000000 -1.000000 19.000000 323.000000 -1.000000 1.000000 119.922629
1 1.916897 6.000000 1.528224 0.201542 0.068128 -1.000000 -1.000000 -1.000000 93.000000 271.000000 -1.000000 1.000000 131.381411
1 1.267164 6.000000 1.090193 0.093170 0.030717 -1.000000 -1.000000 -1.000000 1.000000 133.000000 -1.000000 1.000000 124.203558
1 2.893241 6.000000 1.137599 0.891449 0.287368 -1.000000 -1.000000 -1.000000 146.000000 635.000000 -1.000000 1.000000 155.672992
1 2.374231 6.000000 1.897940 0.251119 0.081611 -1.000000 -1.000000 -1.000000 64.000000 263.000000 -1.000000 1.000000 115.595965
1 1.362278 6.000000 1.039494 0.165718 0.058028 -1.000000 -1.000000 -1.000000 62.000000 330.000000 -1.000000 1.000000 133.786185
1 1.487057 6.000000 1.058841 0.222965 0.080942 -1.000000 -1.000000 -1.000000 66.000000 420.000000 -1.000000 1.000000 142.658978
1 1.487790 6.000000 1.120512 0.192377 0.063000 -1.000000 -1.000000 -1.000000 0.000000 206.000000 -1.000000 1.000000 112.419953
1 2.141875 6.000000 1.832284 0.162821 0.056068 -1.000000 -1.000000 -1.000000 3.000000 205.000000 -1.000000 1.000000 115.666760
1 1.769375 6.000000 1.561068 0.110400 0.037360 -1.000000 -1.000000 -1.000000 11.000000 181.000000 -1.000000 1.000000 118.854254
1 1.555846 6.000000 1.032457 0.270840 0.101846 -1.000000 -1.000000 -1.000000 68.000000 417.000000 -1.000000 1.000000 144.522349
1 2.308893 6.000000 1.039382 0.644430 0.204045 -1.000000 -1.000000 -1.000000 99.000000 497.000000 -1.000000 1.000000 168.625919
1 3.068902 6.000000 1.842594 0.637869 0.222587 -1.000000 -1.000000 -1.000000 136.000000 431.000000 -1.000000 1.000000 124.694835
1 1.893195 6.000000 1.059196 0.428091 0.145944 -1.000000 -1.000000 -1.000000 244.000000 614.000000 -1.000000 1.000000 141.222744
1 1.295170 6.000000 1.080278 0.111623 0.036754 -1.000000 -1.000000 -1.000000 0.000000 178.000000 -1.000000 1.000000 123.191189
1 1.824650 6.000000 1.550174 0.146955 0.050059 -1.000000 -1.000000 -1.000000 22.000000 231.000000 -1.000000 1.000000 114.944338
1 2.258613 6.000000 1.926451 0.174060 0.059213 -1.000000 -1.000000 -1.000000 0.000000 205.000000 -1.000000 1.000000 112.120670
1 1.522799 6.000000 1.209839 0.160644 0.058288 -1.000000 -1.000000 -1.000000 33.000000 317.000000 -1.000000 1.000000 137.607630
1 1.189732 6.000000 1.010784 0.092604 0.031272 -1.000000 -1.000000 -1.000000 0.000000 198.000000 -1.000000 1.000000 114.768881
1 1.542771 6.000000 1.087828 0.238159 0.082948 -1.000000 -1.000000 -1.000000 60.000000 342.000000 -1.000000 1.000000 118.048947
1 2.237230 6.000000 1.943658 0.154254 0.053511 -1.000000 -1.000000 -1.000000 7.000000 158.000000 -1.000000 1.000000 111.859744
1 2.003407 6.000000 1.662717 0.179141 0.065599 -1.000000 -1.000000 -1.000000 2.000000 353.000000 -1.000000 1.000000 120.846041
1 1.286363 6.000000 1.115271 0.088466 0.031181 -1.000000 -1.000000 -1.000000 0.000000 120.000000 -1.000000 1.000000 122.835762
1 1.891975 6.000000 1.098567 0.397305 0.135765 -1.000000 -1.000000 -1.000000 107.000000 464.000000 -1.000000 1.000000 139.579746
1 2.614676 6.000000 1.038433 0.787393 0.298729 -1.000000 -1.000000 -1.000000 243.000000 1116.000000 -1.000000 1.000000 142.689555
1 1.232193 6.000000 1.065762 0.086438 0.029799 -1.000000 -1.000000 -1.000000 0.000000 150.000000 -1.000000 1.000000 111.978358
1 1.416531 6.000000 1.056892 0.183127 0.063629 -1.000000 -1.000000 -1.000000 51.000000 200.000000 -1.000000 1.000000 129.510150
1 1.293212 6.000000 1.082900 0.110272 0.035706 -1.000000 -1.000000 -1.000000 0.000000 175.000000 -1.000000 1.000000 128.318110
1 1.877636 6.000000 1.400116 0.252958 0.085908 -1.000000 -1.000000 -1.000000 5.000000 216.000000 -1.000000 1.000000 138.489765
1 3.061882 6.000000 2.265530 0.412706 0.143630 -1.000000 -1.000000 -1.000000 106.000000 308.000000 -1.000000 1.000000 143.022025
1 2.312124 6.000000 1.918356 0.206074 0.072412 -1.000000 -1.000000 -1.000000 3.000000 175.000000 -1.000000 1.000000 117.287104
1 1.883367 6.000000 1.650426 0.120515 0.042946 -1.000000 -1.000000 -1.000000 49.000000 188.000000 -1.000000 1.000000 124.121682
1 1.508343 6.000000 1.300289 0.109425 0.037792 -1.000000 -1.000000 -1.000000 10.000000 153.000000 -1.000000 1.000000 116.297492
1 1.756369 6.000000 1.230001 0.278842 0.097613 -1.000000 -1.000000 -1.000000 121.000000 351.000000 -1.000000 1.000000 167.762591
1 1.822368 6.000000 1.316234 0.254733 0.087565 -1.000000 -1.000000 -1.000000 70.000000 300.000000 -1.000000 1.000000 128.702807
1 1.630791 6.000000 1.258491 0.193408 0.065721 -1.000000 -1.000000 -1.000000 19.000000 247.000000 -1.000000 1.000000 133.182478
1 1.628217 6.000000 1.082876 0.270290 0.100582 -1.000000 -1.000000 -1.000000 88.000000 376.000000 -1.000000 1.000000 122.423690
1 1.276218 6.000000 1.081888 0.102263 0.035191 -1.000000 -1.000000 -1.000000 34.000000 170.000000 -1.000000 1.000000 120.071971
1 1.847672 6.000000 1.071674 0.392448 0.133538 -1.000000 -1.000000 -1.000000 144.000000 417.000000 -1.000000 1.000000 153.532552
1 1.404156 6.000000 1.138610 0.140884 0.048495 -1.000000 -1.000000 -1.000000 0.000000 398.000000 -1.000000 1.000000 109.928925
1 1.467885 6.000000 1.125586 0.180512 0.064319 -1.000000 -1.000000 -1.000000 35.000000 292.000000 -1.000000 1.000000 123.842739
1 2.244867 6.000000 1.911565 0.174601 0.058318 -1.000000 -1.000000 -1.000000 33.000000 253.000000 -1.000000 1.000000 104.496169
1 1.982386 6.000000 1.737664 0.128156 0.043060 -1.000000 -1.000000 -1.000000 3.000000 294.000000 -1.000000 1.000000 115.512751
1 1.413630 6.000000 1.053663 0.187241 0.069594 -1.000000 -1.000000 -1.000000 37.000000 358.000000 -1.000000 1.000000 141.108413
1 1.349959 6.000000 1.044147 0.158687 0.053748 -1.000000 -1.000000 -1.000000 26.000000 355.000000 -1.000000 1.000000 122.804779
1 3.475331 8.000000 1.637896 0.948790 0.346136 -1.000000 -1.000000 -1.000000 231.000000 663.000000 -1.000000 1.000000 124.659887
1 2.219505 8.000000 1.550211 0.342944 0.120080 -1.000000 -1.000000 -1.000000 137.000000 602.000000 -1.000000 1.000000 132.821301
1 2.617938 8.000000 1.252697 0.669125 0.258074 -1.000000 -1.000000 -1.000000 480.000000 1055.000000 -1.000000 1.000000 114.455059
1 1.824335 8.000000 1.075287 0.384912 0.137153 -1.000000 -1.000000 -1.000000 241.000000 792.000000 -1.000000 1.000000 135.419933
1 2.360301 8.000000 1.087038 0.643731 0.206517 -1.000000 -1.000000 -1.000000 209.000000 666.000000 -1.000000 1.000000 140.601605
1 1.425911 8.000000 1.047021 0.190201 0.067976 -1.000000 -1.000000 -1.000000 72.000000 307.000000 -1.000000 1.000000 130.814236
1 1.379216 8.000000 1.023467 0.184254 0.064706 -1.000000 -1.000000 -1.000000 58.000000 371.000000 -1.000000 1.000000 116.994332
1 2.950793 8.000000 2.038665 0.462871 0.166566 -1.000000 -1.000000 -1.000000 118.000000 373.000000 -1.000000 1.000000 121.931983
1 5.786444 8.000000 2.074862 1.840653 0.660594 -1.000000 -1.000000 -1.000000 560.000000 1270.000000 -1.000000 1.000000 134.350657
1 1.588310 8.000000 1.245124 0.176184 0.062599 -1.000000 -1.000000 -1.000000 41.000000 294.000000 -1.000000 1.000000 114.535657
1 1.793917 8.000000 1.197349 0.314166 0.114736 -1.000000 -1.000000 -1.000000 38.000000 482.000000 -1.000000 1.000000 150.557891
1 1.713040 8.000000 1.373500 0.174975 0.060629 -1.000000 -1.000000 -1.000000 64.000000 249.000000 -1.000000 1.000000 115.349058
1 1.638178 8.000000 1.045725 0.300488 0.106215 -1.000000 -1.000000 -1.000000 85.000000 479.000000 -1.000000 1.000000 136.120994
1 2.212792 8.000000 1.068448 0.575655 0.194808 -1.000000 -1.000000 -1.000000 170.000000 947.000000 -1.000000 1.000000 146.785648
1 3.945706 8.000000 1.075754 1.427887 0.515454 -1.000000 -1.000000 -1.000000 385.000000 1110.000000 -1.000000 1.000000 148.214669
1 3.929466 8.000000 2.092799 0.925292 0.302554 -1.000000 -1.000000 -1.000000 213.000000 608.000000 -1.000000 1.000000 153.180044
1 1.998315 8.000000 1.663604 0.173070 0.060417 -1.000000 -1.000000 -1.000000 26.000000 303.000000 -1.000000 1.000000 106.450568
1 2.180639 8.000000 1.587960 0.297949 0.112740 -1.000000 -1.000000 -1.000000 50.000000 524.000000 -1.000000 1.000000 126.973076
1 3.161682 8.000000 2.151860 0.507089 0.191772 -1.000000 -1.000000 -1.000000 163.000000 454.000000 -1.000000 1.000000 125.331031
1 2.457665 8.000000 1.764557 0.352224 0.124952 -1.000000 -1.000000 -1.000000 137.000000 521.000000 -1.000000 1.000000 116.093782
1 2.244042 8.000000 1.119423 0.571454 0.208569 -1.000000 -1.000000 -1.000000 406.000000 842.000000 -1.000000 1.000000 146.502634
1 2.073030 8.000000 1.537156 0.270208 0.097324 -1.000000 -1.000000 -1.000000 26.000000 345.000000 -1.000000 1.000000 114.575326
1 2.497436 8.000000 1.892256 0.314240 0.112532 -1.000000 -1.000000 -1.000000 32.000000 397.000000 -1.000000 1.000000 120.303984
1 1.738052 8.000000 1.071178 0.336939 0.121167 -1.000000 -1.000000 -1.000000 106.000000 671.000000 -1.000000 1.000000 111.038427
1 1.594186 8.000000 1.037720 0.282112 0.102914 -1.000000 -1.000000 -1.000000 75.000000 450.000000 -1.000000 1.000000 146.500998
1 5.887766 8.000000 1.818345 2.039270 0.765909 -1.000000 -1.000000 -1.000000 773.000000 1816.000000 -1.000000 1.000000 132.547365
1 1.577058 8.000000 1.075583 0.260725 0.086905 -1.000000 -1.000000 -1.000000 195.000000 421.000000 -1.000000 1.000000 122.320236
1 2.882526 8.000000 1.610475 0.654616 0.229213 -1.000000 -1.000000 -1.000000 423.000000 575.000000 -1.000000 1.000000 121.787987
1 2.265072 8.000000 1.663548 0.313584 0.119460 -1.000000 -1.000000 -1.000000 206.000000 462.000000 -1.000000 1.000000 128.884915
1 2.211164 8.000000 1.884753 0.165301 0.054938 -1.000000 -1.000000 -1.000000 85.000000 215.000000 -1.000000 1.000000 119.721829
1 1.499121 8.000000 1.038882 0.234799 0.085674 -1.000000 -1.000000 -1.000000 152.000000 364.000000 -1.000000 1.000000 116.223530
1 1.683989 8.000000 1.074186 0.303698 0.119660 -1.000000 -1.000000 -1.000000 181.000000 475.000000 -1.000000 1.000000 134.372539
1 1.880260 8.000000 1.116784 0.385601 0.143560 -1.000000 -1.000000 -1.000000 291.000000 647.000000 -1.000000 1.000000 125.236938
1 1.741909 8.000000 1.093017 0.326731 0.114415 -1.000000 -1.000000 -1.000000 228.000000 370.000000 -1.000000 1.000000 112.320611
1 2.475002 8.000000 1.147298 0.677895 0.241049 -1.000000 -1.000000 -1.000000 228.000000 555.000000 -1.000000 1.000000 133.081688
1 2.809402 8.000000 2.284670 0.271696 0.093751 -1.000000 -1.000000 -1.000000 45.000000 281.000000 -1.000000 1.000000 108.985095
1 2.393152 8.000000 1.943863 0.236613 0.078948 -1.000000 -1.000000 -1.000000 2.000000 272.000000 -1.000000 1.000000 121.651904
1 2.866822 8.000000 1.599912 0.637248 0.224238 -1.000000 -1.000000 -1.000000 360.000000 748.000000 -1.000000 1.000000 118.162444
1 2.830478 8.000000 1.125330 0.814611 0.316787 -1.000000 -1.000000 -1.000000 229.000000 682.000000 -1.000000 1.000000 138.398028
1 3.127109 8.000000 1.999088 0.583586 0.207571 -1.000000 -1.000000 -1.000000 238.000000 556.000000 -1.000000 1.000000 131.878970
1 2.115355 8.000000 1.299243 0.417602 0.143991 -1.000000 -1.000000 -1.000000 197.000000 498.000000 -1.000000 1.000000 122.617736
1 2.205477 8.000000 1.269800 0.475256 0.171773 -1.000000 -1.000000 -1.000000 135.000000 425.000000 -1.000000 1.000000 121.971725
1 3.030223 8.000000 1.939682 0.564381 0.196627 -1.000000 -1.000000 -1.000000 134.000000 632.000000 -1.000000 1.000000 146.424916
1 2.352652 8.000000 1.874820 0.245182 0.089742 -1.000000 -1.000000 -1.000000 150.000000 314.000000 -1.000000 1.000000 102.403263
1 1.733171 8.000000 1.339378 0.204127 0.076396 -1.000000 -1.000000 -1.000000 64.000000 250.000000 -1.000000 1.000000 117.854296
1 2.004770 8.000000 1.226069 0.387278 0.150764 -1.000000 -1.000000 -1.000000 98.000000 677.000000 -1.000000 1.000000 120.690899
1 1.461187 8.000000 1.000014 0.243180 0.085137 -1.000000 -1.000000 -1.000000 68.000000 446.000000 -1.000000 1.000000 123.147943
1 1.760389 8.000000 1.113142 0.323217 0.123082 -1.000000 -1.000000 -1.000000 265.000000 494.000000 -1.000000 1.000000 131.401957
1 25.523460 8.000000 1.121753 11.822965 4.188254 -1.000000 -1.000000 -1.000000 892.000000 7541.000000 -1.000000 1.000000 144.737153
1 1.630896 8.000000 1.036704 0.299472 0.107765 -1.000000 -1.000000 -1.000000 399.000000 395.000000 -1.000000 1.000000 140.882105
1 2.317104 8.000000 1.116973 0.579663 0.240285 -1.000000 -1.000000 -1.000000 429.000000 1026.000000 -1.000000 1.000000 117.792426
1 2.118789 8.000000 1.138564 0.493965 0.189080 -1.000000 -1.000000 -1.000000 247.000000 702.000000 -1.000000 1.000000 127.867743
1 2.278454 8.000000 1.126962 0.569542 0.203285 -1.000000 -1.000000 -1.000000 244.000000 720.000000 -1.000000 1.000000 147.586836
1 1.405911 8.000000 1.101099 0.156577 0.056899 -1.000000 -1.000000 -1.000000 50.000000 247.000000 -1.000000 1.000000 112.564177
1 1.477986 8.000000 1.112638 0.182418 0.069274 -1.000000 -1.000000 -1.000000 67.000000 271.000000 -1.000000 1.000000 108.573917
1 1.920768 8.000000 1.090926 0.423678 0.159803 -1.000000 -1.000000 -1.000000 92.000000 667.000000 -1.000000 1.000000 150.275468
1 1.988657 8.000000 1.046550 0.472080 0.155610 -1.000000 -1.000000 -1.000000 58.000000 346.000000 -1.000000 1.000000 144.339094
1 1.983401 8.000000 1.068138 0.462954 0.176794 -1.000000 -1.000000 -1.000000 266.000000 611.000000 -1.000000 1.000000 124.667441
1 2.244150 8.000000 1.472546 0.392656 0.146359 -1.000000 -1.000000 -1.000000 161.000000 703.000000 -1.000000 1.000000 132.593614
1 1.736296 8.000000 1.058460 0.340622 0.138864 -1.000000 -1.000000 -1.000000 403.000000 516.000000 -1.000000 1.000000 116.327913
1 1.717522 10.000000 1.111953 0.304233 0.113987 -1.000000 -1.000000 -1.000000 139.000000 534.000000 -1.000000 1.000000 146.596491
1 4.559900 10.000000 1.875493 1.355888 0.495405 -1.000000 -1.000000 -1.000000 420.000000 1280.000000 -1.000000 1.000000 143.534626
1 1.635770 10.000000 1.108053 0.275455 0.098600 -1.000000 -1.000000 -1.000000 69.000000 577.000000 -1.000000 1.000000 142.792901
1 1.815372 10.000000 1.092167 0.380588 0.136286 -1.000000 -1.000000 -1.000000 68.000000 425.000000 -1.000000 1.000000 127.438477
1 3.823057 10.000000 1.930001 0.965438 0.356799 -1.000000 -1.000000 -1.000000 385.000000 873.000000 -1.000000 1.000000 131.162866
1 1.657796 10.000000 1.120815 0.276732 0.099555 -1.000000 -1.000000 -1.000000 154.000000 425.000000 -1.000000 1.000000 128.488005
1 1.556516 10.000000 1.132856 0.217188 0.082322 -1.000000 -1.000000 -1.000000 61.000000 328.000000 -1.000000 1.000000 134.332747
1 2.687085 10.000000 1.052397 0.817919 0.312869 -1.000000 -1.000000 -1.000000 527.000000 912.000000 -1.000000 1.000000 142.234230
1 2.101182 10.000000 1.093711 0.506939 0.201181 -1.000000 -1.000000 -1.000000 197.000000 624.000000 -1.000000 1.000000 125.442316
1 2.457299 10.000000 1.101538 0.665577 0.259351 -1.000000 -1.000000 -1.000000 421.000000 832.000000 -1.000000 1.000000 137.120788
1 3.618942 10.000000 2.161755 0.740260 0.286977 -1.000000 -1.000000 -1.000000 160.000000 668.000000 -1.000000 1.000000 136.465194
1 4.519402 10.000000 1.989023 1.294608 0.431381 -1.000000 -1.000000 -1.000000 350.000000 1006.000000 -1.000000 1.000000 163.595448
1 2.378278 10.000000 1.211629 0.598609 0.215930 -1.000000 -1.000000 -1.000000 129.000000 931.000000 -1.000000 1.000000 165.393122
1 3.713746 10.000000 1.798209 0.956609 0.354234 -1.000000 -1.000000 -1.000000 509.000000 1029.000000 -1.000000 1.000000 133.017033
1 1.509763 10.000000 0.954400 0.290791 0.104344 -1.000000 -1.000000 -1.000000 139.000000 568.000000 -1.000000 1.000000 137.565411
1 4.306174 10.000000 1.052572 1.610866 0.654203 -1.000000 -1.000000 -1.000000 782.000000 1426.000000 -1.000000 1.000000 146.076907
1 3.337164 10.000000 2.263537 0.554690 0.199800 -1.000000 -1.000000 -1.000000 140.000000 591.000000 -1.000000 1.000000 128.877511
1 3.788351 10.000000 1.973456 0.944136 0.363203 -1.000000 -1.000000 -1.000000 250.000000 910.000000 -1.000000 1.000000 149.280566
1 2.273520 10.000000 1.260253 0.520458 0.193187 -1.000000 -1.000000 -1.000000 219.000000 648.000000 -1.000000 1.000000 146.517876
1 2.841823 10.000000 1.288702 0.796349 0.299659 -1.000000 -1.000000 -1.000000 471.000000 982.000000 -1.000000 1.000000 144.882420
1 1.841683 10.000000 1.031999 0.402950 0.153870 -1.000000 -1.000000 -1.000000 245.000000 702.000000 -1.000000 1.000000 155.309626
1 1.802958 10.000000 1.102012 0.366293 0.134049 -1.000000 -1.000000 -1.000000 226.000000 600.000000 -1.000000 1.000000 124.244026
1 3.726274 10.000000 1.107492 1.339541 0.535569 -1.000000 -1.000000 -1.000000 634.000000 1569.000000 -1.000000 1.000000 149.021978
1 3.169892 10.000000 2.170383 0.512093 0.190630 -1.000000 -1.000000 -1.000000 134.000000 552.000000 -1.000000 1.000000 125.330570
1 6.349212 10.000000 1.957227 2.164630 0.916620 -1.000000 -1.000000 -1.000000 1019.000000 2380.000000 -1.000000 1.000000 146.374507
1 3.012660 10.000000 1.893286 0.583757 0.224104 -1.000000 -1.000000 -1.000000 156.000000 573.000000 -1.000000 1.000000 140.988061
1 2.480384 10.000000 1.493736 0.514092 0.185602 -1.000000 -1.000000 -1.000000 356.000000 729.000000 -1.000000 1.000000 141.279891
1 1.860737 10.000000 1.123900 0.371156 0.142905 -1.000000 -1.000000 -1.000000 204.000000 744.000000 -1.000000 1.000000 136.397486
1 2.153842 10.000000 1.424635 0.368125 0.132399 -1.000000 -1.000000 -1.000000 20.000000 655.000000 -1.000000 1.000000 137.702680
1 1.713771 10.000000 1.049698 0.337379 0.128038 -1.000000 -1.000000 -1.000000 289.000000 568.000000 -1.000000 1.000000 141.117759
1 1.749785 10.000000 1.044309 0.358692 0.131628 -1.000000 -1.000000 -1.000000 133.000000 589.000000 -1.000000 1.000000 148.387934
1 3.115151 10.000000 1.016610 1.057639 0.393015 -1.000000 -1.000000 -1.000000 511.000000 1251.000000 -1.000000 1.000000 138.416284
1 1.551812 10.000000 1.055794 0.253669 0.094721 -1.000000 -1.000000 -1.000000 88.000000 404.000000 -1.000000 1.000000 127.334360
1 4.961510 10.000000 1.049469 1.965430 0.737927 -1.000000 -1.000000 -1.000000 701.000000 1586.000000 -1.000000 1.000000 144.318170
1 2.121290 10.000000 1.235195 0.455351 0.149834 -1.000000 -1.000000 -1.000000 197.000000 788.000000 -1.000000 1.000000 141.991094
1 1.665748 10.000000 1.112767 0.283579 0.110035 -1.000000 -1.000000 -1.000000 119.000000 497.000000 -1.000000 1.000000 127.506620
1 2.620647 10.000000 1.915065 0.368886 0.135473 -1.000000 -1.000000 -1.000000 26.000000 368.000000 -1.000000 1.000000 126.572535
1 3.727912 10.000000 1.662307 1.006576 0.397565 -1.000000 -1.000000 -1.000000 699.000000 835.000000 -1.000000 1.000000 134.122074
1 3.555952 10.000000 1.126936 1.204655 0.434016 -1.000000 -1.000000 -1.000000 404.000000 939.000000 -1.000000 1.000000 168.824338
1 5.050472 10.000000 1.757984 1.627866 0.582676 -1.000000 -1.000000 -1.000000 1099.000000 1462.000000 -1.000000 1.000000 165.108542
1 4.608449 10.000000 1.729824 1.490023 0.519453 -1.000000 -1.000000 -1.000000 578.000000 1188.000000 -1.000000 1.000000 162.393825
1 2.155705 10.000000 1.161294 0.500231 0.194735 -1.000000 -1.000000 -1.000000 250.000000 770.000000 -1.000000 1.000000 138.519382
1 3.374587 10.000000 1.113477 1.169526 0.437667 -1.000000 -1.000000 -1.000000 405.000000 1111.000000 -1.000000 1.000000 135.043966
1 3.426566 10.000000 1.798773 0.821656 0.307959 -1.000000 -1.000000 -1.000000 422.000000 1055.000000 -1.000000 1.000000 121.653689
1 1.868159 10.000000 1.131672 0.368804 0.141745 -1.000000 -1.000000 -1.000000 141.000000 578.000000 -1.000000 1.000000 144.755200
1 2.424031 10.000000 1.500096 0.457419 0.177007 -1.000000 -1.000000 -1.000000 376.000000 563.000000 -1.000000 1.000000 132.792651
1 2.230049 10.000000 1.027770 0.608274 0.235970 -1.000000 -1.000000 -1.000000 484.000000 908.000000 -1.000000 1.000000 143.182878
1 2.634914 10.000000 1.045260 0.778620 0.293350 -1.000000 -1.000000 -1.000000 315.000000 868.000000 -1.000000 1.000000 162.967115
1 3.971085 10.000000 1.806375 1.119246 0.400282 -1.000000 -1.000000 -1.000000 295.000000 857.000000 -1.000000 1.000000 145.110167
1 4.196405 10.000000 1.886580 1.181513 0.442209 -1.000000 -1.000000 -1.000000 581.000000 895.000000 -1.000000 1.000000 154.292487
1 2.341186 10.000000 1.038222 0.669856 0.253797 -1.000000 -1.000000 -1.000000 427.000000 1058.000000 -1.000000 1.000000 154.882851
1 2.609472 10.000000 1.064240 0.783846 0.288462 -1.000000 -1.000000 -1.000000 250.000000 709.000000 -1.000000 1.000000 131.900488
1 4.342786 10.000000 2.448683 0.947750 0.317897 -1.000000 -1.000000 -1.000000 200.000000 953.000000 -1.000000 1.000000 152.506337
1 1.613904 10.000000 1.039725 0.290910 0.111909 -1.000000 -1.000000 -1.000000 108.000000 440.000000 -1.000000 1.000000 136.816028
1 3.315157 10.000000 1.814308 0.779091 0.289656 -1.000000 -1.000000 -1.000000 415.000000 547.000000 -1.000000 1.000000 132.119765
1 2.570642 10.000000 1.898160 0.339537 0.123642 -1.000000 -1.000000 -1.000000 171.000000 476.000000 -1.000000 1.000000 122.127119
1 2.255797 10.000000 1.281923 0.485726 0.184034 -1.000000 -1.000000 -1.000000 126.000000 488.000000 -1.000000 1.000000 150.035096
1 1.981153 10.000000 1.030399 0.479632 0.181332 -1.000000 -1.000000 -1.000000 351.000000 834.000000 -1.000000 1.000000 144.906350
1 3.736073 10.000000 1.074400 1.320398 0.502778 -1.000000 -1.000000 -1.000000 842.000000 1754.000000 -1.000000 1.000000 164.670436
1 2.595076 10.000000 1.048948 0.792923 0.274093 -1.000000 -1.000000 -1.000000 111.000000 925.000000 -1.000000 1.000000 141.383530
