1 1.340457 1.000000 1.277678 0.025072 0.015392 0.000092 27.000000 5.000000 0.000000 13.000000 0.000000 1.000000 132.289085
1 1.076650 1.000000 1.041965 0.013414 0.008586 0.000071 24.000000 5.000000 0.000000 2.000000 0.000000 1.000000 127.911949
1 1.088747 1.000000 1.038293 0.020487 0.012248 0.000089 25.000000 5.000000 0.000000 6.000000 0.000000 1.000000 132.059218
1 1.167678 1.000000 1.071513 0.038461 0.023675 0.000164 28.000000 5.000000 0.000000 9.000000 0.000000 1.000000 154.608884
1 1.848308 1.000000 1.767625 0.033107 0.019919 0.000131 23.000000 5.000000 0.000000 9.000000 0.000000 1.000000 132.705410
1 1.915374 1.000000 1.832535 0.032895 0.020023 0.000141 24.000000 5.000000 0.000000 11.000000 0.000000 1.000000 136.926447
1 1.114025 1.000000 1.070870 0.016766 0.010812 0.000070 22.000000 5.000000 0.000000 0.000000 0.000000 1.000000 141.434475
1 1.046682 1.000000 1.005085 0.016010 0.010375 0.000089 24.000000 5.000000 0.000000 12.000000 0.000000 1.000000 133.627495
1 1.032342 1.000000 0.992447 0.016851 0.009969 0.000113 28.000000 5.000000 0.000000 7.000000 0.000000 1.000000 141.992662
1 1.306968 1.000000 1.231515 0.029543 0.018550 0.000118 21.000000 5.000000 0.000000 7.000000 0.000000 1.000000 122.915403
1 1.836027 1.000000 1.762292 0.027235 0.018719 0.000153 27.000000 5.000000 0.000000 1.000000 0.000000 1.000000 141.299586
1 1.791110 1.000000 1.727651 0.025163 0.015810 0.000099 25.000000 5.000000 0.000000 2.000000 0.000000 1.000000 145.795776
1 1.076924 1.000000 1.031021 0.018402 0.010924 0.000084 28.000000 5.000000 0.000000 6.000000 0.000000 1.000000 134.743434
1 1.067190 1.000000 1.025008 0.016557 0.010424 0.000084 26.000000 5.000000 0.000000 15.000000 0.000000 1.000000 147.471982
1 1.063476 1.000000 1.019276 0.017647 0.010861 0.000072 24.000000 5.000000 0.000000 3.000000 0.000000 1.000000 133.924042
1 0.966056 1.000000 0.924207 0.018339 0.010047 0.000089 28.000000 5.000000 0.000000 20.000000 0.000000 1.000000 138.795424
1 1.010277 1.000000 0.964309 0.018624 0.011196 0.000078 22.000000 5.000000 0.000000 1.000000 0.000000 1.000000 121.167723
1 1.067658 1.000000 0.989581 0.032368 0.019687 0.000093 28.000000 5.000000 0.000000 13.000000 0.000000 1.000000 137.625109
1 1.030007 1.000000 0.984718 0.018234 0.011072 0.000090 26.000000 5.000000 0.000000 7.000000 0.000000 1.000000 135.036438
1 1.053350 1.000000 1.007686 0.018118 0.011384 0.000099 24.000000 5.000000 0.000000 7.000000 0.000000 1.000000 161.303402
1 1.076196 1.000000 1.010803 0.027163 0.015835 0.000089 27.000000 5.000000 0.000000 15.000000 0.000000 1.000000 181.732138
1 1.078003 1.000000 1.046041 0.012554 0.008232 0.000085 26.000000 5.000000 0.000000 0.000000 0.000000 1.000000 144.720184
1 1.092438 1.000000 0.994478 0.039400 0.023863 0.000209 31.000000 5.000000 0.000000 6.000000 0.000000 1.000000 155.368053
1 2.190130 1.000000 2.083907 0.042711 0.026792 0.000167 24.000000 5.000000 0.000000 8.000000 0.000000 1.000000 136.932622
1 2.167633 1.000000 2.100225 0.027807 0.016064 0.000139 24.000000 5.000000 0.000000 7.000000 0.000000 1.000000 133.657765
1 1.862527 1.000000 1.790279 0.027745 0.018115 0.000156 26.000000 5.000000 0.000000 2.000000 0.000000 1.000000 135.682429
1 1.733093 1.000000 1.675993 0.022307 0.014156 0.000105 27.000000 5.000000 0.000000 3.000000 0.000000 1.000000 135.898017
1 1.194804 1.000000 1.149329 0.018798 0.011444 0.000064 21.000000 5.000000 0.000000 9.000000 0.000000 1.000000 125.890680
1 1.063117 1.000000 1.026446 0.013928 0.009348 0.000082 22.000000 5.000000 0.000000 2.000000 0.000000 1.000000 129.929160
1 1.039696 1.000000 1.000122 0.016138 0.009776 0.000075 22.000000 5.000000 0.000000 3.000000 0.000000 1.000000 125.102965
1 1.528227 1.000000 1.488354 0.016099 0.009938 0.000112 21.000000 5.000000 0.000000 4.000000 0.000000 1.000000 119.951467
1 1.874188 1.000000 1.802439 0.029251 0.017242 0.000136 25.000000 5.000000 0.000000 12.000000 0.000000 1.000000 132.314264
1 1.537628 1.000000 1.476358 0.024428 0.015025 0.000100 24.000000 5.000000 0.000000 18.000000 0.000000 1.000000 128.551045
1 1.067217 1.000000 1.021151 0.018336 0.011557 0.000082 24.000000 5.000000 0.000000 5.000000 0.000000 1.000000 139.087053
1 1.063271 1.000000 1.023028 0.015908 0.009877 0.000080 23.000000 5.000000 0.000000 4.000000 0.000000 1.000000 126.485320
1 1.086497 1.000000 1.047931 0.014725 0.009435 0.000075 21.000000 5.000000 0.000000 1.000000 0.000000 1.000000 133.390682
1 1.849771 1.000000 1.792118 0.021670 0.014188 0.000139 23.000000 5.000000 0.000000 2.000000 0.000000 1.000000 122.410174
1 1.991127 1.000000 1.820499 0.064167 0.044444 0.000196 28.000000 5.000000 0.000000 13.000000 0.000000 1.000000 158.795334
1 1.167009 1.000000 1.105705 0.024431 0.015280 0.000118 30.000000 5.000000 0.000000 9.000000 0.000000 1.000000 162.484771
1 1.047039 1.000000 1.010270 0.014730 0.009337 0.000073 23.000000 5.000000 0.000000 3.000000 0.000000 1.000000 133.770795
1 1.055314 1.000000 1.006210 0.020127 0.011717 0.000084 25.000000 5.000000 0.000000 6.000000 0.000000 1.000000 151.015491
1 1.026891 1.000000 0.987793 0.015558 0.009549 0.000070 23.000000 5.000000 0.000000 4.000000 0.000000 1.000000 134.953477
1 1.068931 1.000000 0.982764 0.035696 0.021763 0.000097 29.000000 5.000000 0.000000 23.000000 0.000000 1.000000 141.680341
1 1.056826 1.000000 0.987824 0.028790 0.017108 0.000118 33.000000 5.000000 0.000000 10.000000 0.000000 1.000000 200.302620
1 1.009003 1.000000 0.957935 0.021570 0.012450 0.000091 27.000000 5.000000 0.000000 8.000000 0.000000 1.000000 150.600281
1 1.065562 1.000000 1.015679 0.021439 0.012484 0.000090 24.000000 5.000000 0.000000 6.000000 0.000000 1.000000 136.924595
1 1.078897 1.000000 1.040072 0.015133 0.009741 0.000083 26.000000 5.000000 0.000000 5.000000 0.000000 1.000000 135.494240
1 1.044828 1.000000 1.002555 0.017754 0.010206 0.000078 21.000000 5.000000 0.000000 7.000000 0.000000 1.000000 119.127708
1 1.085462 1.000000 1.031365 0.020912 0.013273 0.000086 24.000000 5.000000 0.000000 11.000000 0.000000 1.000000 150.170290
1 2.036654 1.000000 1.977992 0.021912 0.014522 0.000117 21.000000 5.000000 0.000000 2.000000 0.000000 1.000000 115.470065
1 2.203712 1.000000 2.122937 0.032065 0.019392 0.000138 26.000000 5.000000 0.000000 5.000000 0.000000 1.000000 155.188464
1 1.917603 1.000000 1.858131 0.024876 0.014378 0.000165 25.000000 5.000000 0.000000 1.000000 0.000000 1.000000 145.171888
1 1.893209 1.000000 1.820193 0.030598 0.018141 0.000152 22.000000 5.000000 0.000000 2.000000 0.000000 1.000000 133.889963
1 1.078162 1.000000 1.015340 0.025590 0.015433 0.000085 25.000000 5.000000 0.000000 25.000000 0.000000 1.000000 160.560165
1 1.101673 1.000000 1.000502 0.042694 0.024835 0.000113 36.000000 5.000000 0.000000 20.000000 0.000000 1.000000 139.739423
1 1.081776 1.000000 1.035895 0.018812 0.010985 0.000086 25.000000 5.000000 0.000000 3.000000 0.000000 1.000000 129.768750
1 1.360738 1.000000 1.286321 0.031100 0.018142 0.000127 24.000000 5.000000 0.000000 4.000000 0.000000 1.000000 137.831144
1 1.842309 1.000000 1.792553 0.020769 0.012323 0.000141 25.000000 5.000000 0.000000 1.000000 0.000000 1.000000 134.576695
1 1.700297 1.000000 1.659019 0.016062 0.010339 0.000091 28.000000 5.000000 0.000000 5.000000 0.000000 1.000000 136.530704
1 1.090678 1.000000 1.046026 0.018002 0.010845 0.000113 26.000000 5.000000 0.000000 14.000000 0.000000 1.000000 145.699338
1 1.107774 2.000000 1.026433 0.034745 0.018613 0.005120 42.000000 5.000000 0.000000 2.000000 0.000000 1.000000 133.034733
1 1.196199 2.000000 1.021565 0.068243 0.043058 0.007845 53.000000 5.000000 0.000000 31.000000 0.000000 1.000000 174.510927
1 1.764617 2.000000 1.608862 0.065431 0.034274 0.011656 47.000000 5.000000 0.000000 4.000000 0.000000 1.000000 146.656539
1 2.083939 2.000000 1.776498 0.132564 0.071649 0.011554 51.000000 5.000000 0.000000 34.000000 0.000000 1.000000 184.288536
1 1.432060 2.000000 1.232711 0.080367 0.047177 0.010478 171.000000 5.000000 7.000000 17.000000 0.000000 1.000000 191.922291
1 1.150297 2.000000 1.042261 0.042688 0.025232 0.006310 45.000000 5.000000 0.000000 10.000000 0.000000 1.000000 148.883805
1 1.178361 2.000000 1.003215 0.071893 0.039866 0.009784 75.000000 5.000000 0.000000 14.000000 0.000000 1.000000 207.739066
1 2.195170 2.000000 1.558558 0.252134 0.153926 0.025697 113.000000 5.000000 8.000000 11.000000 0.000000 1.000000 144.702905
1 1.949367 2.000000 1.770313 0.071122 0.039743 0.012429 52.000000 5.000000 2.000000 13.000000 0.000000 1.000000 158.851967
1 1.329264 2.000000 1.160377 0.070046 0.039957 0.006635 52.000000 5.000000 2.000000 21.000000 0.000000 1.000000 181.854742
1 1.143268 2.000000 1.021206 0.047092 0.028948 0.006417 47.000000 5.000000 0.000000 20.000000 0.000000 1.000000 177.263710
1 1.138942 2.000000 1.024583 0.047816 0.025806 0.007039 55.000000 5.000000 0.000000 7.000000 0.000000 1.000000 195.742994
1 1.682974 2.000000 1.479645 0.084604 0.045722 0.013944 57.000000 5.000000 0.000000 10.000000 0.000000 1.000000 160.187856
1 2.017660 2.000000 1.784980 0.096470 0.054097 0.014053 57.000000 5.000000 0.000000 16.000000 0.000000 1.000000 139.224888
1 1.547657 2.000000 1.298636 0.100331 0.059943 0.009150 120.000000 5.000000 5.000000 43.000000 0.000000 1.000000 191.579137
1 1.674907 2.000000 1.438272 0.099038 0.054869 0.009579 82.000000 5.000000 0.000000 33.000000 0.000000 1.000000 239.465188
1 1.155683 2.000000 1.030431 0.049720 0.029027 0.007634 50.000000 5.000000 0.000000 4.000000 0.000000 1.000000 195.674122
1 1.063331 2.000000 0.939154 0.049980 0.029104 0.006295 49.000000 5.000000 0.000000 16.000000 0.000000 1.000000 159.960228
1 1.513423 2.000000 0.957286 0.226579 0.139293 0.012563 430.000000 5.000000 3.000000 79.000000 0.000000 1.000000 147.990002
1 1.081243 2.000000 0.965822 0.044231 0.028230 0.006218 46.000000 5.000000 0.000000 16.000000 0.000000 1.000000 133.127687
1 1.150908 2.000000 0.999780 0.061903 0.036590 0.007896 55.000000 5.000000 0.000000 23.000000 0.000000 1.000000 140.175001
1 1.123931 2.000000 0.987645 0.052599 0.032203 0.007654 54.000000 5.000000 0.000000 15.000000 0.000000 1.000000 169.105166
1 1.125025 2.000000 1.009202 0.046919 0.026895 0.007423 55.000000 5.000000 0.000000 9.000000 0.000000 1.000000 169.831940
1 1.525211 2.000000 1.210329 0.121878 0.075101 0.014238 45.000000 5.000000 0.000000 28.000000 0.000000 1.000000 128.746379
1 2.490596 2.000000 2.160878 0.133310 0.078952 0.017161 58.000000 5.000000 0.000000 34.000000 0.000000 1.000000 165.390072
1 2.250418 2.000000 1.956471 0.113938 0.068503 0.015199 62.000000 5.000000 0.000000 16.000000 0.000000 1.000000 195.267090
1 2.105998 2.000000 1.773438 0.142173 0.077498 0.013668 58.000000 5.000000 0.000000 39.000000 0.000000 1.000000 163.458935
1 1.250513 2.000000 1.138878 0.045672 0.025619 0.006923 51.000000 5.000000 0.000000 14.000000 0.000000 1.000000 139.401078
1 1.298415 2.000000 1.022907 0.115327 0.060441 0.014719 118.000000 5.000000 6.000000 22.000000 0.000000 1.000000 335.041550
1 1.106768 2.000000 1.004503 0.041260 0.023926 0.005548 45.000000 5.000000 0.000000 15.000000 0.000000 1.000000 139.539547
1 1.170169 2.000000 0.976116 0.084669 0.044749 0.007181 53.000000 5.000000 0.000000 18.000000 0.000000 1.000000 227.344264
1 1.073431 2.000000 0.989103 0.032240 0.019881 0.005404 43.000000 5.000000 0.000000 5.000000 0.000000 1.000000 129.101615
1 1.160232 2.000000 0.995571 0.067341 0.037964 0.008016 80.000000 5.000000 1.000000 28.000000 0.000000 1.000000 182.064658
1 1.081386 2.000000 0.980586 0.043653 0.022886 0.006557 52.000000 5.000000 0.000000 15.000000 0.000000 1.000000 187.077866
1 1.101473 2.000000 1.015974 0.034033 0.019492 0.005832 45.000000 5.000000 0.000000 6.000000 0.000000 1.000000 144.706233
1 1.101448 2.000000 1.001890 0.039105 0.023502 0.005419 42.000000 5.000000 0.000000 5.000000 0.000000 1.000000 151.510336
1 1.098879 2.000000 1.006339 0.036149 0.021424 0.005824 45.000000 5.000000 0.000000 9.000000 0.000000 1.000000 131.313308
1 2.124324 2.000000 1.737231 0.162178 0.091086 0.017977 62.000000 5.000000 2.000000 16.000000 0.000000 1.000000 196.882654
1 2.238945 2.000000 2.051346 0.076832 0.044028 0.011428 45.000000 5.000000 0.000000 7.000000 0.000000 1.000000 145.105259
1 1.948179 2.000000 1.805599 0.056897 0.033649 0.008793 42.000000 5.000000 0.000000 7.000000 0.000000 1.000000 134.205662
1 1.974099 2.000000 1.781485 0.082988 0.044338 0.009136 46.000000 5.000000 0.000000 23.000000 0.000000 1.000000 177.103523
1 1.232565 2.000000 1.113936 0.049249 0.027198 0.006211 50.000000 5.000000 0.000000 8.000000 0.000000 1.000000 161.020433
1 1.166396 2.000000 1.034759 0.052654 0.030330 0.007170 55.000000 5.000000 0.000000 7.000000 0.000000 1.000000 176.128078
1 1.166322 2.000000 0.996626 0.071724 0.039047 0.009588 79.000000 5.000000 0.000000 27.000000 0.000000 1.000000 210.465553
1 1.228192 2.000000 0.982840 0.097980 0.058413 0.010401 95.000000 5.000000 1.000000 31.000000 0.000000 1.000000 205.160391
1 1.113655 2.000000 1.001167 0.046361 0.025741 0.006548 54.000000 5.000000 0.000000 17.000000 0.000000 1.000000 161.427929
1 1.046271 2.000000 0.974191 0.028317 0.016330 0.005671 43.000000 5.000000 0.000000 3.000000 0.000000 1.000000 122.011460
1 1.123569 2.000000 1.001642 0.050923 0.027791 0.007857 76.000000 5.000000 0.000000 11.000000 0.000000 1.000000 190.013775
1 1.136733 2.000000 1.020289 0.047636 0.026912 0.007307 52.000000 5.000000 0.000000 15.000000 0.000000 1.000000 143.074907
1 1.380547 2.000000 1.022899 0.155503 0.084896 0.015398 241.000000 5.000000 9.000000 65.000000 0.000000 1.000000 233.524668
1 1.240172 2.000000 1.043358 0.077969 0.046360 0.012641 48.000000 5.000000 0.000000 8.000000 0.000000 1.000000 146.142577
1 2.504611 2.000000 2.210088 0.126867 0.067193 0.015322 53.000000 5.000000 0.000000 22.000000 0.000000 1.000000 194.966603
1 2.130123 2.000000 1.981856 0.059624 0.034278 0.010340 44.000000 5.000000 0.000000 11.000000 0.000000 1.000000 135.566310
1 2.155400 2.000000 1.706766 0.195135 0.109378 0.012303 54.000000 5.000000 0.000000 62.000000 0.000000 1.000000 150.195211
1 1.625320 2.000000 1.441577 0.072904 0.044376 0.008945 61.000000 5.000000 1.000000 46.000000 0.000000 1.000000 133.824170
1 1.118122 2.000000 0.994380 0.048506 0.029040 0.006946 48.000000 5.000000 0.000000 7.000000 0.000000 1.000000 178.420150
1 1.151028 2.000000 1.017274 0.053630 0.031996 0.007190 54.000000 5.000000 3.000000 17.000000 0.000000 1.000000 173.805867
1 1.760756 2.000000 1.249371 0.233482 0.122420 0.011810 52.000000 5.000000 0.000000 122.000000 0.000000 1.000000 149.561265
1 2.210972 2.000000 1.818125 0.153482 0.093904 0.016420 73.000000 5.000000 0.000000 44.000000 0.000000 1.000000 224.725138
1 1.576452 2.000000 1.336841 0.095941 0.057747 0.009897 91.000000 5.000000 6.000000 21.000000 0.000000 1.000000 193.835275
1 1.475742 4.000000 1.164557 0.132098 0.064951 0.045762 102.000000 5.000000 0.000000 25.000000 0.000000 1.000000 195.853866
1 1.524807 4.000000 1.013675 0.224139 0.113490 0.051410 135.000000 5.000000 30.000000 45.000000 0.000000 1.000000 213.692363
1 1.360184 4.000000 0.914324 0.194650 0.095927 0.050123 123.000000 5.000000 0.000000 173.000000 0.000000 1.000000 226.290173
1 1.237505 4.000000 0.972341 0.115069 0.056564 0.031785 88.000000 5.000000 0.000000 14.000000 0.000000 1.000000 204.475293
1 1.953065 4.000000 0.971730 0.487278 0.222022 0.040835 108.000000 5.000000 0.000000 704.000000 0.000000 1.000000 164.837835
1 1.506100 4.000000 1.037125 0.210298 0.107277 0.039504 114.000000 5.000000 2.000000 84.000000 0.000000 1.000000 157.957544
0 76.055364 4.000000 1.038780 36.854468 9.916507 1.640140 3398.000000 5.000000 0.000000 336298.000000 0.000000 1.000000 -1.000000
1 1.234289 4.000000 1.003193 0.100215 0.049564 0.029036 77.000000 5.000000 0.000000 19.000000 0.000000 1.000000 174.108206
1 2.346072 4.000000 1.827557 0.214653 0.105830 0.075876 93.000000 5.000000 11.000000 20.000000 0.000000 1.000000 198.614423
1 3.734915 4.000000 2.799470 0.398228 0.201024 0.117908 173.000000 5.000000 0.000000 65.000000 0.000000 1.000000 329.377205
1 2.095220 4.000000 1.779400 0.133626 0.066066 0.043657 86.000000 5.000000 0.000000 26.000000 0.000000 1.000000 166.986051
1 1.368572 4.000000 1.000438 0.161274 0.080838 0.040460 104.000000 5.000000 0.000000 81.000000 0.000000 1.000000 159.988369
1 1.367000 4.000000 1.014304 0.157739 0.075398 0.036530 96.000000 5.000000 0.000000 48.000000 0.000000 1.000000 192.556625
1 2.191092 4.000000 1.008863 0.644618 0.201898 0.058123 161.000000 5.000000 0.000000 6576.000000 0.000000 1.000000 195.736701
1 1.176174 4.000000 0.972827 0.082965 0.041490 0.031381 86.000000 5.000000 0.000000 12.000000 0.000000 1.000000 170.402571
1 1.202741 4.000000 0.997923 0.085827 0.042260 0.031720 83.000000 5.000000 0.000000 10.000000 0.000000 1.000000 182.397781
1 1.248626 4.000000 1.034492 0.092316 0.044204 0.030534 79.000000 5.000000 0.000000 12.000000 0.000000 1.000000 176.119987
1 1.593096 4.000000 1.041760 0.242445 0.124394 0.049147 127.000000 5.000000 0.000000 66.000000 0.000000 1.000000 277.215116
1 1.820423 4.000000 1.033332 0.357172 0.174987 0.067343 88.000000 5.000000 0.000000 88.000000 0.000000 1.000000 173.784018
1 2.688937 4.000000 2.201010 0.202188 0.103884 0.070544 87.000000 5.000000 0.000000 30.000000 0.000000 1.000000 159.223281
1 2.331563 4.000000 1.868418 0.198088 0.095730 0.063853 98.000000 5.000000 0.000000 15.000000 0.000000 1.000000 211.631814
1 3.037201 4.000000 2.359226 0.295055 0.151019 0.063325 154.000000 5.000000 6.000000 61.000000 0.000000 1.000000 246.314212
1 1.245371 4.000000 1.006158 0.102961 0.050347 0.031507 80.000000 5.000000 0.000000 12.000000 0.000000 1.000000 174.842942
1 1.197205 4.000000 1.003322 0.079380 0.040868 0.028062 75.000000 5.000000 4.000000 17.000000 0.000000 1.000000 136.695162
1 2.652642 4.000000 1.445968 0.538587 0.271452 0.102234 137.000000 5.000000 20.000000 183.000000 0.000000 1.000000 249.469681
1 2.110647 4.000000 1.734456 0.164826 0.082280 0.039460 95.000000 5.000000 0.000000 185.000000 0.000000 1.000000 187.548900
1 1.253701 4.000000 1.015634 0.100384 0.050755 0.032411 87.000000 5.000000 0.000000 28.000000 0.000000 1.000000 156.450809
1 1.268792 4.000000 1.004394 0.111223 0.054655 0.040305 106.000000 5.000000 0.000000 28.000000 0.000000 1.000000 149.754923
1 1.705029 4.000000 1.182805 0.235183 0.107361 0.062053 87.000000 5.000000 0.000000 284.000000 0.000000 1.000000 195.558991
1 2.735314 4.000000 1.797683 0.412605 0.203351 0.101506 153.000000 5.000000 20.000000 80.000000 0.000000 1.000000 209.410513
1 1.415970 4.000000 1.203092 0.088354 0.043690 0.030161 80.000000 5.000000 0.000000 14.000000 0.000000 1.000000 168.503406
1 1.253559 4.000000 1.020908 0.098795 0.049985 0.029333 80.000000 5.000000 0.000000 17.000000 0.000000 1.000000 149.052030
1 1.263160 4.000000 1.011877 0.104652 0.054439 0.032017 83.000000 5.000000 0.000000 21.000000 0.000000 1.000000 192.680666
1 2.082940 4.000000 1.736391 0.148378 0.071090 0.047070 80.000000 5.000000 0.000000 15.000000 0.000000 1.000000 172.774333
1 2.202602 4.000000 1.757379 0.210269 0.091059 0.039983 89.000000 5.000000 0.000000 392.000000 0.000000 1.000000 198.609330
1 1.326306 4.000000 0.994400 0.144417 0.073004 0.034724 89.000000 5.000000 0.000000 61.000000 0.000000 1.000000 170.479004
1 1.303146 4.000000 1.015648 0.123474 0.061916 0.035661 93.000000 5.000000 0.000000 48.000000 0.000000 1.000000 199.408562
1 1.238633 4.000000 1.004742 0.102067 0.048579 0.030246 89.000000 5.000000 0.000000 9.000000 0.000000 1.000000 215.150272
1 1.230084 4.000000 0.999124 0.098254 0.047937 0.031856 84.000000 5.000000 0.000000 26.000000 0.000000 1.000000 174.180648
1 1.207876 4.000000 0.979656 0.093389 0.048080 0.032882 92.000000 5.000000 0.000000 23.000000 0.000000 1.000000 145.846709
1 1.239532 4.000000 1.002070 0.101963 0.050769 0.030204 82.000000 5.000000 0.000000 52.000000 0.000000 1.000000 144.153663
1 1.754760 4.000000 0.992072 0.345603 0.168445 0.062317 158.000000 5.000000 0.000000 82.000000 0.000000 1.000000 283.986193
1 1.383178 4.000000 1.039901 0.147883 0.075095 0.038343 90.000000 5.000000 0.000000 50.000000 0.000000 1.000000 225.369470
1 2.188737 4.000000 1.607599 0.250217 0.124562 0.071223 92.000000 5.000000 0.000000 26.000000 0.000000 1.000000 185.964458
1 2.881724 4.000000 2.173273 0.308110 0.156022 0.078245 116.000000 5.000000 15.000000 54.000000 0.000000 1.000000 212.278982
1 2.192311 4.000000 1.835027 0.147852 0.074400 0.052536 84.000000 5.000000 0.000000 17.000000 0.000000 1.000000 163.782472
1 2.081554 4.000000 1.489677 0.256744 0.123066 0.070409 162.000000 5.000000 0.000000 85.000000 0.000000 1.000000 272.582542
1 1.440580 4.000000 1.015811 0.197312 0.088505 0.041996 98.000000 5.000000 30.000000 27.000000 0.000000 1.000000 206.068620
1 1.455327 4.000000 1.019604 0.192218 0.094080 0.044753 124.000000 5.000000 5.000000 67.000000 0.000000 1.000000 287.867125
1 1.327420 4.000000 1.002083 0.139766 0.071473 0.036448 105.000000 5.000000 0.000000 59.000000 0.000000 1.000000 180.583768
1 1.253585 4.000000 0.983939 0.111976 0.057091 0.036639 93.000000 5.000000 0.000000 23.000000 0.000000 1.000000 157.897729
1 1.386262 4.000000 1.001573 0.169062 0.082850 0.046904 122.000000 5.000000 1.000000 39.000000 0.000000 1.000000 275.265296
1 1.642837 4.000000 1.445614 0.079543 0.041798 0.030892 78.000000 5.000000 0.000000 20.000000 0.000000 1.000000 139.708353
1 1.434841 4.000000 1.016864 0.204034 0.086874 0.029516 78.000000 5.000000 0.000000 821.000000 0.000000 1.000000 127.752207
1 2.990616 4.000000 1.721551 0.569358 0.280204 0.122505 161.000000 5.000000 0.000000 138.000000 0.000000 1.000000 239.458278
1 5.633347 4.000000 1.996060 1.929189 0.776290 0.080150 155.000000 5.000000 5.000000 4372.000000 0.000000 1.000000 195.609443
1 1.665228 4.000000 1.151848 0.233548 0.111762 0.045886 103.000000 5.000000 5.000000 311.000000 0.000000 1.000000 240.169733
1 1.495978 4.000000 1.175627 0.135406 0.067267 0.042310 94.000000 5.000000 0.000000 25.000000 0.000000 1.000000 207.850355
1 1.481967 4.000000 1.156915 0.148481 0.066133 0.038706 80.000000 5.000000 2.000000 193.000000 0.000000 1.000000 155.421845
1 1.465457 4.000000 1.140926 0.140818 0.068287 0.037877 108.000000 5.000000 8.000000 31.000000 0.000000 1.000000 257.410628
1 1.810648 6.000000 0.925007 0.387033 0.200418 0.100665 159.000000 5.000000 8.000000 337.000000 0.000000 1.000000 263.105237
1 1.648885 6.000000 1.055640 0.239190 0.121875 0.107331 158.000000 5.000000 0.000000 44.000000 0.000000 1.000000 266.572441
1 1.681845 6.000000 1.018451 0.273917 0.137924 0.108605 144.000000 5.000000 2.000000 292.000000 0.000000 1.000000 225.972717
1 5.702753 6.000000 2.100911 1.550260 0.801933 0.443107 359.000000 5.000000 56.000000 136.000000 0.000000 1.000000 442.833951
1 2.685168 6.000000 1.814063 0.362481 0.194174 0.129446 179.000000 5.000000 2.000000 292.000000 0.000000 1.000000 189.597211
1 1.385834 6.000000 0.994052 0.153554 0.083860 0.069089 114.000000 5.000000 0.000000 31.000000 0.000000 1.000000 161.614705
1 1.632881 6.000000 1.043871 0.246480 0.133520 0.075826 120.000000 5.000000 0.000000 353.000000 0.000000 1.000000 151.827397
1 1.299648 6.000000 0.903491 0.156882 0.083688 0.068493 115.000000 5.000000 0.000000 41.000000 0.000000 1.000000 217.574787
1 1.314802 6.000000 0.969401 0.129542 0.071295 0.072218 119.000000 5.000000 0.000000 25.000000 0.000000 1.000000 165.999411
1 2.062222 6.000000 0.973997 0.477930 0.240947 0.120345 193.000000 5.000000 2.000000 124.000000 0.000000 1.000000 233.322024
1 1.864806 6.000000 1.005686 0.353021 0.188092 0.120931 180.000000 5.000000 3.000000 159.000000 0.000000 1.000000 227.395695
1 1.415621 6.000000 1.011255 0.162564 0.084795 0.065849 114.000000 5.000000 0.000000 216.000000 0.000000 1.000000 147.522773
1 1.389955 6.000000 0.970489 0.163187 0.089008 0.079228 133.000000 5.000000 0.000000 33.000000 0.000000 1.000000 178.163257
1 1.791846 6.000000 0.949525 0.369644 0.182203 0.094496 161.000000 5.000000 0.000000 511.000000 0.000000 1.000000 165.305118
1 1.652621 6.000000 1.002291 0.267764 0.141293 0.090740 138.000000 5.000000 0.000000 73.000000 0.000000 1.000000 197.227580
1 1.612756 6.000000 1.022886 0.235367 0.124416 0.100726 151.000000 5.000000 6.000000 38.000000 0.000000 1.000000 250.760737
1 2.499850 6.000000 1.375480 0.455031 0.249203 0.177573 140.000000 5.000000 2.000000 97.000000 0.000000 1.000000 154.752730
1 3.403708 6.000000 2.110541 0.554227 0.278303 0.173757 154.000000 5.000000 16.000000 51.000000 0.000000 1.000000 256.777698
1 3.105181 6.000000 1.826747 0.583047 0.295822 0.112438 140.000000 5.000000 0.000000 523.000000 0.000000 1.000000 187.078011
1 1.994908 6.000000 1.174243 0.341139 0.181162 0.113570 151.000000 5.000000 8.000000 94.000000 0.000000 1.000000 237.966725
1 1.770489 6.000000 1.024610 0.297903 0.157013 0.121825 193.000000 5.000000 30.000000 94.000000 0.000000 1.000000 213.528851
1 1.621547 6.000000 0.955011 0.276898 0.145190 0.095382 151.000000 5.000000 12.000000 90.000000 0.000000 1.000000 259.272453
1 1.374215 6.000000 0.987288 0.143116 0.079306 0.083976 137.000000 5.000000 0.000000 20.000000 0.000000 1.000000 199.282585
1 1.435501 6.000000 1.020776 0.157672 0.087366 0.081165 129.000000 5.000000 0.000000 42.000000 0.000000 1.000000 184.992289
1 1.568504 6.000000 1.045937 0.210142 0.114234 0.086010 135.000000 5.000000 4.000000 60.000000 0.000000 1.000000 202.702002
1 1.900175 6.000000 1.057999 0.336691 0.174354 0.158533 115.000000 5.000000 0.000000 43.000000 0.000000 1.000000 185.716242
1 3.100067 6.000000 2.183658 0.363663 0.199459 0.157489 131.000000 5.000000 2.000000 103.000000 0.000000 1.000000 196.591202
1 3.770574 6.000000 1.824432 0.973003 0.386434 0.132733 128.000000 5.000000 0.000000 2114.000000 0.000000 1.000000 136.841270
1 1.514895 6.000000 1.028087 0.190257 0.106415 0.081129 125.000000 5.000000 0.000000 41.000000 0.000000 1.000000 220.155494
1 2.462804 6.000000 1.004520 0.606933 0.322255 0.189182 282.000000 5.000000 48.000000 118.000000 0.000000 1.000000 479.878151
1 1.514320 6.000000 0.921765 0.251138 0.131875 0.076996 141.000000 5.000000 2.000000 87.000000 0.000000 1.000000 236.977503
1 1.263003 6.000000 0.925427 0.130996 0.070262 0.065349 110.000000 5.000000 0.000000 42.000000 0.000000 1.000000 152.766642
1 1.972296 6.000000 0.962913 0.413849 0.224365 0.141414 209.000000 5.000000 5.000000 124.000000 0.000000 1.000000 275.481720
1 1.542944 6.000000 1.015631 0.213460 0.115454 0.080872 130.000000 5.000000 9.000000 49.000000 0.000000 1.000000 239.492811
1 4.446738 6.000000 1.104336 1.380421 0.777161 0.371952 280.000000 5.000000 14.000000 300.000000 0.000000 1.000000 241.863079
1 4.005176 6.000000 1.839338 0.953329 0.493444 0.238343 195.000000 5.000000 33.000000 206.000000 0.000000 1.000000 261.886323
1 2.579429 6.000000 1.262012 0.572894 0.286237 0.156424 222.000000 5.000000 37.000000 209.000000 0.000000 1.000000 315.654890
1 2.484009 6.000000 1.014581 0.603920 0.330350 0.188012 195.000000 5.000000 20.000000 80.000000 0.000000 1.000000 230.520544
1 2.499013 6.000000 1.817535 0.264854 0.146607 0.131435 120.000000 5.000000 19.000000 36.000000 0.000000 1.000000 145.794130
1 2.279923 6.000000 1.204920 0.580255 0.151435 0.102763 159.000000 5.000000 0.000000 3620.000000 0.000000 1.000000 177.233216
1 1.780196 6.000000 1.074509 0.285578 0.148056 0.116929 171.000000 5.000000 7.000000 38.000000 0.000000 1.000000 306.948680
1 2.204368 6.000000 0.950986 0.522734 0.279007 0.168257 263.000000 5.000000 22.000000 226.000000 0.000000 1.000000 248.268030
1 1.856972 6.000000 1.002128 0.428668 0.152995 0.086495 139.000000 5.000000 5.000000 2248.000000 0.000000 1.000000 181.270946
1 2.356989 6.000000 1.019886 0.570348 0.312403 0.135950 210.000000 5.000000 24.000000 150.000000 0.000000 1.000000 267.956666
1 2.018980 6.000000 0.983951 0.455529 0.228546 0.108933 141.000000 5.000000 1.000000 88.000000 0.000000 1.000000 208.558479
1 3.050705 6.000000 2.169099 0.349743 0.186404 0.155305 117.000000 5.000000 0.000000 31.000000 0.000000 1.000000 168.120850
1 16.999833 6.000000 1.798500 7.461975 1.667572 0.513926 605.000000 5.000000 6.000000 43831.000000 0.000000 1.000000 232.034748
1 2.739146 6.000000 1.819329 0.358891 0.194840 0.173250 151.000000 5.000000 3.000000 62.000000 0.000000 1.000000 184.871874
1 1.571779 6.000000 1.031998 0.215048 0.112781 0.092216 139.000000 5.000000 3.000000 100.000000 0.000000 1.000000 228.233944
1 1.728831 6.000000 1.030157 0.287219 0.153710 0.107499 168.000000 5.000000 7.000000 82.000000 0.000000 1.000000 289.688259
1 1.829509 6.000000 0.980454 0.369290 0.193217 0.085509 148.000000 5.000000 0.000000 213.000000 0.000000 1.000000 207.753182
1 1.665626 6.000000 0.955000 0.289049 0.159660 0.099133 162.000000 5.000000 0.000000 106.000000 0.000000 1.000000 185.508930
1 1.362749 6.000000 1.024263 0.130392 0.071765 0.066828 102.000000 5.000000 0.000000 23.000000 0.000000 1.000000 154.479919
1 4.745176 6.000000 1.029983 1.946727 0.569401 0.182117 308.000000 5.000000 45.000000 12008.000000 0.000000 1.000000 237.359554
1 1.941650 6.000000 0.956091 0.404380 0.225408 0.136968 232.000000 5.000000 3.000000 135.000000 0.000000 1.000000 263.046913
1 1.802335 6.000000 0.985242 0.361317 0.179940 0.088123 141.000000 5.000000 6.000000 544.000000 0.000000 1.000000 159.733145
1 1.745977 6.000000 1.040505 0.286221 0.161023 0.105968 160.000000 5.000000 21.000000 62.000000 0.000000 1.000000 201.175970
1 3.018542 6.000000 1.189948 0.792269 0.425876 0.209942 166.000000 5.000000 0.000000 129.000000 0.000000 1.000000 202.389754
1 3.260395 6.000000 2.052515 0.508503 0.261257 0.166366 151.000000 5.000000 0.000000 179.000000 0.000000 1.000000 206.627052
1 3.575893 6.000000 2.521796 0.420026 0.233780 0.160018 205.000000 5.000000 18.000000 121.000000 0.000000 1.000000 227.817908
1 5.447913 8.000000 1.054545 1.986979 1.091007 0.329622 225.000000 5.000000 0.000000 794.000000 0.000000 1.000000 229.007554
1 2.704247 8.000000 2.020178 0.251360 0.147036 0.152817 160.000000 5.000000 0.000000 45.000000 0.000000 1.000000 201.296732
1 1.940484 8.000000 1.006288 0.357532 0.198799 0.188507 202.000000 5.000000 16.000000 49.000000 0.000000 1.000000 244.071534
1 1.853608 8.000000 1.020310 0.319906 0.182474 0.157445 190.000000 5.000000 0.000000 148.000000 0.000000 1.000000 186.045229
1 5.123589 8.000000 0.955217 2.207702 0.612836 0.262070 287.000000 5.000000 0.000000 10957.000000 0.000000 1.000000 236.629201
1 2.305991 8.000000 1.150813 0.430995 0.240547 0.263489 141.000000 5.000000 0.000000 29.000000 0.000000 1.000000 192.656781
1 4.647443 8.000000 2.933494 0.658473 0.380149 0.312741 193.000000 5.000000 0.000000 165.000000 0.000000 1.000000 161.752355
1 3.311996 8.000000 1.744342 0.635695 0.354332 0.237051 218.000000 5.000000 10.000000 239.000000 0.000000 1.000000 181.118249
1 3.980150 8.000000 1.135349 1.123376 0.627249 0.492169 463.000000 5.000000 97.000000 167.000000 0.000000 1.000000 357.953359
1 2.460688 8.000000 0.964809 0.612939 0.335025 0.242817 246.000000 5.000000 53.000000 110.000000 0.000000 1.000000 273.417248
1 1.661356 8.000000 1.047549 0.228545 0.131112 0.134668 141.000000 5.000000 0.000000 38.000000 0.000000 1.000000 169.770983
1 1.952419 8.000000 0.945269 0.388165 0.221798 0.190623 221.000000 5.000000 16.000000 98.000000 0.000000 1.000000 215.803912
1 2.763295 8.000000 1.096049 0.649043 0.378275 0.295787 287.000000 5.000000 6.000000 150.000000 0.000000 1.000000 266.520403
1 4.627376 8.000000 0.991626 1.496444 0.843426 0.472674 308.000000 5.000000 5.000000 362.000000 0.000000 1.000000 186.627275
1 2.227042 8.000000 1.053311 0.443615 0.255100 0.234468 221.000000 5.000000 26.000000 81.000000 0.000000 1.000000 234.992917
1 2.745487 8.000000 1.081665 0.654185 0.375006 0.284478 230.000000 5.000000 13.000000 119.000000 0.000000 1.000000 236.507395
1 4.506487 8.000000 1.792223 1.023823 0.625590 0.526234 434.000000 5.000000 77.000000 188.000000 0.000000 1.000000 339.064237
1 1.965330 8.000000 1.009153 0.376161 0.203903 0.184106 199.000000 5.000000 6.000000 75.000000 0.000000 1.000000 223.608526
1 1.984220 8.000000 0.988140 0.380458 0.215084 0.200717 226.000000 5.000000 4.000000 89.000000 0.000000 1.000000 267.809470
1 2.623303 8.000000 0.996571 0.669715 0.369947 0.236598 262.000000 5.000000 16.000000 94.000000 0.000000 1.000000 333.682854
1 2.209588 8.000000 1.005568 0.460396 0.271584 0.219241 240.000000 5.000000 29.000000 89.000000 0.000000 1.000000 255.490136
1 3.411683 8.000000 1.127404 0.951869 0.487198 0.387706 195.000000 5.000000 9.000000 360.000000 0.000000 1.000000 205.144788
1 5.827491 8.000000 2.010131 1.501163 0.872412 0.651892 372.000000 5.000000 56.000000 251.000000 0.000000 1.000000 291.035048
1 2.086907 8.000000 1.015646 0.413446 0.233891 0.206986 218.000000 5.000000 35.000000 65.000000 0.000000 1.000000 282.173409
1 2.878320 8.000000 1.015821 0.700748 0.406364 0.370604 212.000000 5.000000 25.000000 69.000000 0.000000 1.000000 238.476593
1 2.828088 8.000000 1.817259 0.382932 0.226258 0.203461 207.000000 5.000000 12.000000 104.000000 0.000000 1.000000 195.363667
1 4.490976 8.000000 1.440455 1.217278 0.691480 0.509115 402.000000 5.000000 139.000000 161.000000 0.000000 1.000000 327.235129
1 2.870748 8.000000 1.833312 0.388873 0.224404 0.227247 191.000000 5.000000 0.000000 67.000000 0.000000 1.000000 211.118404
1 1.767947 8.000000 1.024344 0.266284 0.155949 0.177704 185.000000 5.000000 1.000000 60.000000 0.000000 1.000000 203.086594
1 2.170305 8.000000 1.032859 0.442738 0.241938 0.232041 179.000000 5.000000 7.000000 40.000000 0.000000 1.000000 197.624979
1 3.716600 8.000000 1.855480 0.734789 0.408830 0.348146 235.000000 5.000000 5.000000 89.000000 0.000000 1.000000 354.366808
1 2.057982 8.000000 1.031630 0.398733 0.221737 0.194177 210.000000 5.000000 6.000000 83.000000 0.000000 1.000000 235.596191
1 3.014442 8.000000 1.044953 0.771805 0.442460 0.354194 222.000000 5.000000 5.000000 135.000000 0.000000 1.000000 213.126287
1 3.301627 8.000000 1.833576 0.563618 0.328588 0.275518 253.000000 5.000000 45.000000 90.000000 0.000000 1.000000 198.126036
1 4.643611 8.000000 1.037617 1.700859 0.657400 0.456732 295.000000 5.000000 1.000000 4885.000000 0.000000 1.000000 252.272777
1 2.385736 8.000000 1.712953 0.235123 0.135890 0.176129 183.000000 5.000000 6.000000 27.000000 0.000000 1.000000 215.213480
1 2.185158 8.000000 1.045872 0.444736 0.245675 0.217333 228.000000 5.000000 6.000000 105.000000 0.000000 1.000000 193.795960
1 3.160019 8.000000 1.927521 0.467900 0.255455 0.264528 158.000000 5.000000 2.000000 87.000000 0.000000 1.000000 190.281015
1 2.295789 8.000000 1.648900 0.233648 0.136311 0.149672 149.000000 5.000000 4.000000 51.000000 0.000000 1.000000 172.919341
1 1.656855 8.000000 1.029859 0.229178 0.130395 0.145205 154.000000 5.000000 9.000000 30.000000 0.000000 1.000000 171.390509
1 2.704746 8.000000 0.995671 0.661263 0.375342 0.322015 218.000000 5.000000 7.000000 84.000000 0.000000 1.000000 266.014863
1 3.924967 8.000000 2.506763 0.538080 0.309850 0.281126 281.000000 5.000000 57.000000 135.000000 0.000000 1.000000 225.058256
1 2.699699 8.000000 1.078682 0.664995 0.375707 0.230799 229.000000 5.000000 12.000000 100.000000 0.000000 1.000000 338.806112
1 3.814909 8.000000 1.835475 0.745729 0.448123 0.387056 252.000000 5.000000 10.000000 123.000000 0.000000 1.000000 254.647191
1 1.894454 8.000000 1.044424 0.321536 0.181490 0.177385 188.000000 5.000000 2.000000 50.000000 0.000000 1.000000 232.994991
1 2.989883 8.000000 1.430980 0.601883 0.326986 0.317043 192.000000 5.000000 2.000000 268.000000 0.000000 1.000000 233.035812
1 3.292511 8.000000 2.559296 0.265167 0.158439 0.160301 172.000000 5.000000 7.000000 88.000000 0.000000 1.000000 168.228502
1 2.411728 8.000000 0.990103 0.530464 0.327944 0.252853 280.000000 5.000000 29.000000 152.000000 0.000000 1.000000 224.005469
1 3.916485 8.000000 1.439468 1.039432 0.554529 0.332795 216.000000 5.000000 27.000000 689.000000 0.000000 1.000000 189.665352
1 3.257353 8.000000 1.284808 0.903446 0.443333 0.182403 201.000000 5.000000 47.000000 1393.000000 0.000000 1.000000 284.998021
1 2.454035 8.000000 1.026034 0.557847 0.325046 0.225889 250.000000 5.000000 3.000000 258.000000 0.000000 1.000000 284.244255
1 1.946275 8.000000 0.969217 0.397583 0.212130 0.161601 186.000000 5.000000 0.000000 349.000000 0.000000 1.000000 180.332641
1 2.263238 8.000000 1.421389 0.310191 0.178541 0.184101 189.000000 5.000000 7.000000 88.000000 0.000000 1.000000 194.649924
1 3.496499 8.000000 1.040780 1.029469 0.561559 0.343559 370.000000 5.000000 38.000000 713.000000 0.000000 1.000000 263.595390
1 1.660282 8.000000 0.957018 0.272039 0.147480 0.145224 167.000000 5.000000 2.000000 186.000000 0.000000 1.000000 177.309652
1 2.040147 8.000000 1.039576 0.398843 0.222134 0.171750 181.000000 5.000000 24.000000 259.000000 0.000000 1.000000 168.601275
1 2.451987 8.000000 1.013937 0.583245 0.323037 0.229225 238.000000 5.000000 32.000000 104.000000 0.000000 1.000000 278.004935
1 3.649679 8.000000 2.204606 0.521738 0.301745 0.350396 187.000000 5.000000 16.000000 77.000000 0.000000 1.000000 203.999204
1 6.359434 8.000000 1.837038 1.853563 1.031014 0.609644 461.000000 5.000000 38.000000 501.000000 0.000000 1.000000 276.035936
1 3.494856 8.000000 1.009219 1.248298 0.404823 0.235613 271.000000 5.000000 32.000000 5097.000000 0.000000 1.000000 208.530941
1 2.505693 10.000000 0.989883 0.557696 0.331727 0.328659 270.000000 5.000000 23.000000 91.000000 0.000000 1.000000 241.996267
1 2.864097 10.000000 1.042899 0.667563 0.394684 0.411212 334.000000 5.000000 18.000000 135.000000 0.000000 1.000000 265.293123
1 6.047701 10.000000 1.860561 1.577080 0.956947 0.831130 345.000000 5.000000 25.000000 211.000000 0.000000 1.000000 270.809630
1 3.525646 10.000000 1.790557 0.636430 0.371181 0.400752 295.000000 5.000000 18.000000 172.000000 0.000000 1.000000 247.057560
1 2.477957 10.000000 1.036235 0.491365 0.294913 0.390966 292.000000 5.000000 6.000000 58.000000 0.000000 1.000000 272.265679
1 3.802355 10.000000 1.730930 0.742518 0.444674 0.500858 245.000000 5.000000 15.000000 74.000000 0.000000 1.000000 260.549897
1 6.459570 10.000000 1.030780 2.647264 1.107884 0.345796 307.000000 5.000000 6.000000 5906.000000 0.000000 1.000000 281.074190
1 2.843794 10.000000 1.004367 0.678162 0.396942 0.411384 347.000000 5.000000 25.000000 135.000000 0.000000 1.000000 333.480808
1 4.441749 10.000000 1.452882 1.036958 0.627239 0.771537 338.000000 5.000000 25.000000 136.000000 0.000000 1.000000 236.387527
1 6.114508 10.000000 2.050338 1.479122 0.907953 0.847032 417.000000 5.000000 81.000000 203.000000 0.000000 1.000000 255.671885
1 3.560266 10.000000 1.172312 0.872653 0.520920 0.527384 367.000000 5.000000 13.000000 168.000000 0.000000 1.000000 295.959457
1 3.835236 10.000000 1.863776 0.718506 0.421262 0.467304 239.000000 5.000000 7.000000 156.000000 0.000000 1.000000 193.424989
1 3.023000 10.000000 1.020865 0.722472 0.438542 0.444436 355.000000 5.000000 12.000000 185.000000 0.000000 1.000000 275.365996
1 6.358925 10.000000 1.702564 1.785859 1.067294 0.843652 487.000000 5.000000 89.000000 235.000000 0.000000 1.000000 358.691382
1 5.832115 10.000000 1.006065 1.778065 1.074208 1.011025 447.000000 5.000000 51.000000 295.000000 0.000000 1.000000 263.194801
1 3.119231 10.000000 1.044113 0.737249 0.456951 0.468939 369.000000 5.000000 22.000000 124.000000 0.000000 1.000000 324.883278
1 4.767186 10.000000 1.568924 1.250464 0.716060 0.604693 288.000000 5.000000 13.000000 238.000000 0.000000 1.000000 242.748941
1 2.965803 10.000000 1.019632 0.758549 0.447837 0.335001 277.000000 5.000000 38.000000 168.000000 0.000000 1.000000 304.217764
1 4.163661 10.000000 1.610111 0.942407 0.567298 0.565130 267.000000 5.000000 6.000000 129.000000 0.000000 1.000000 268.386106
1 3.743811 10.000000 1.072587 1.038656 0.602193 0.508800 403.000000 5.000000 37.000000 275.000000 0.000000 1.000000 336.168456
1 4.668366 10.000000 1.795316 1.029426 0.604358 0.686417 362.000000 5.000000 61.000000 178.000000 0.000000 1.000000 262.229613
1 2.588439 10.000000 1.006870 0.676229 0.345656 0.230530 198.000000 5.000000 0.000000 684.000000 0.000000 1.000000 202.765206
1 2.723024 10.000000 0.936514 0.672678 0.398837 0.356834 320.000000 5.000000 72.000000 103.000000 0.000000 1.000000 310.016506
1 2.272340 10.000000 1.002342 0.465214 0.279296 0.276218 235.000000 5.000000 13.000000 151.000000 0.000000 1.000000 212.494874
1 7.266007 10.000000 1.034971 2.404295 1.478395 1.063500 574.000000 5.000000 147.000000 373.000000 0.000000 1.000000 286.003915
1 4.243750 10.000000 1.788175 0.862565 0.520470 0.614731 320.000000 5.000000 46.000000 175.000000 0.000000 1.000000 245.636820
1 3.427586 10.000000 1.045609 0.880672 0.524706 0.494488 362.000000 5.000000 59.000000 199.000000 0.000000 1.000000 248.104912
1 4.664869 10.000000 1.790336 1.021040 0.640802 0.633201 348.000000 5.000000 37.000000 161.000000 0.000000 1.000000 286.389365
1 2.776804 10.000000 1.017698 0.649097 0.392796 0.363108 275.000000 5.000000 21.000000 183.000000 0.000000 1.000000 245.823100
1 5.697385 10.000000 1.795458 1.464460 0.895531 0.725979 419.000000 5.000000 32.000000 182.000000 0.000000 1.000000 341.062359
1 3.619801 10.000000 1.146419 0.886711 0.517981 0.618289 317.000000 5.000000 5.000000 114.000000 0.000000 1.000000 285.305748
1 3.798571 10.000000 1.844620 0.737345 0.428558 0.408875 292.000000 5.000000 43.000000 143.000000 0.000000 1.000000 257.308582
1 4.344939 10.000000 1.479241 1.073978 0.645268 0.558721 445.000000 5.000000 54.000000 283.000000 0.000000 1.000000 294.359225
1 2.874397 10.000000 1.383275 0.499762 0.309561 0.402243 313.000000 5.000000 46.000000 99.000000 0.000000 1.000000 230.180076
1 2.957873 10.000000 1.019911 0.727858 0.425848 0.404244 281.000000 5.000000 49.000000 119.000000 0.000000 1.000000 250.119148
1 5.128325 10.000000 2.046763 1.092364 0.698252 0.687367 310.000000 5.000000 16.000000 142.000000 0.000000 1.000000 218.709941
1 3.223351 10.000000 1.794534 0.523544 0.306386 0.337201 240.000000 5.000000 15.000000 98.000000 0.000000 1.000000 229.758296
1 5.398744 10.000000 1.169339 1.704910 0.974004 0.659526 307.000000 5.000000 16.000000 1174.000000 0.000000 1.000000 239.611674
1 3.478961 10.000000 1.523649 0.738796 0.433953 0.406947 289.000000 5.000000 23.000000 133.000000 0.000000 1.000000 222.784819
1 6.903557 10.000000 1.046801 2.154560 1.366354 1.140489 638.000000 5.000000 17.000000 480.000000 0.000000 1.000000 252.175111
1 3.557153 10.000000 1.006734 0.987327 0.570814 0.493919 326.000000 5.000000 9.000000 163.000000 0.000000 1.000000 268.163550
1 6.439842 10.000000 1.820994 1.693019 1.031324 0.934318 601.000000 5.000000 46.000000 374.000000 0.000000 1.000000 369.260864
1 6.462547 10.000000 0.947539 2.065406 1.221549 1.143685 823.000000 5.000000 163.000000 374.000000 0.000000 1.000000 491.589499
1 5.135743 10.000000 1.035048 1.507674 0.913232 0.868656 361.000000 5.000000 20.000000 194.000000 0.000000 1.000000 257.005845
1 4.741512 10.000000 1.898061 1.049770 0.607981 0.648456 327.000000 5.000000 51.000000 123.000000 0.000000 1.000000 269.485803
1 6.699594 10.000000 1.006115 2.106040 1.265124 1.172789 639.000000 5.000000 83.000000 527.000000 0.000000 1.000000 319.023107
1 4.571779 10.000000 1.239693 1.231554 0.723604 0.725179 472.000000 5.000000 91.000000 176.000000 0.000000 1.000000 371.342867
1 2.588959 10.000000 1.141438 0.504344 0.306408 0.365201 256.000000 5.000000 9.000000 64.000000 0.000000 1.000000 257.698086
1 2.634285 10.000000 0.909312 0.681753 0.378471 0.330937 273.000000 5.000000 10.000000 313.000000 0.000000 1.000000 266.526374
1 6.681056 10.000000 1.036552 2.223851 1.276937 0.989180 459.000000 5.000000 88.000000 489.000000 0.000000 1.000000 273.761678
1 4.341095 10.000000 1.828574 0.889918 0.533669 0.631717 353.000000 5.000000 39.000000 114.000000 0.000000 1.000000 264.806630
1 2.942318 10.000000 1.080947 0.693388 0.421736 0.364682 301.000000 5.000000 12.000000 124.000000 0.000000 1.000000 268.923435
1 2.666609 10.000000 0.944908 0.612725 0.376599 0.400719 316.000000 5.000000 38.000000 106.000000 0.000000 1.000000 263.910047
1 5.460176 10.000000 0.984679 1.932025 1.082082 0.475477 363.000000 5.000000 23.000000 516.000000 0.000000 1.000000 280.439139
1 6.193012 10.000000 2.133993 1.609793 0.934923 0.681597 302.000000 5.000000 8.000000 493.000000 0.000000 1.000000 234.732733
1 3.763719 10.000000 1.383783 0.914420 0.539213 0.454978 360.000000 5.000000 14.000000 172.000000 0.000000 1.000000 340.630954
1 6.594097 10.000000 2.051839 1.691786 1.026524 0.917546 497.000000 5.000000 31.000000 262.000000 0.000000 1.000000 269.245101
1 2.119894 10.000000 1.027383 0.400894 0.239374 0.243488 210.000000 5.000000 21.000000 47.000000 0.000000 1.000000 256.371719
1 3.911236 10.000000 1.441187 0.935097 0.543176 0.516881 422.000000 5.000000 28.000000 317.000000 0.000000 1.000000 235.507486
1 9.836810 10.000000 1.016250 3.408475 2.012049 1.540074 793.000000 5.000000 134.000000 758.000000 0.000000 1.000000 304.805386
