1 4.918134 1.000000 0.000000 1.061590 0.365670 -1.000000 -1.000000 -1.000000 0.000000 3474.000000 0.000000 1.000000 365.247194
1 0.931915 1.000000 0.000000 0.398049 0.139779 -1.000000 -1.000000 -1.000000 0.000000 2307.000000 0.000000 1.000000 224.882696
1 0.989845 1.000000 0.000000 0.407500 0.136311 -1.000000 -1.000000 -1.000000 0.000000 1542.000000 0.000000 1.000000 150.561627
1 1.217512 1.000000 0.000000 0.469569 0.159063 -1.000000 -1.000000 -1.000000 0.000000 1750.000000 0.000000 1.000000 311.282653
1 4.953844 1.000000 0.000000 1.071246 0.368169 -1.000000 -1.000000 -1.000000 0.000000 5833.000000 0.000000 1.000000 247.977907
1 0.886680 1.000000 0.000000 0.370758 0.117075 -1.000000 -1.000000 -1.000000 0.000000 1859.000000 0.000000 1.000000 209.584280
1 11.720553 1.000000 0.000000 1.906455 0.616457 -1.000000 -1.000000 -1.000000 0.000000 7207.000000 0.000000 1.000000 345.741715
1 0.503606 1.000000 0.000000 0.239681 0.071414 -1.000000 -1.000000 -1.000000 0.000000 836.000000 0.000000 1.000000 140.572327
1 0.741514 1.000000 0.000000 0.337662 0.116991 -1.000000 -1.000000 -1.000000 0.000000 1323.000000 0.000000 1.000000 219.985910
1 1.529516 1.000000 0.000000 0.545915 0.189476 -1.000000 -1.000000 -1.000000 0.000000 2671.000000 0.000000 1.000000 314.992385
1 2.757145 1.000000 0.000000 0.889701 0.285943 -1.000000 -1.000000 -1.000000 0.000000 2985.000000 0.000000 1.000000 193.107007
1 3.033377 1.000000 0.000000 0.876467 0.297341 -1.000000 -1.000000 -1.000000 0.000000 3321.000000 0.000000 1.000000 376.318847
1 0.918521 1.000000 0.000000 0.407109 0.130598 -1.000000 -1.000000 -1.000000 0.000000 1316.000000 0.000000 1.000000 225.365741
1 0.519320 1.000000 0.000000 0.249595 0.078572 -1.000000 -1.000000 -1.000000 0.000000 2045.000000 0.000000 1.000000 260.886093
1 0.846995 1.000000 0.000000 0.378730 0.139366 -1.000000 -1.000000 -1.000000 0.000000 2850.000000 0.000000 1.000000 205.512154
1 0.867050 1.000000 0.000000 0.381777 0.126969 -1.000000 -1.000000 -1.000000 0.000000 1187.000000 0.000000 1.000000 205.935629
1 1.318674 1.000000 0.000000 0.539328 0.186701 -1.000000 -1.000000 -1.000000 0.000000 3508.000000 0.000000 1.000000 172.520917
1 1.601562 1.000000 0.000000 0.592080 0.207926 -1.000000 -1.000000 -1.000000 0.000000 2920.000000 0.000000 1.000000 213.141819
1 5.086109 1.000000 0.000000 1.171491 0.392646 -1.000000 -1.000000 -1.000000 0.000000 5015.000000 0.000000 1.000000 381.472490
1 1.281840 1.000000 0.000000 0.550817 0.185716 -1.000000 -1.000000 -1.000000 0.000000 2574.000000 0.000000 1.000000 169.238789
1 1.775146 1.000000 0.000000 0.677920 0.224212 -1.000000 -1.000000 -1.000000 0.000000 2330.000000 0.000000 1.000000 243.038873
1 3.768525 1.000000 0.000000 0.822272 0.279754 -1.000000 -1.000000 -1.000000 0.000000 6282.000000 0.000000 1.000000 233.920333
1 2.926914 1.000000 0.000000 0.788051 0.263594 -1.000000 -1.000000 -1.000000 0.000000 3032.000000 0.000000 1.000000 246.130161
1 2.265790 1.000000 0.000000 0.735177 0.254528 -1.000000 -1.000000 -1.000000 0.000000 3671.000000 0.000000 1.000000 300.996155
1 9.185973 1.000000 0.000000 1.264278 0.419673 -1.000000 -1.000000 -1.000000 0.000000 6575.000000 0.000000 1.000000 189.006486
1 6.723348 1.000000 0.000000 1.262137 0.418808 -1.000000 -1.000000 -1.000000 0.000000 3496.000000 0.000000 1.000000 252.209123
1 2.792535 1.000000 0.000000 0.835370 0.289165 -1.000000 -1.000000 -1.000000 0.000000 3151.000000 0.000000 1.000000 146.534811
1 0.575404 1.000000 0.000000 0.262232 0.089320 -1.000000 -1.000000 -1.000000 0.000000 983.000000 0.000000 1.000000 213.020614
1 3.031769 1.000000 0.000000 0.917062 0.349436 -1.000000 -1.000000 -1.000000 0.000000 5439.000000 0.000000 1.000000 207.007965
1 3.481925 1.000000 0.000000 0.943222 0.317107 -1.000000 -1.000000 -1.000000 0.000000 2603.000000 0.000000 1.000000 309.970287
1 0.439129 1.000000 0.000000 0.221285 0.066750 -1.000000 -1.000000 -1.000000 0.000000 793.000000 0.000000 1.000000 322.136703
1 2.845286 1.000000 0.000000 0.707659 0.229366 -1.000000 -1.000000 -1.000000 0.000000 2315.000000 0.000000 1.000000 230.775422
1 2.624581 1.000000 0.000000 0.713887 0.233442 -1.000000 -1.000000 -1.000000 0.000000 5093.000000 0.000000 1.000000 245.008813
1 2.047953 1.000000 0.000000 0.605533 0.199250 -1.000000 -1.000000 -1.000000 0.000000 2561.000000 0.000000 1.000000 219.237398
1 0.760790 1.000000 0.000000 0.331031 0.119778 -1.000000 -1.000000 -1.000000 0.000000 1630.000000 0.000000 1.000000 303.480219
1 1.559795 1.000000 0.000000 0.624780 0.201329 -1.000000 -1.000000 -1.000000 0.000000 1625.000000 0.000000 1.000000 247.349830
1 2.944627 1.000000 0.000000 0.934585 0.303001 -1.000000 -1.000000 -1.000000 0.000000 3100.000000 0.000000 1.000000 219.153742
1 1.526820 1.000000 0.000000 0.529641 0.175376 -1.000000 -1.000000 -1.000000 0.000000 3130.000000 0.000000 1.000000 211.437927
1 0.751370 1.000000 0.000000 0.297473 0.098611 -1.000000 -1.000000 -1.000000 0.000000 1414.000000 0.000000 1.000000 260.313517
1 1.476634 1.000000 0.000000 0.503572 0.168062 -1.000000 -1.000000 -1.000000 0.000000 3037.000000 0.000000 1.000000 175.545344
1 0.753721 1.000000 0.000000 0.317808 0.096143 -1.000000 -1.000000 -1.000000 0.000000 1426.000000 0.000000 1.000000 202.228651
1 1.431614 1.000000 0.000000 0.565201 0.197747 -1.000000 -1.000000 -1.000000 0.000000 1675.000000 0.000000 1.000000 240.157390
1 1.287810 1.000000 0.000000 0.505599 0.160280 -1.000000 -1.000000 -1.000000 0.000000 2057.000000 0.000000 1.000000 225.143247
1 0.985945 1.000000 0.000000 0.387941 0.116869 -1.000000 -1.000000 -1.000000 0.000000 2069.000000 0.000000 1.000000 315.536795
1 1.334306 1.000000 0.000000 0.499985 0.174075 -1.000000 -1.000000 -1.000000 0.000000 2149.000000 0.000000 1.000000 339.902195
1 2.922435 1.000000 0.000000 0.690417 0.230735 -1.000000 -1.000000 -1.000000 0.000000 3004.000000 0.000000 1.000000 242.209242
1 1.719505 1.000000 0.000000 0.534410 0.186038 -1.000000 -1.000000 -1.000000 0.000000 3067.000000 0.000000 1.000000 142.517604
1 1.273913 1.000000 0.000000 0.398830 0.131090 -1.000000 -1.000000 -1.000000 0.000000 1853.000000 0.000000 1.000000 243.541200
1 2.827729 1.000000 0.000000 0.668239 0.212392 -1.000000 -1.000000 -1.000000 0.000000 3651.000000 0.000000 1.000000 386.736473
1 0.667936 1.000000 0.000000 0.280513 0.096994 -1.000000 -1.000000 -1.000000 0.000000 1002.000000 0.000000 1.000000 289.402283
1 2.403613 1.000000 0.000000 0.655437 0.206734 -1.000000 -1.000000 -1.000000 0.000000 4256.000000 0.000000 1.000000 210.993673
1 3.775864 1.000000 0.000000 0.874228 0.286663 -1.000000 -1.000000 -1.000000 0.000000 3603.000000 0.000000 1.000000 301.830992
1 3.149353 1.000000 0.000000 0.909871 0.310257 -1.000000 -1.000000 -1.000000 0.000000 5458.000000 0.000000 1.000000 216.244971
1 0.197329 1.000000 0.000000 0.116416 0.037309 -1.000000 -1.000000 -1.000000 0.000000 366.000000 0.000000 1.000000 169.875838
1 3.331304 1.000000 0.000000 1.000222 0.334805 -1.000000 -1.000000 -1.000000 0.000000 4448.000000 0.000000 1.000000 218.082502
1 7.733265 1.000000 0.000000 1.201104 0.422545 -1.000000 -1.000000 -1.000000 0.000000 3709.000000 0.000000 1.000000 247.972438
1 0.279884 1.000000 0.000000 0.136897 0.046330 -1.000000 -1.000000 -1.000000 0.000000 905.000000 0.000000 1.000000 245.009754
1 5.931211 1.000000 0.000000 1.065281 0.358822 -1.000000 -1.000000 -1.000000 0.000000 3163.000000 0.000000 1.000000 159.324812
1 5.229847 1.000000 0.000000 1.043628 0.334867 -1.000000 -1.000000 -1.000000 0.000000 5351.000000 0.000000 1.000000 139.058287
1 12.457107 1.000000 0.000000 1.685784 0.552118 -1.000000 -1.000000 -1.000000 0.000000 4202.000000 0.000000 1.000000 199.571516
1 0.981957 2.000000 0.000000 0.379094 0.132890 -1.000000 -1.000000 -1.000000 0.000000 2173.000000 0.000000 1.000000 191.718045
1 5.988966 2.000000 0.000000 1.451736 0.475294 -1.000000 -1.000000 -1.000000 0.000000 5809.000000 0.000000 1.000000 304.226314
1 3.065147 2.000000 0.000000 0.905724 0.352310 -1.000000 -1.000000 -1.000000 36.000000 7075.000000 0.000000 1.000000 228.902873
1 2.994010 2.000000 0.000000 0.842165 0.284704 -1.000000 -1.000000 -1.000000 0.000000 3512.000000 0.000000 1.000000 247.196670
1 7.877702 2.000000 0.000000 1.200976 0.432910 -1.000000 -1.000000 -1.000000 0.000000 5995.000000 0.000000 1.000000 317.194504
1 7.503401 2.000000 0.000000 1.353606 0.477596 -1.000000 -1.000000 -1.000000 0.000000 5426.000000 0.000000 1.000000 208.842683
1 8.119832 2.000000 0.000000 1.682276 0.659378 -1.000000 -1.000000 -1.000000 0.000000 12255.000000 0.000000 1.000000 245.861191
1 16.210220 2.000000 0.000000 2.551797 0.894220 -1.000000 -1.000000 -1.000000 0.000000 7808.000000 0.000000 1.000000 256.199807
1 12.985892 2.000000 0.000000 2.232487 0.790299 -1.000000 -1.000000 -1.000000 13.000000 7867.000000 0.000000 1.000000 254.932939
1 1.520846 2.000000 0.000000 0.593462 0.187841 -1.000000 -1.000000 -1.000000 0.000000 3394.000000 0.000000 1.000000 182.206572
1 2.159797 2.000000 0.000000 0.737785 0.244188 -1.000000 -1.000000 -1.000000 0.000000 3890.000000 0.000000 1.000000 202.240641
1 5.018333 2.000000 0.000000 1.048146 0.380728 -1.000000 -1.000000 -1.000000 1.000000 4051.000000 0.000000 1.000000 226.128544
1 3.247782 2.000000 0.000000 0.975305 0.335541 -1.000000 -1.000000 -1.000000 0.000000 6018.000000 0.000000 1.000000 275.428339
1 7.668744 2.000000 0.000000 1.977339 0.699164 -1.000000 -1.000000 -1.000000 254.000000 3955.000000 0.000000 1.000000 215.147887
1 4.903702 2.000000 0.000000 1.204889 0.427368 -1.000000 -1.000000 -1.000000 0.000000 5399.000000 0.000000 1.000000 282.944485
1 2.244049 2.000000 0.000000 0.875145 0.309108 -1.000000 -1.000000 -1.000000 9.000000 5990.000000 0.000000 1.000000 275.875920
1 5.102193 2.000000 0.000000 1.379998 0.497830 -1.000000 -1.000000 -1.000000 39.000000 6614.000000 0.000000 1.000000 229.741342
1 11.656902 2.000000 0.000000 1.679168 0.543586 -1.000000 -1.000000 -1.000000 0.000000 11691.000000 0.000000 1.000000 223.526654
1 12.488513 2.000000 0.000000 2.121319 0.727874 -1.000000 -1.000000 -1.000000 50.000000 7784.000000 0.000000 1.000000 314.978669
1 1.265875 2.000000 0.000000 0.494051 0.165895 -1.000000 -1.000000 -1.000000 10.000000 2217.000000 0.000000 1.000000 232.292238
1 14.035540 2.000000 0.000000 2.145615 0.712689 -1.000000 -1.000000 -1.000000 0.000000 9937.000000 0.000000 1.000000 266.984870
1 1.433040 2.000000 0.000000 0.542500 0.192925 -1.000000 -1.000000 -1.000000 0.000000 2602.000000 0.000000 1.000000 252.708470
1 0.956139 2.000000 0.000000 0.430246 0.151067 -1.000000 -1.000000 -1.000000 0.000000 2065.000000 0.000000 1.000000 184.612523
1 7.503185 2.000000 0.000000 1.694932 0.572309 -1.000000 -1.000000 -1.000000 6.000000 8408.000000 0.000000 1.000000 324.367682
1 8.698108 2.000000 0.000000 1.604605 0.565609 -1.000000 -1.000000 -1.000000 0.000000 6320.000000 0.000000 1.000000 184.986487
1 8.203006 2.000000 0.000000 1.436071 0.519655 -1.000000 -1.000000 -1.000000 0.000000 7565.000000 0.000000 1.000000 347.261710
1 7.702933 2.000000 0.000000 1.910677 0.663746 -1.000000 -1.000000 -1.000000 33.000000 6707.000000 0.000000 1.000000 225.847470
1 14.338724 2.000000 0.000000 2.188721 0.802427 -1.000000 -1.000000 -1.000000 0.000000 7368.000000 0.000000 1.000000 227.638959
1 11.520000 2.000000 0.000000 2.208530 0.794616 -1.000000 -1.000000 -1.000000 6.000000 6526.000000 0.000000 1.000000 340.775199
1 6.528328 2.000000 0.000000 1.291699 0.455859 -1.000000 -1.000000 -1.000000 13.000000 6099.000000 0.000000 1.000000 247.245389
1 5.755698 2.000000 0.000000 1.107918 0.358129 -1.000000 -1.000000 -1.000000 0.000000 5609.000000 0.000000 1.000000 260.477712
1 3.592608 2.000000 0.000000 0.977212 0.338517 -1.000000 -1.000000 -1.000000 0.000000 3502.000000 0.000000 1.000000 179.591288
1 6.274787 2.000000 0.000000 1.242133 0.425230 -1.000000 -1.000000 -1.000000 0.000000 4390.000000 0.000000 1.000000 179.465202
1 1.492774 2.000000 0.000000 0.595562 0.193474 -1.000000 -1.000000 -1.000000 0.000000 2222.000000 0.000000 1.000000 179.212190
1 3.842760 2.000000 0.000000 1.007014 0.319622 -1.000000 -1.000000 -1.000000 0.000000 2495.000000 0.000000 1.000000 232.710258
1 7.104846 2.000000 0.000000 1.548731 0.522155 -1.000000 -1.000000 -1.000000 11.000000 7391.000000 0.000000 1.000000 255.751915
1 9.029987 2.000000 0.000000 1.719094 0.592281 -1.000000 -1.000000 -1.000000 24.000000 7295.000000 0.000000 1.000000 224.011195
1 4.005084 2.000000 0.000000 1.149413 0.367581 -1.000000 -1.000000 -1.000000 0.000000 7022.000000 0.000000 1.000000 226.609794
1 3.402589 2.000000 0.000000 0.960661 0.327177 -1.000000 -1.000000 -1.000000 0.000000 5832.000000 0.000000 1.000000 227.171724
1 9.526540 2.000000 0.000000 1.512335 0.508825 -1.000000 -1.000000 -1.000000 64.000000 6074.000000 0.000000 1.000000 239.418774
1 13.588895 2.000000 0.000000 2.337659 0.764638 -1.000000 -1.000000 -1.000000 49.000000 7815.000000 0.000000 1.000000 386.399552
1 5.260484 2.000000 0.000000 0.972084 0.345918 -1.000000 -1.000000 -1.000000 104.000000 4105.000000 0.000000 1.000000 264.207713
1 4.473352 2.000000 0.000000 1.243786 0.416469 -1.000000 -1.000000 -1.000000 0.000000 6799.000000 0.000000 1.000000 229.963858
1 9.670356 2.000000 0.000000 1.842837 0.635135 -1.000000 -1.000000 -1.000000 10.000000 7231.000000 0.000000 1.000000 243.744410
1 4.485357 2.000000 0.000000 1.138055 0.344140 -1.000000 -1.000000 -1.000000 0.000000 4693.000000 0.000000 1.000000 163.695969
1 2.317455 2.000000 0.000000 0.677603 0.256955 -1.000000 -1.000000 -1.000000 0.000000 2952.000000 0.000000 1.000000 198.311013
1 7.477223 2.000000 0.000000 1.412560 0.486801 -1.000000 -1.000000 -1.000000 40.000000 5020.000000 0.000000 1.000000 289.673132
1 3.043152 2.000000 0.000000 0.998798 0.325292 -1.000000 -1.000000 -1.000000 0.000000 4506.000000 0.000000 1.000000 301.260585
1 16.500215 2.000000 0.000000 2.559240 0.901748 -1.000000 -1.000000 -1.000000 73.000000 8197.000000 0.000000 1.000000 201.388399
1 0.811208 2.000000 0.000000 0.390037 0.175548 -1.000000 -1.000000 -1.000000 333.000000 2868.000000 0.000000 1.000000 167.480839
1 10.244146 2.000000 0.000000 1.890444 0.657010 -1.000000 -1.000000 -1.000000 0.000000 6214.000000 0.000000 1.000000 269.153929
1 5.991123 2.000000 0.000000 1.363060 0.482985 -1.000000 -1.000000 -1.000000 0.000000 5637.000000 0.000000 1.000000 245.121992
1 2.798626 2.000000 0.000000 0.695930 0.236964 -1.000000 -1.000000 -1.000000 0.000000 3324.000000 0.000000 1.000000 194.891173
1 4.182967 2.000000 0.000000 0.987696 0.357789 -1.000000 -1.000000 -1.000000 14.000000 6048.000000 0.000000 1.000000 267.095978
1 9.523517 2.000000 0.000000 1.504906 0.551247 -1.000000 -1.000000 -1.000000 0.000000 4173.000000 0.000000 1.000000 182.707882
1 12.161046 2.000000 0.000000 1.865746 0.640527 -1.000000 -1.000000 -1.000000 27.000000 9400.000000 0.000000 1.000000 331.015786
1 10.302953 2.000000 0.000000 1.865941 0.620468 -1.000000 -1.000000 -1.000000 30.000000 5853.000000 0.000000 1.000000 241.248768
1 6.987190 2.000000 0.000000 1.090134 0.380278 -1.000000 -1.000000 -1.000000 0.000000 4557.000000 0.000000 1.000000 307.879532
1 2.991760 2.000000 0.000000 0.755538 0.275185 -1.000000 -1.000000 -1.000000 232.000000 3849.000000 0.000000 1.000000 205.024250
1 17.841323 2.000000 0.000000 2.378138 0.809484 -1.000000 -1.000000 -1.000000 0.000000 10112.000000 0.000000 1.000000 242.748499
1 5.906631 4.000000 0.000000 1.873071 0.638927 -1.000000 -1.000000 -1.000000 1.000000 9442.000000 0.000000 1.000000 219.845737
0 90.492410 4.000000 0.000000 4.422064 1.660385 -1.000000 -1.000000 -1.000000 332.000000 8427.000000 0.000000 1.000000 -1.000000
1 11.452726 4.000000 0.000000 2.133658 0.779018 -1.000000 -1.000000 -1.000000 1252.000000 8816.000000 0.000000 1.000000 287.400503
1 19.815909 4.000000 0.000000 3.523963 1.292618 -1.000000 -1.000000 -1.000000 80.000000 14451.000000 0.000000 1.000000 210.905501
1 6.608189 4.000000 0.000000 1.914907 0.652792 -1.000000 -1.000000 -1.000000 226.000000 10034.000000 0.000000 1.000000 192.087832
1 8.369227 4.000000 0.000000 2.120992 0.741517 -1.000000 -1.000000 -1.000000 23.000000 9001.000000 0.000000 1.000000 223.154532
1 14.889556 4.000000 0.000000 2.783953 0.989223 -1.000000 -1.000000 -1.000000 666.000000 14730.000000 0.000000 1.000000 154.533524
1 22.076846 4.000000 0.000000 3.881842 1.393331 -1.000000 -1.000000 -1.000000 272.000000 18568.000000 0.000000 1.000000 213.703149
0 90.345901 4.000000 0.000000 5.233490 1.948884 -1.000000 -1.000000 -1.000000 70.000000 11513.000000 0.000000 1.000000 -1.000000
1 15.722074 4.000000 0.000000 2.410075 0.844812 -1.000000 -1.000000 -1.000000 27.000000 6315.000000 0.000000 1.000000 168.690099
1 6.441413 4.000000 0.000000 1.711861 0.572970 -1.000000 -1.000000 -1.000000 14.000000 10977.000000 0.000000 1.000000 217.750596
1 22.247873 4.000000 0.000000 3.361111 1.219296 -1.000000 -1.000000 -1.000000 652.000000 14287.000000 0.000000 1.000000 210.674806
1 18.962721 4.000000 0.000000 3.351001 1.169198 -1.000000 -1.000000 -1.000000 156.000000 11675.000000 0.000000 1.000000 215.708981
1 25.476844 4.000000 0.000000 2.923051 1.081304 -1.000000 -1.000000 -1.000000 2205.000000 12875.000000 0.000000 1.000000 252.730440
1 2.996742 4.000000 0.000000 1.172033 0.402443 -1.000000 -1.000000 -1.000000 20.000000 9082.000000 0.000000 1.000000 155.974425
1 10.237642 4.000000 0.000000 2.364099 0.870559 -1.000000 -1.000000 -1.000000 1121.000000 10663.000000 0.000000 1.000000 235.613175
1 10.732567 4.000000 0.000000 2.307327 0.831743 -1.000000 -1.000000 -1.000000 51.000000 9867.000000 0.000000 1.000000 189.912573
1 9.722355 4.000000 0.000000 2.081722 0.784772 -1.000000 -1.000000 -1.000000 71.000000 12889.000000 0.000000 1.000000 144.560698
1 5.886631 4.000000 0.000000 1.633472 0.617530 -1.000000 -1.000000 -1.000000 692.000000 7210.000000 0.000000 1.000000 183.737936
1 14.350633 4.000000 0.000000 2.521472 0.918537 -1.000000 -1.000000 -1.000000 390.000000 8984.000000 0.000000 1.000000 178.750278
1 14.716373 4.000000 0.000000 2.952142 1.050065 -1.000000 -1.000000 -1.000000 445.000000 13594.000000 0.000000 1.000000 226.746961
1 12.215761 4.000000 0.000000 2.351433 0.818755 -1.000000 -1.000000 -1.000000 825.000000 11721.000000 0.000000 1.000000 189.505926
1 31.411666 4.000000 0.000000 3.633515 1.242873 -1.000000 -1.000000 -1.000000 215.000000 15338.000000 0.000000 1.000000 188.533206
1 7.771913 4.000000 0.000000 1.835169 0.659324 -1.000000 -1.000000 -1.000000 327.000000 7939.000000 0.000000 1.000000 180.027112
1 14.002517 4.000000 0.000000 2.747227 0.996787 -1.000000 -1.000000 -1.000000 261.000000 13432.000000 0.000000 1.000000 205.960382
1 6.950499 4.000000 0.000000 1.990622 0.707287 -1.000000 -1.000000 -1.000000 367.000000 8948.000000 0.000000 1.000000 231.540587
1 3.047251 4.000000 0.000000 1.000103 0.347311 -1.000000 -1.000000 -1.000000 100.000000 8117.000000 0.000000 1.000000 191.491290
1 21.248097 4.000000 0.000000 3.261454 1.158811 -1.000000 -1.000000 -1.000000 384.000000 9942.000000 0.000000 1.000000 177.602848
1 10.253413 4.000000 0.000000 2.082159 0.734608 -1.000000 -1.000000 -1.000000 48.000000 11416.000000 0.000000 1.000000 199.266462
1 8.535513 4.000000 0.000000 1.945646 0.687015 -1.000000 -1.000000 -1.000000 7.000000 10753.000000 0.000000 1.000000 185.867625
1 6.858203 4.000000 0.000000 1.299707 0.446711 -1.000000 -1.000000 -1.000000 19.000000 8239.000000 0.000000 1.000000 212.958551
1 7.101240 4.000000 0.000000 1.362131 0.453950 -1.000000 -1.000000 -1.000000 62.000000 6849.000000 0.000000 1.000000 203.291014
1 10.661243 4.000000 0.000000 2.014981 0.728004 -1.000000 -1.000000 -1.000000 187.000000 11070.000000 0.000000 1.000000 185.519097
1 4.344889 4.000000 0.000000 1.311610 0.462216 -1.000000 -1.000000 -1.000000 27.000000 8507.000000 0.000000 1.000000 156.349555
0 90.103499 4.000000 0.000000 4.035619 1.459787 -1.000000 -1.000000 -1.000000 127.000000 11060.000000 0.000000 1.000000 -1.000000
1 19.185395 4.000000 0.000000 2.873665 1.027214 -1.000000 -1.000000 -1.000000 364.000000 15554.000000 0.000000 1.000000 248.876616
1 1.390296 4.000000 0.000000 0.598483 0.208579 -1.000000 -1.000000 -1.000000 0.000000 5697.000000 0.000000 1.000000 149.974194
1 3.909903 4.000000 0.000000 1.399335 0.496340 -1.000000 -1.000000 -1.000000 478.000000 6838.000000 0.000000 1.000000 167.789792
1 13.054514 4.000000 0.000000 3.026159 1.088551 -1.000000 -1.000000 -1.000000 648.000000 13999.000000 0.000000 1.000000 237.716375
1 2.304970 4.000000 0.000000 0.905740 0.304019 -1.000000 -1.000000 -1.000000 147.000000 6769.000000 0.000000 1.000000 213.565747
1 3.185332 4.000000 0.000000 1.243356 0.460670 -1.000000 -1.000000 -1.000000 4.000000 4660.000000 0.000000 1.000000 139.812911
0 90.452611 4.000000 0.000000 4.417232 1.669844 -1.000000 -1.000000 -1.000000 562.000000 12108.000000 0.000000 1.000000 -1.000000
1 4.205137 4.000000 0.000000 1.356720 0.481688 -1.000000 -1.000000 -1.000000 41.000000 10597.000000 0.000000 1.000000 169.400784
1 15.231522 4.000000 0.000000 2.536912 0.934800 -1.000000 -1.000000 -1.000000 316.000000 10872.000000 0.000000 1.000000 224.917806
1 11.202255 4.000000 0.000000 2.258664 0.806424 -1.000000 -1.000000 -1.000000 725.000000 12272.000000 0.000000 1.000000 181.194949
1 1.779126 4.000000 0.000000 0.656717 0.224202 -1.000000 -1.000000 -1.000000 0.000000 6326.000000 0.000000 1.000000 238.857076
1 5.555002 4.000000 0.000000 1.379123 0.483827 -1.000000 -1.000000 -1.000000 449.000000 8151.000000 0.000000 1.000000 154.086886
1 5.697224 4.000000 0.000000 1.278806 0.470888 -1.000000 -1.000000 -1.000000 135.000000 8920.000000 0.000000 1.000000 185.082574
1 2.271073 4.000000 0.000000 0.953809 0.321300 -1.000000 -1.000000 -1.000000 208.000000 7556.000000 0.000000 1.000000 238.503960
1 4.806273 4.000000 0.000000 1.367175 0.463700 -1.000000 -1.000000 -1.000000 221.000000 7905.000000 0.000000 1.000000 237.115022
1 1.753622 4.000000 0.000000 0.700065 0.237998 -1.000000 -1.000000 -1.000000 32.000000 4487.000000 0.000000 1.000000 173.646134
1 10.746154 4.000000 0.000000 2.395901 0.849082 -1.000000 -1.000000 -1.000000 193.000000 15893.000000 0.000000 1.000000 206.473605
1 16.304227 4.000000 0.000000 2.524545 0.920178 -1.000000 -1.000000 -1.000000 93.000000 10363.000000 0.000000 1.000000 209.010571
1 11.074187 4.000000 0.000000 1.852426 0.669330 -1.000000 -1.000000 -1.000000 103.000000 8290.000000 0.000000 1.000000 183.685750
1 4.315492 4.000000 0.000000 1.010828 0.354155 -1.000000 -1.000000 -1.000000 506.000000 5722.000000 0.000000 1.000000 258.284635
0 90.329125 4.000000 0.000000 4.207913 1.518650 -1.000000 -1.000000 -1.000000 313.000000 11385.000000 0.000000 1.000000 -1.000000
1 21.009153 4.000000 0.000000 2.729948 0.957851 -1.000000 -1.000000 -1.000000 151.000000 13901.000000 0.000000 1.000000 175.840227
1 9.924464 4.000000 0.000000 2.141777 0.753402 -1.000000 -1.000000 -1.000000 1549.000000 11653.000000 0.000000 1.000000 235.066912
1 6.108355 4.000000 0.000000 1.691024 0.594558 -1.000000 -1.000000 -1.000000 22.000000 9807.000000 0.000000 1.000000 220.548470
1 1.636018 4.000000 0.000000 0.789517 0.272360 -1.000000 -1.000000 -1.000000 457.000000 4231.000000 0.000000 1.000000 165.681997
1 6.659412 6.000000 0.000000 2.153553 0.832363 -1.000000 -1.000000 -1.000000 897.000000 9116.000000 0.000000 1.000000 185.225159
1 12.408323 6.000000 0.000000 2.977919 1.064778 -1.000000 -1.000000 -1.000000 1179.000000 15589.000000 0.000000 1.000000 186.057439
1 9.055084 6.000000 0.000000 2.146865 0.769971 -1.000000 -1.000000 -1.000000 339.000000 15116.000000 0.000000 1.000000 228.550168
1 14.157875 6.000000 0.000000 3.324519 1.127709 -1.000000 -1.000000 -1.000000 297.000000 26694.000000 0.000000 1.000000 214.563087
1 4.773625 6.000000 0.000000 1.403114 0.509155 -1.000000 -1.000000 -1.000000 396.000000 9558.000000 0.000000 1.000000 170.024398
1 12.774490 6.000000 0.000000 2.761709 0.966817 -1.000000 -1.000000 -1.000000 264.000000 14467.000000 0.000000 1.000000 162.232898
1 13.993867 6.000000 0.000000 2.724072 0.963949 -1.000000 -1.000000 -1.000000 3425.000000 14083.000000 0.000000 1.000000 188.147658
1 29.249750 6.000000 0.000000 3.640030 1.408704 -1.000000 -1.000000 -1.000000 1285.000000 18561.000000 0.000000 1.000000 210.777047
1 24.832828 6.000000 0.000000 3.655205 1.369869 -1.000000 -1.000000 -1.000000 2753.000000 19753.000000 0.000000 1.000000 180.197171
1 16.352032 6.000000 0.000000 2.286534 0.877542 -1.000000 -1.000000 -1.000000 1933.000000 11337.000000 0.000000 1.000000 179.018637
0 90.439746 6.000000 0.000000 5.345379 2.042496 -1.000000 -1.000000 -1.000000 791.000000 20816.000000 0.000000 1.000000 -1.000000
1 6.485206 6.000000 0.000000 1.404164 0.526987 -1.000000 -1.000000 -1.000000 796.000000 11263.000000 0.000000 1.000000 137.990777
1 17.886187 6.000000 0.000000 3.207821 1.178962 -1.000000 -1.000000 -1.000000 3088.000000 19094.000000 0.000000 1.000000 188.087198
0 90.319275 6.000000 0.000000 4.910043 1.909850 -1.000000 -1.000000 -1.000000 1448.000000 18180.000000 0.000000 1.000000 -1.000000
0 90.189458 6.000000 0.000000 4.606748 1.817522 -1.000000 -1.000000 -1.000000 971.000000 20612.000000 0.000000 1.000000 -1.000000
1 11.313736 6.000000 0.000000 2.637521 1.004121 -1.000000 -1.000000 -1.000000 918.000000 16387.000000 0.000000 1.000000 157.371613
1 10.958666 6.000000 0.000000 2.379206 0.864190 -1.000000 -1.000000 -1.000000 716.000000 15240.000000 0.000000 1.000000 166.292292
0 90.307383 6.000000 0.000000 4.386951 1.625344 -1.000000 -1.000000 -1.000000 723.000000 12321.000000 0.000000 1.000000 -1.000000
1 23.882503 6.000000 0.000000 2.861704 1.089878 -1.000000 -1.000000 -1.000000 1413.000000 18203.000000 0.000000 1.000000 193.860564
1 38.937833 6.000000 0.000000 3.846784 1.372757 -1.000000 -1.000000 -1.000000 148.000000 21709.000000 0.000000 1.000000 211.258286
1 10.964741 6.000000 0.000000 2.386296 0.845815 -1.000000 -1.000000 -1.000000 1029.000000 16472.000000 0.000000 1.000000 241.484911
0 90.670045 6.000000 0.000000 3.716329 1.368628 -1.000000 -1.000000 -1.000000 127.000000 9470.000000 0.000000 1.000000 -1.000000
1 2.736077 6.000000 0.000000 0.886763 0.330157 -1.000000 -1.000000 -1.000000 117.000000 6669.000000 0.000000 1.000000 132.137019
1 15.311865 6.000000 0.000000 2.433333 0.928884 -1.000000 -1.000000 -1.000000 807.000000 15932.000000 0.000000 1.000000 189.637573
0 90.261556 6.000000 0.000000 4.580340 1.660905 -1.000000 -1.000000 -1.000000 1177.000000 12911.000000 0.000000 1.000000 -1.000000
1 44.297647 6.000000 0.000000 4.423980 1.691731 -1.000000 -1.000000 -1.000000 541.000000 21805.000000 0.000000 1.000000 194.229866
1 32.586145 6.000000 0.000000 4.614921 1.692200 -1.000000 -1.000000 -1.000000 3892.000000 29412.000000 0.000000 1.000000 222.669488
1 10.543770 6.000000 0.000000 2.075636 0.760705 -1.000000 -1.000000 -1.000000 402.000000 11789.000000 0.000000 1.000000 193.246424
1 9.842945 6.000000 0.000000 1.954785 0.715000 -1.000000 -1.000000 -1.000000 562.000000 11459.000000 0.000000 1.000000 168.754240
1 6.839049 6.000000 0.000000 1.778259 0.664323 -1.000000 -1.000000 -1.000000 463.000000 12001.000000 0.000000 1.000000 231.146648
1 31.890803 6.000000 0.000000 4.069033 1.485532 -1.000000 -1.000000 -1.000000 1551.000000 21528.000000 0.000000 1.000000 187.639613
1 6.123202 6.000000 0.000000 1.800549 0.652145 -1.000000 -1.000000 -1.000000 430.000000 11433.000000 0.000000 1.000000 213.818196
1 10.266872 6.000000 0.000000 2.398386 0.902380 -1.000000 -1.000000 -1.000000 278.000000 19950.000000 0.000000 1.000000 183.305443
1 27.088324 6.000000 0.000000 3.896665 1.474772 -1.000000 -1.000000 -1.000000 1319.000000 24280.000000 0.000000 1.000000 206.702726
1 7.703590 6.000000 0.000000 1.745584 0.633040 -1.000000 -1.000000 -1.000000 287.000000 11408.000000 0.000000 1.000000 185.007846
1 11.221627 6.000000 0.000000 2.439877 0.861888 -1.000000 -1.000000 -1.000000 186.000000 18630.000000 0.000000 1.000000 158.473006
1 6.603983 6.000000 0.000000 1.880302 0.681927 -1.000000 -1.000000 -1.000000 404.000000 14231.000000 0.000000 1.000000 187.158689
1 26.719362 6.000000 0.000000 3.851055 1.423126 -1.000000 -1.000000 -1.000000 908.000000 21113.000000 0.000000 1.000000 128.592298
1 13.441896 6.000000 0.000000 2.406688 0.873256 -1.000000 -1.000000 -1.000000 1386.000000 17854.000000 0.000000 1.000000 205.788469
1 47.263152 6.000000 0.000000 3.579647 1.317304 -1.000000 -1.000000 -1.000000 4047.000000 25669.000000 0.000000 1.000000 245.655288
1 21.452377 6.000000 0.000000 3.031823 1.070467 -1.000000 -1.000000 -1.000000 1354.000000 17931.000000 0.000000 1.000000 183.715061
1 15.087262 6.000000 0.000000 2.764691 0.987316 -1.000000 -1.000000 -1.000000 647.000000 15400.000000 0.000000 1.000000 185.177861
0 90.858772 6.000000 0.000000 3.976992 1.452891 -1.000000 -1.000000 -1.000000 572.000000 15059.000000 0.000000 1.000000 -1.000000
1 17.110630 6.000000 0.000000 2.429231 0.920859 -1.000000 -1.000000 -1.000000 480.000000 14387.000000 0.000000 1.000000 216.352181
0 90.485812 6.000000 0.000000 3.901731 1.570538 -1.000000 -1.000000 -1.000000 638.000000 18562.000000 0.000000 1.000000 -1.000000
1 23.391217 6.000000 0.000000 2.739230 1.057077 -1.000000 -1.000000 -1.000000 2173.000000 19972.000000 0.000000 1.000000 161.800963
1 15.826349 6.000000 0.000000 2.554600 0.925759 -1.000000 -1.000000 -1.000000 671.000000 19046.000000 0.000000 1.000000 163.355147
1 14.530690 6.000000 0.000000 2.572114 0.964219 -1.000000 -1.000000 -1.000000 1408.000000 14688.000000 0.000000 1.000000 218.146593
1 17.775610 6.000000 0.000000 3.239114 1.212341 -1.000000 -1.000000 -1.000000 738.000000 19456.000000 0.000000 1.000000 236.055064
1 61.790768 6.000000 0.000000 5.157025 1.945298 -1.000000 -1.000000 -1.000000 3566.000000 23433.000000 0.000000 1.000000 262.029576
0 90.199174 6.000000 0.000000 4.190182 1.539593 -1.000000 -1.000000 -1.000000 414.000000 13968.000000 0.000000 1.000000 -1.000000
1 10.282093 6.000000 0.000000 2.192716 0.739673 -1.000000 -1.000000 -1.000000 2118.000000 16031.000000 0.000000 1.000000 194.100520
1 10.418533 6.000000 0.000000 1.990245 0.707517 -1.000000 -1.000000 -1.000000 457.000000 11712.000000 0.000000 1.000000 194.439407
1 14.753752 6.000000 0.000000 2.705443 1.057379 -1.000000 -1.000000 -1.000000 965.000000 23498.000000 0.000000 1.000000 234.812668
1 29.053344 6.000000 0.000000 3.646730 1.372199 -1.000000 -1.000000 -1.000000 2713.000000 21848.000000 0.000000 1.000000 231.063363
0 90.076207 6.000000 0.000000 5.384015 2.112650 -1.000000 -1.000000 -1.000000 1040.000000 24752.000000 0.000000 1.000000 -1.000000
1 17.677917 6.000000 0.000000 3.969329 1.472771 -1.000000 -1.000000 -1.000000 2072.000000 18317.000000 0.000000 1.000000 202.166255
1 8.616344 6.000000 0.000000 1.966420 0.740321 -1.000000 -1.000000 -1.000000 495.000000 14866.000000 0.000000 1.000000 193.617733
0 90.351593 6.000000 0.000000 3.871197 1.515013 -1.000000 -1.000000 -1.000000 210.000000 15146.000000 0.000000 1.000000 -1.000000
0 90.233236 6.000000 0.000000 4.807936 1.810398 -1.000000 -1.000000 -1.000000 506.000000 18250.000000 0.000000 1.000000 -1.000000
1 13.581062 8.000000 0.000000 3.290044 1.239725 -1.000000 -1.000000 -1.000000 1415.000000 18286.000000 0.000000 1.000000 212.432787
0 90.224430 8.000000 0.000000 4.109090 1.575076 -1.000000 -1.000000 -1.000000 385.000000 16790.000000 0.000000 1.000000 -1.000000
0 90.180827 8.000000 0.000000 5.750768 2.252441 -1.000000 -1.000000 -1.000000 2487.000000 29847.000000 0.000000 1.000000 -1.000000
1 13.366258 8.000000 0.000000 3.411160 1.261800 -1.000000 -1.000000 -1.000000 1488.000000 22546.000000 0.000000 1.000000 160.811133
1 29.211950 8.000000 0.000000 5.085712 1.816727 -1.000000 -1.000000 -1.000000 356.000000 28246.000000 0.000000 1.000000 173.160611
1 55.473598 8.000000 0.000000 5.976883 2.244182 -1.000000 -1.000000 -1.000000 2396.000000 35456.000000 0.000000 1.000000 209.472858
1 34.861076 8.000000 0.000000 3.471049 1.269884 -1.000000 -1.000000 -1.000000 3420.000000 21252.000000 0.000000 1.000000 150.362911
0 90.493574 8.000000 0.000000 3.469377 1.313286 -1.000000 -1.000000 -1.000000 211.000000 11583.000000 0.000000 1.000000 -1.000000
1 30.710031 8.000000 0.000000 4.116118 1.673862 -1.000000 -1.000000 -1.000000 2442.000000 21597.000000 0.000000 1.000000 172.591367
0 90.056137 8.000000 0.000000 6.409784 2.428835 -1.000000 -1.000000 -1.000000 3235.000000 26995.000000 0.000000 1.000000 -1.000000
0 90.495254 8.000000 0.000000 5.659084 2.323129 -1.000000 -1.000000 -1.000000 960.000000 17620.000000 0.000000 1.000000 -1.000000
1 40.825743 8.000000 0.000000 6.271951 2.322798 -1.000000 -1.000000 -1.000000 4185.000000 27356.000000 0.000000 1.000000 218.460627
0 90.006855 8.000000 0.000000 4.622128 1.808952 -1.000000 -1.000000 -1.000000 993.000000 17073.000000 0.000000 1.000000 -1.000000
1 67.336256 8.000000 0.000000 5.232181 2.016508 -1.000000 -1.000000 -1.000000 4057.000000 29120.000000 0.000000 1.000000 213.626415
1 12.252701 8.000000 0.000000 3.058994 1.099255 -1.000000 -1.000000 -1.000000 1704.000000 18388.000000 0.000000 1.000000 209.034956
0 90.615674 8.000000 0.000000 5.404275 2.072016 -1.000000 -1.000000 -1.000000 1291.000000 27629.000000 0.000000 1.000000 -1.000000
0 90.494373 8.000000 0.000000 5.690946 2.305315 -1.000000 -1.000000 -1.000000 708.000000 20884.000000 0.000000 1.000000 -1.000000
1 39.543629 8.000000 0.000000 5.513729 2.044622 -1.000000 -1.000000 -1.000000 408.000000 30376.000000 0.000000 1.000000 276.080478
0 90.921109 8.000000 0.000000 4.964320 1.882493 -1.000000 -1.000000 -1.000000 1173.000000 20396.000000 0.000000 1.000000 -1.000000
0 90.564985 8.000000 0.000000 4.962764 1.819878 -1.000000 -1.000000 -1.000000 617.000000 17869.000000 0.000000 1.000000 -1.000000
1 25.002708 8.000000 0.000000 4.829262 1.865119 -1.000000 -1.000000 -1.000000 2829.000000 26942.000000 0.000000 1.000000 234.131032
1 20.331920 8.000000 0.000000 3.836839 1.445617 -1.000000 -1.000000 -1.000000 4795.000000 39180.000000 0.000000 1.000000 214.014369
0 90.072381 8.000000 0.000000 6.693139 2.665156 -1.000000 -1.000000 -1.000000 1031.000000 25784.000000 0.000000 1.000000 -1.000000
1 19.445712 8.000000 0.000000 3.646044 1.351024 -1.000000 -1.000000 -1.000000 3167.000000 23947.000000 0.000000 1.000000 163.875291
1 12.667908 8.000000 0.000000 2.568009 0.939788 -1.000000 -1.000000 -1.000000 254.000000 16839.000000 0.000000 1.000000 190.313044
0 90.320728 8.000000 0.000000 5.652024 2.214470 -1.000000 -1.000000 -1.000000 1776.000000 22633.000000 0.000000 1.000000 -1.000000
1 12.467185 8.000000 0.000000 3.134921 1.189422 -1.000000 -1.000000 -1.000000 3299.000000 20148.000000 0.000000 1.000000 214.948286
1 8.211963 8.000000 0.000000 2.568367 0.955365 -1.000000 -1.000000 -1.000000 2295.000000 14447.000000 0.000000 1.000000 250.755825
0 90.371002 8.000000 0.000000 4.803975 1.922116 -1.000000 -1.000000 -1.000000 2464.000000 19071.000000 0.000000 1.000000 -1.000000
0 90.440452 8.000000 0.000000 4.649365 1.871253 -1.000000 -1.000000 -1.000000 1050.000000 14657.000000 0.000000 1.000000 -1.000000
0 90.517898 8.000000 0.000000 7.174963 2.789717 -1.000000 -1.000000 -1.000000 3334.000000 28592.000000 0.000000 1.000000 -1.000000
1 32.861551 8.000000 0.000000 3.964767 1.507494 -1.000000 -1.000000 -1.000000 643.000000 20882.000000 0.000000 1.000000 159.853579
1 12.910695 8.000000 0.000000 3.504821 1.305659 -1.000000 -1.000000 -1.000000 955.000000 17466.000000 0.000000 1.000000 203.152650
1 14.755649 8.000000 0.000000 2.201278 0.871360 -1.000000 -1.000000 -1.000000 1708.000000 14149.000000 0.000000 1.000000 182.681436
0 90.470466 8.000000 0.000000 5.711870 2.240220 -1.000000 -1.000000 -1.000000 1879.000000 24353.000000 0.000000 1.000000 -1.000000
0 90.043184 8.000000 0.000000 4.889515 1.854667 -1.000000 -1.000000 -1.000000 1666.000000 15461.000000 0.000000 1.000000 -1.000000
1 6.763036 8.000000 0.000000 2.253298 0.808801 -1.000000 -1.000000 -1.000000 1852.000000 12886.000000 0.000000 1.000000 165.196299
1 36.196509 8.000000 0.000000 4.655062 1.762778 -1.000000 -1.000000 -1.000000 3015.000000 23924.000000 0.000000 1.000000 272.614605
1 23.607027 8.000000 0.000000 4.026008 1.543059 -1.000000 -1.000000 -1.000000 1779.000000 19542.000000 0.000000 1.000000 166.262297
1 15.641925 8.000000 0.000000 3.493458 1.316998 -1.000000 -1.000000 -1.000000 543.000000 21886.000000 0.000000 1.000000 194.548834
1 26.281397 8.000000 0.000000 3.936715 1.523800 -1.000000 -1.000000 -1.000000 2357.000000 20433.000000 0.000000 1.000000 157.562861
0 90.548598 8.000000 0.000000 3.061074 1.101392 -1.000000 -1.000000 -1.000000 54.000000 7758.000000 0.000000 1.000000 -1.000000
0 90.793445 8.000000 0.000000 3.490486 1.378473 -1.000000 -1.000000 -1.000000 1040.000000 12525.000000 0.000000 1.000000 -1.000000
1 26.036386 8.000000 0.000000 3.624941 1.387713 -1.000000 -1.000000 -1.000000 1976.000000 23743.000000 0.000000 1.000000 199.741320
1 9.293379 8.000000 0.000000 2.268965 0.868942 -1.000000 -1.000000 -1.000000 647.000000 12855.000000 0.000000 1.000000 164.233558
0 90.112088 8.000000 0.000000 5.870071 2.137295 -1.000000 -1.000000 -1.000000 3287.000000 22528.000000 0.000000 1.000000 -1.000000
1 11.768964 8.000000 0.000000 2.995690 1.160029 -1.000000 -1.000000 -1.000000 2544.000000 20841.000000 0.000000 1.000000 141.022328
0 90.438882 8.000000 0.000000 3.393486 1.212754 -1.000000 -1.000000 -1.000000 592.000000 11478.000000 0.000000 1.000000 -1.000000
1 46.107169 8.000000 0.000000 4.054289 1.599490 -1.000000 -1.000000 -1.000000 4103.000000 26571.000000 0.000000 1.000000 154.767540
1 7.015562 8.000000 0.000000 1.763660 0.670169 -1.000000 -1.000000 -1.000000 605.000000 11314.000000 0.000000 1.000000 172.132652
1 18.372662 8.000000 0.000000 4.194546 1.530033 -1.000000 -1.000000 -1.000000 1637.000000 22145.000000 0.000000 1.000000 167.493017
0 90.789120 8.000000 0.000000 7.551919 2.878639 -1.000000 -1.000000 -1.000000 3009.000000 29083.000000 0.000000 1.000000 -1.000000
1 12.925892 8.000000 0.000000 2.654067 0.978088 -1.000000 -1.000000 -1.000000 1066.000000 19195.000000 0.000000 1.000000 162.043762
1 11.503379 8.000000 0.000000 2.412960 0.917966 -1.000000 -1.000000 -1.000000 1110.000000 16464.000000 0.000000 1.000000 190.801237
1 28.783896 8.000000 0.000000 4.096577 1.541888 -1.000000 -1.000000 -1.000000 1828.000000 21413.000000 0.000000 1.000000 210.581258
1 10.499821 8.000000 0.000000 2.223006 0.850128 -1.000000 -1.000000 -1.000000 1909.000000 16457.000000 0.000000 1.000000 190.263436
1 32.319400 8.000000 0.000000 4.214028 1.698025 -1.000000 -1.000000 -1.000000 1939.000000 20777.000000 0.000000 1.000000 179.945454
0 90.210086 8.000000 0.000000 3.299856 1.186022 -1.000000 -1.000000 -1.000000 44.000000 9038.000000 0.000000 1.000000 -1.000000
1 56.945874 8.000000 0.000000 5.366484 2.165671 -1.000000 -1.000000 -1.000000 14573.000000 36989.000000 0.000000 1.000000 202.676533
1 58.202448 8.000000 0.000000 6.342064 2.401782 -1.000000 -1.000000 -1.000000 2531.000000 33057.000000 0.000000 1.000000 204.731886
1 61.556163 10.000000 0.000000 6.272325 2.545958 -1.000000 -1.000000 -1.000000 5398.000000 39768.000000 0.000000 1.000000 210.153739
1 86.055194 10.000000 0.000000 5.542749 2.231008 -1.000000 -1.000000 -1.000000 3068.000000 27777.000000 0.000000 1.000000 198.123940
0 90.796798 10.000000 0.000000 4.897353 1.871645 -1.000000 -1.000000 -1.000000 1545.000000 24865.000000 0.000000 1.000000 -1.000000
0 90.552832 10.000000 0.000000 3.874506 1.439377 -1.000000 -1.000000 -1.000000 148.000000 13828.000000 0.000000 1.000000 -1.000000
0 90.215309 10.000000 0.000000 8.697830 3.484994 -1.000000 -1.000000 -1.000000 6020.000000 42867.000000 0.000000 1.000000 -1.000000
1 53.334750 10.000000 0.000000 6.564480 2.452840 -1.000000 -1.000000 -1.000000 3200.000000 35493.000000 0.000000 1.000000 206.473217
0 90.465158 10.000000 0.000000 8.209874 3.101330 -1.000000 -1.000000 -1.000000 2984.000000 52031.000000 0.000000 1.000000 -1.000000
0 90.346867 10.000000 0.000000 4.511915 1.668898 -1.000000 -1.000000 -1.000000 275.000000 17003.000000 0.000000 1.000000 -1.000000
1 40.245025 10.000000 0.000000 6.013814 2.363877 -1.000000 -1.000000 -1.000000 3424.000000 34949.000000 0.000000 1.000000 194.644683
1 21.029910 10.000000 0.000000 3.766748 1.477221 -1.000000 -1.000000 -1.000000 1475.000000 25349.000000 0.000000 1.000000 175.099864
1 51.494104 10.000000 0.000000 7.372246 2.996970 -1.000000 -1.000000 -1.000000 3546.000000 31610.000000 0.000000 1.000000 237.982337
0 90.445517 10.000000 0.000000 5.147514 2.104290 -1.000000 -1.000000 -1.000000 535.000000 18247.000000 0.000000 1.000000 -1.000000
0 90.068597 10.000000 0.000000 4.583043 1.750541 -1.000000 -1.000000 -1.000000 1006.000000 19978.000000 0.000000 1.000000 -1.000000
1 15.814073 10.000000 0.000000 3.373262 1.332780 -1.000000 -1.000000 -1.000000 1598.000000 21004.000000 0.000000 1.000000 190.415471
0 90.142312 10.000000 0.000000 7.338388 2.994357 -1.000000 -1.000000 -1.000000 5158.000000 40989.000000 0.000000 1.000000 -1.000000
0 90.164305 10.000000 0.000000 9.132168 3.557226 -1.000000 -1.000000 -1.000000 4384.000000 48578.000000 0.000000 1.000000 -1.000000
0 90.335643 10.000000 0.000000 6.243942 2.513476 -1.000000 -1.000000 -1.000000 1577.000000 25325.000000 0.000000 1.000000 -1.000000
0 90.236039 10.000000 0.000000 7.000239 2.775953 -1.000000 -1.000000 -1.000000 2013.000000 30987.000000 0.000000 1.000000 -1.000000
1 32.209182 10.000000 0.000000 6.113946 2.361382 -1.000000 -1.000000 -1.000000 3101.000000 33462.000000 0.000000 1.000000 191.023358
1 33.800386 10.000000 0.000000 5.175109 1.956676 -1.000000 -1.000000 -1.000000 2666.000000 33444.000000 0.000000 1.000000 230.539723
1 37.774531 10.000000 0.000000 5.990960 2.332787 -1.000000 -1.000000 -1.000000 3241.000000 30532.000000 0.000000 1.000000 212.489510
1 41.739207 10.000000 0.000000 5.457703 2.155641 -1.000000 -1.000000 -1.000000 3699.000000 34960.000000 0.000000 1.000000 198.297419
1 40.476310 10.000000 0.000000 6.142150 2.417303 -1.000000 -1.000000 -1.000000 2562.000000 32123.000000 0.000000 1.000000 192.263781
1 81.973567 10.000000 0.000000 6.629462 2.670318 -1.000000 -1.000000 -1.000000 8073.000000 34117.000000 0.000000 1.000000 220.362046
1 61.900426 10.000000 0.000000 6.550736 2.670945 -1.000000 -1.000000 -1.000000 2225.000000 34174.000000 0.000000 1.000000 205.847580
0 90.253740 10.000000 0.000000 7.395059 2.922425 -1.000000 -1.000000 -1.000000 6295.000000 32746.000000 0.000000 1.000000 -1.000000
1 74.984299 10.000000 0.000000 4.958525 2.076111 -1.000000 -1.000000 -1.000000 1594.000000 22595.000000 0.000000 1.000000 193.758684
0 90.056415 10.000000 0.000000 6.079477 2.328395 -1.000000 -1.000000 -1.000000 1516.000000 23722.000000 0.000000 1.000000 -1.000000
0 90.073443 10.000000 0.000000 6.784934 2.612538 -1.000000 -1.000000 -1.000000 3808.000000 31364.000000 0.000000 1.000000 -1.000000
0 90.462275 10.000000 0.000000 7.629989 2.863266 -1.000000 -1.000000 -1.000000 1652.000000 26760.000000 0.000000 1.000000 -1.000000
1 11.915123 10.000000 0.000000 3.570824 1.393549 -1.000000 -1.000000 -1.000000 1364.000000 24380.000000 0.000000 1.000000 182.599039
1 19.550087 10.000000 0.000000 4.591458 1.702362 -1.000000 -1.000000 -1.000000 4191.000000 32075.000000 0.000000 1.000000 180.812547
1 20.585604 10.000000 0.000000 3.629837 1.409228 -1.000000 -1.000000 -1.000000 2233.000000 26233.000000 0.000000 1.000000 213.057791
0 91.031894 10.000000 0.000000 4.324791 1.605265 -1.000000 -1.000000 -1.000000 116.000000 18132.000000 0.000000 1.000000 -1.000000
1 29.217628 10.000000 0.000000 5.301288 1.982098 -1.000000 -1.000000 -1.000000 3508.000000 30113.000000 0.000000 1.000000 230.146949
1 66.766003 10.000000 0.000000 7.103867 2.809062 -1.000000 -1.000000 -1.000000 1517.000000 42378.000000 0.000000 1.000000 223.756350
1 83.033607 10.000000 0.000000 7.524633 3.010352 -1.000000 -1.000000 -1.000000 5789.000000 47118.000000 0.000000 1.000000 264.638112
1 29.189638 10.000000 0.000000 4.618594 1.759970 -1.000000 -1.000000 -1.000000 769.000000 28406.000000 0.000000 1.000000 187.239542
0 90.058547 10.000000 0.000000 6.771517 2.768613 -1.000000 -1.000000 -1.000000 2225.000000 26393.000000 0.000000 1.000000 -1.000000
1 20.137928 10.000000 0.000000 4.056763 1.620885 -1.000000 -1.000000 -1.000000 1332.000000 28607.000000 0.000000 1.000000 191.398333
1 23.239779 10.000000 0.000000 4.131676 1.622422 -1.000000 -1.000000 -1.000000 650.000000 18202.000000 0.000000 1.000000 175.054025
1 42.493931 10.000000 0.000000 6.512430 2.570929 -1.000000 -1.000000 -1.000000 3527.000000 31289.000000 0.000000 1.000000 215.337395
1 19.580959 10.000000 0.000000 3.956826 1.528938 -1.000000 -1.000000 -1.000000 1931.000000 26014.000000 0.000000 1.000000 195.072631
1 57.436954 10.000000 0.000000 6.508867 2.671749 -1.000000 -1.000000 -1.000000 7730.000000 33332.000000 0.000000 1.000000 201.361649
1 32.038469 10.000000 0.000000 6.353603 2.554452 -1.000000 -1.000000 -1.000000 1166.000000 33228.000000 0.000000 1.000000 174.176391
1 28.422354 10.000000 0.000000 5.018430 1.946658 -1.000000 -1.000000 -1.000000 4196.000000 26122.000000 0.000000 1.000000 190.190292
0 90.496775 10.000000 0.000000 5.709326 2.315901 -1.000000 -1.000000 -1.000000 3773.000000 29437.000000 0.000000 1.000000 -1.000000
0 90.410363 10.000000 0.000000 8.429770 3.467565 -1.000000 -1.000000 -1.000000 6580.000000 30374.000000 0.000000 1.000000 -1.000000
1 20.858097 10.000000 0.000000 4.068162 1.619066 -1.000000 -1.000000 -1.000000 1246.000000 30399.000000 0.000000 1.000000 203.925967
1 52.467703 10.000000 0.000000 7.180917 2.788965 -1.000000 -1.000000 -1.000000 2286.000000 40250.000000 0.000000 1.000000 208.915444
0 90.423774 10.000000 0.000000 8.055840 3.126629 -1.000000 -1.000000 -1.000000 4073.000000 35822.000000 0.000000 1.000000 -1.000000
0 90.386659 10.000000 0.000000 6.391144 2.383539 -1.000000 -1.000000 -1.000000 4622.000000 26469.000000 0.000000 1.000000 -1.000000
1 42.366794 10.000000 0.000000 4.683725 1.899205 -1.000000 -1.000000 -1.000000 5236.000000 23544.000000 0.000000 1.000000 219.161244
1 13.755777 10.000000 0.000000 3.276716 1.234736 -1.000000 -1.000000 -1.000000 1737.000000 15939.000000 0.000000 1.000000 202.699760
1 26.772338 10.000000 0.000000 3.986266 1.571159 -1.000000 -1.000000 -1.000000 3107.000000 23732.000000 0.000000 1.000000 202.350140
1 41.989715 10.000000 0.000000 5.558322 2.152499 -1.000000 -1.000000 -1.000000 2576.000000 30133.000000 0.000000 1.000000 209.925867
0 90.099473 10.000000 0.000000 4.816852 1.924287 -1.000000 -1.000000 -1.000000 423.000000 23845.000000 0.000000 1.000000 -1.000000
1 25.142195 10.000000 0.000000 3.679937 1.460780 -1.000000 -1.000000 -1.000000 3054.000000 27531.000000 0.000000 1.000000 170.701657
1 39.697412 10.000000 0.000000 6.209926 2.463745 -1.000000 -1.000000 -1.000000 3548.000000 25331.000000 0.000000 1.000000 213.324429
0 90.065920 10.000000 0.000000 6.225069 2.530358 -1.000000 -1.000000 -1.000000 1091.000000 23477.000000 0.000000 1.000000 -1.000000
