1 0.982205 1.000000 0.960151 0.001631 0.009400 0.000043 23.000000 2.000000 0.000000 4.000000 0.000000 0.000000 133.390173
1 0.908615 1.000000 0.889048 0.001381 0.008137 0.000041 24.000000 2.000000 0.000000 5.000000 0.000000 0.000000 143.754050
1 0.968249 1.000000 0.939759 0.001800 0.012120 0.000040 23.000000 2.000000 0.000000 11.000000 0.000000 0.000000 122.562939
1 0.931999 1.000000 0.912704 0.001225 0.008264 0.000038 23.000000 2.000000 0.000000 13.000000 0.000000 0.000000 134.568389
1 0.922833 1.000000 0.902554 0.001436 0.008423 0.000038 25.000000 2.000000 0.000000 3.000000 0.000000 0.000000 135.248891
1 0.915335 1.000000 0.891140 0.001709 0.009714 0.000054 26.000000 2.000000 0.000000 9.000000 0.000000 0.000000 135.467536
1 0.920173 1.000000 0.900666 0.001318 0.007827 0.000038 20.000000 2.000000 0.000000 3.000000 0.000000 0.000000 114.009277
1 0.931426 1.000000 0.906573 0.001661 0.010693 0.000040 20.000000 2.000000 0.000000 7.000000 0.000000 0.000000 121.288134
1 0.941653 1.000000 0.907919 0.002397 0.014189 0.000043 23.000000 2.000000 0.000000 10.000000 0.000000 0.000000 116.377305
1 0.951677 1.000000 0.925241 0.001794 0.011159 0.000042 25.000000 2.000000 0.000000 3.000000 0.000000 0.000000 141.429140
1 0.906786 1.000000 0.891025 0.001218 0.007191 0.000042 24.000000 2.000000 0.000000 20.000000 0.000000 0.000000 135.432786
1 0.929873 1.000000 0.905090 0.001531 0.010095 0.000048 25.000000 2.000000 0.000000 2.000000 0.000000 0.000000 141.835824
1 0.922643 1.000000 0.896781 0.001697 0.010788 0.000044 26.000000 2.000000 0.000000 2.000000 0.000000 0.000000 132.959260
1 0.976261 1.000000 0.939527 0.002348 0.015559 0.000046 23.000000 2.000000 0.000000 11.000000 0.000000 0.000000 126.526091
1 0.947557 1.000000 0.910466 0.002305 0.015151 0.000050 25.000000 2.000000 0.000000 8.000000 0.000000 0.000000 132.885173
1 0.932015 1.000000 0.905976 0.001671 0.010636 0.000045 20.000000 2.000000 0.000000 10.000000 0.000000 0.000000 113.418539
1 0.921331 1.000000 0.907479 0.000959 0.006155 0.000045 27.000000 2.000000 0.000000 9.000000 0.000000 0.000000 123.770684
1 0.936884 1.000000 0.919168 0.001212 0.006866 0.000034 20.000000 2.000000 0.000000 6.000000 0.000000 0.000000 111.989935
1 0.921962 1.000000 0.898520 0.001489 0.009258 0.000038 24.000000 2.000000 0.000000 7.000000 0.000000 0.000000 119.394908
1 0.913655 1.000000 0.895223 0.001334 0.007638 0.000040 23.000000 2.000000 0.000000 6.000000 0.000000 0.000000 113.577584
1 0.949089 1.000000 0.931222 0.001218 0.007262 0.000036 22.000000 2.000000 0.000000 6.000000 0.000000 0.000000 125.976996
1 0.972524 1.000000 0.961201 0.000767 0.004521 0.000037 25.000000 2.000000 0.000000 0.000000 0.000000 0.000000 127.761435
1 0.974597 1.000000 0.952634 0.001491 0.008912 0.000037 24.000000 2.000000 0.000000 4.000000 0.000000 0.000000 125.363761
1 0.963356 1.000000 0.942547 0.001485 0.008393 0.000035 21.000000 2.000000 0.000000 5.000000 0.000000 0.000000 119.547477
1 0.946911 1.000000 0.924554 0.001697 0.009411 0.000042 24.000000 2.000000 0.000000 2.000000 0.000000 0.000000 146.871695
1 0.944352 1.000000 0.919213 0.001769 0.011043 0.000039 26.000000 2.000000 0.000000 5.000000 0.000000 0.000000 131.649450
1 0.930984 1.000000 0.910463 0.001391 0.008256 0.000036 21.000000 2.000000 0.000000 5.000000 0.000000 0.000000 121.066830
1 0.939939 1.000000 0.919894 0.001558 0.008329 0.000047 23.000000 2.000000 0.000000 0.000000 0.000000 0.000000 138.578650
1 0.987026 1.000000 0.962373 0.001499 0.010803 0.000045 26.000000 2.000000 0.000000 12.000000 0.000000 0.000000 134.159114
1 1.002019 1.000000 0.983869 0.001213 0.007485 0.000046 26.000000 2.000000 0.000000 4.000000 0.000000 0.000000 132.120235
1 0.993901 1.000000 0.979369 0.001024 0.006299 0.000043 27.000000 2.000000 0.000000 4.000000 0.000000 0.000000 131.533722
1 0.987594 1.000000 0.960444 0.001770 0.010615 0.000047 23.000000 2.000000 0.000000 3.000000 0.000000 0.000000 131.005562
1 1.079144 1.000000 1.057231 0.001437 0.008729 0.000043 25.000000 2.000000 0.000000 1.000000 0.000000 0.000000 125.412798
1 1.074924 1.000000 0.999381 0.003968 0.031854 0.000049 27.000000 2.000000 0.000000 22.000000 0.000000 0.000000 144.750665
1 1.053134 1.000000 1.031586 0.001487 0.008629 0.000040 22.000000 2.000000 0.000000 2.000000 0.000000 0.000000 113.502310
1 1.045304 1.000000 1.011183 0.002150 0.014485 0.000056 27.000000 2.000000 0.000000 8.000000 0.000000 0.000000 136.550869
1 1.003045 1.000000 0.978293 0.001678 0.009842 0.000045 26.000000 2.000000 0.000000 4.000000 0.000000 0.000000 145.848746
1 1.026255 1.000000 0.998151 0.002087 0.012776 0.000048 24.000000 2.000000 0.000000 17.000000 0.000000 0.000000 118.608539
1 1.025909 1.000000 0.997388 0.001657 0.010910 0.000046 25.000000 2.000000 0.000000 0.000000 0.000000 0.000000 133.460959
1 1.030675 1.000000 1.018165 0.000843 0.005279 0.000039 24.000000 2.000000 0.000000 2.000000 0.000000 0.000000 124.566606
1 1.031935 1.000000 1.011889 0.001458 0.008355 0.000045 24.000000 2.000000 0.000000 1.000000 0.000000 0.000000 126.148948
1 0.987272 1.000000 0.970759 0.001347 0.006883 0.000054 32.000000 2.000000 0.000000 9.000000 0.000000 0.000000 143.400199
1 1.026745 1.000000 1.012366 0.001053 0.005895 0.000046 26.000000 2.000000 0.000000 4.000000 0.000000 0.000000 134.854272
1 1.025832 1.000000 0.988866 0.002468 0.016168 0.000043 22.000000 2.000000 0.000000 10.000000 0.000000 0.000000 127.323713
1 0.997110 1.000000 0.980381 0.001121 0.006967 0.000040 25.000000 2.000000 0.000000 10.000000 0.000000 0.000000 141.820423
1 1.056540 1.000000 1.030919 0.001882 0.010628 0.000045 24.000000 2.000000 0.000000 2.000000 0.000000 0.000000 134.083631
1 1.012593 1.000000 0.994265 0.001276 0.007449 0.000039 22.000000 2.000000 0.000000 2.000000 0.000000 0.000000 114.611432
1 1.023018 1.000000 0.995141 0.001933 0.011032 0.000072 26.000000 2.000000 0.000000 6.000000 0.000000 0.000000 145.438010
1 1.104744 1.000000 1.074706 0.001976 0.012282 0.000041 22.000000 2.000000 0.000000 6.000000 0.000000 0.000000 123.837605
1 0.976928 1.000000 0.966817 0.000713 0.004455 0.000040 26.000000 2.000000 0.000000 0.000000 0.000000 0.000000 132.156785
1 1.025801 1.000000 1.003593 0.001724 0.009070 0.000049 24.000000 2.000000 0.000000 1.000000 0.000000 0.000000 132.594991
1 1.767369 1.000000 1.732637 0.002319 0.013498 0.000068 22.000000 2.000000 0.000000 2.000000 0.000000 0.000000 118.176381
1 1.846613 1.000000 1.823327 0.001571 0.010489 0.000089 28.000000 2.000000 0.000000 1.000000 0.000000 0.000000 132.231262
1 1.205444 1.000000 1.183890 0.001429 0.009214 0.000042 21.000000 2.000000 0.000000 2.000000 0.000000 0.000000 118.502316
1 1.028071 1.000000 0.996873 0.002169 0.013333 0.000050 24.000000 2.000000 0.000000 7.000000 0.000000 0.000000 130.944701
1 1.017446 1.000000 0.994501 0.001856 0.009127 0.000043 24.000000 2.000000 0.000000 8.000000 0.000000 0.000000 131.747966
1 1.081950 1.000000 0.998199 0.005281 0.034789 0.000049 25.000000 2.000000 0.000000 32.000000 0.000000 0.000000 124.003448
1 0.981515 1.000000 0.968694 0.001091 0.005696 0.000037 25.000000 2.000000 0.000000 11.000000 0.000000 0.000000 126.366852
1 0.998734 1.000000 0.958367 0.002878 0.016458 0.000052 25.000000 2.000000 0.000000 12.000000 0.000000 0.000000 137.977087
1 1.009049 1.000000 0.979445 0.002016 0.012877 0.000043 24.000000 2.000000 0.000000 6.000000 0.000000 0.000000 130.376861
1 1.083837 2.000000 0.969880 0.008135 0.047510 0.003707 52.000000 2.000000 13.000000 18.000000 0.000000 0.000000 115.215163
1 1.042596 2.000000 0.988600 0.004675 0.022311 0.002969 47.000000 2.000000 0.000000 5.000000 0.000000 0.000000 143.868667
1 1.075522 2.000000 1.025736 0.003758 0.020199 0.002800 42.000000 2.000000 0.000000 4.000000 0.000000 0.000000 124.203696
1 1.067464 2.000000 1.007491 0.004653 0.024880 0.003353 50.000000 2.000000 0.000000 7.000000 0.000000 0.000000 147.587222
1 1.523156 2.000000 1.439894 0.007455 0.034505 0.005804 45.000000 2.000000 0.000000 2.000000 0.000000 0.000000 135.179236
1 2.272475 2.000000 2.175458 0.006925 0.039753 0.005888 43.000000 2.000000 8.000000 8.000000 0.000000 0.000000 127.134874
1 2.044352 2.000000 1.955586 0.007546 0.036176 0.007561 150.000000 2.000000 2.000000 5.000000 0.000000 0.000000 137.049767
1 1.915506 2.000000 1.780421 0.009541 0.055513 0.006453 77.000000 2.000000 9.000000 7.000000 0.000000 0.000000 130.079566
1 2.181273 2.000000 1.457656 0.053780 0.295523 0.026746 2100.000000 2.000000 89.000000 81.000000 0.000000 0.000000 139.521654
1 1.663078 2.000000 1.046672 0.037829 0.251329 0.021136 1387.000000 2.000000 79.000000 66.000000 0.000000 0.000000 117.814521
1 1.275915 2.000000 1.145720 0.011130 0.055377 0.006290 65.000000 2.000000 0.000000 20.000000 0.000000 0.000000 160.624193
1 2.372358 2.000000 1.909490 0.029736 0.193946 0.022996 909.000000 2.000000 28.000000 26.000000 0.000000 0.000000 125.738173
1 1.665134 2.000000 1.608407 0.004626 0.023605 0.003761 49.000000 2.000000 0.000000 14.000000 0.000000 0.000000 139.084693
1 1.253150 2.000000 1.165049 0.006852 0.037706 0.004634 134.000000 2.000000 10.000000 16.000000 0.000000 0.000000 144.026607
1 1.078922 2.000000 1.038003 0.003198 0.016983 0.002861 43.000000 2.000000 0.000000 15.000000 0.000000 0.000000 120.950544
1 1.067171 2.000000 1.003536 0.004700 0.025409 0.003454 52.000000 2.000000 0.000000 9.000000 0.000000 0.000000 151.849608
1 1.768927 2.000000 1.671998 0.008371 0.043267 0.004837 45.000000 2.000000 0.000000 6.000000 0.000000 0.000000 135.084139
1 1.887953 2.000000 1.818495 0.005359 0.030362 0.004442 43.000000 2.000000 0.000000 8.000000 0.000000 0.000000 122.563223
1 2.675242 2.000000 1.261508 0.103586 0.590908 0.038335 2688.000000 2.000000 111.000000 176.000000 0.000000 0.000000 139.800409
1 1.599344 2.000000 1.076938 0.038070 0.217419 0.023663 1701.000000 2.000000 81.000000 18.000000 0.000000 0.000000 143.394693
1 1.012434 2.000000 0.972178 0.002953 0.016979 0.003175 49.000000 2.000000 0.000000 16.000000 0.000000 0.000000 137.640875
1 1.057497 2.000000 1.015633 0.003219 0.018348 0.003174 49.000000 2.000000 0.000000 8.000000 0.000000 0.000000 140.187238
1 1.259612 2.000000 1.003125 0.018414 0.110692 0.009239 441.000000 2.000000 27.000000 41.000000 0.000000 0.000000 132.757899
1 1.044271 2.000000 0.986583 0.004343 0.025108 0.003378 51.000000 2.000000 0.000000 22.000000 0.000000 0.000000 134.191260
1 1.093146 2.000000 1.031693 0.004803 0.026763 0.002742 42.000000 2.000000 0.000000 12.000000 0.000000 0.000000 119.258320
1 2.047896 2.000000 1.049739 0.075370 0.398801 0.036804 2827.000000 2.000000 108.000000 139.000000 0.000000 0.000000 149.955234
1 1.892211 2.000000 1.503284 0.029995 0.167335 0.025066 762.000000 2.000000 23.000000 21.000000 0.000000 0.000000 141.812047
1 2.637619 2.000000 2.117507 0.035606 0.212709 0.018452 428.000000 2.000000 29.000000 30.000000 0.000000 0.000000 143.813903
1 2.568810 2.000000 1.815689 0.056406 0.319015 0.014492 397.000000 2.000000 44.000000 39.000000 0.000000 0.000000 128.141161
1 1.772098 2.000000 1.720606 0.004109 0.021279 0.002677 40.000000 2.000000 0.000000 3.000000 0.000000 0.000000 124.440230
1 1.186961 2.000000 1.022353 0.011160 0.070009 0.004132 73.000000 2.000000 12.000000 71.000000 0.000000 0.000000 127.633844
1 1.056672 2.000000 1.008747 0.003599 0.019265 0.003026 44.000000 2.000000 0.000000 3.000000 0.000000 0.000000 126.376593
1 1.296424 2.000000 1.061481 0.016295 0.099558 0.003485 59.000000 2.000000 35.000000 35.000000 0.000000 0.000000 111.425068
1 1.799864 2.000000 1.700724 0.008265 0.043734 0.005145 47.000000 2.000000 0.000000 13.000000 0.000000 0.000000 131.284321
1 2.097289 2.000000 1.942166 0.010865 0.066787 0.004376 45.000000 2.000000 6.000000 24.000000 0.000000 0.000000 126.843886
1 1.194483 2.000000 1.146021 0.003928 0.021238 0.003051 45.000000 2.000000 0.000000 12.000000 0.000000 0.000000 139.665813
1 1.603106 2.000000 1.016580 0.041347 0.236672 0.020907 1447.000000 2.000000 66.000000 44.000000 0.000000 0.000000 122.216175
1 1.089077 2.000000 1.018332 0.004732 0.029749 0.003301 47.000000 2.000000 0.000000 8.000000 0.000000 0.000000 136.919209
1 0.998994 2.000000 0.941428 0.005540 0.023951 0.003311 48.000000 2.000000 0.000000 4.000000 0.000000 0.000000 150.105827
1 1.039207 2.000000 0.969620 0.005483 0.029489 0.003144 47.000000 2.000000 0.000000 7.000000 0.000000 0.000000 128.321420
1 1.058310 2.000000 0.985903 0.005894 0.029195 0.003533 55.000000 2.000000 0.000000 6.000000 0.000000 0.000000 161.770473
1 1.045563 2.000000 0.986498 0.004717 0.023937 0.003726 57.000000 2.000000 0.000000 4.000000 0.000000 0.000000 165.702110
1 1.081902 2.000000 1.003494 0.006073 0.034569 0.003026 47.000000 2.000000 0.000000 13.000000 0.000000 0.000000 122.433567
1 1.837303 2.000000 1.046054 0.059566 0.321507 0.031167 2255.000000 2.000000 57.000000 53.000000 0.000000 0.000000 139.756469
1 1.282987 2.000000 1.000683 0.021134 0.121540 0.010431 363.000000 2.000000 9.000000 17.000000 0.000000 0.000000 157.675658
1 2.228217 2.000000 2.096100 0.011043 0.055351 0.006819 51.000000 2.000000 0.000000 11.000000 0.000000 0.000000 137.765442
1 2.040097 2.000000 1.944619 0.006418 0.040185 0.004854 43.000000 2.000000 0.000000 13.000000 0.000000 0.000000 119.888739
1 1.910733 2.000000 1.796840 0.009155 0.046787 0.005933 51.000000 2.000000 0.000000 7.000000 0.000000 0.000000 135.133095
1 1.781521 2.000000 1.726097 0.004588 0.022269 0.003261 50.000000 2.000000 0.000000 6.000000 0.000000 0.000000 154.739845
1 1.119482 2.000000 1.035280 0.005321 0.033643 0.003219 49.000000 2.000000 0.000000 15.000000 0.000000 0.000000 141.639750
1 1.303279 2.000000 1.024428 0.019545 0.113408 0.014246 1064.000000 2.000000 26.000000 18.000000 0.000000 0.000000 132.053255
1 1.060137 2.000000 1.009134 0.004200 0.021962 0.002973 47.000000 2.000000 0.000000 16.000000 0.000000 0.000000 130.727886
1 1.643499 2.000000 1.536131 0.008116 0.045681 0.005923 50.000000 2.000000 0.000000 7.000000 0.000000 0.000000 137.577911
1 1.925573 2.000000 1.826803 0.007860 0.039564 0.006998 54.000000 2.000000 0.000000 5.000000 0.000000 0.000000 148.942669
1 1.953574 2.000000 1.404212 0.035938 0.227569 0.021685 1523.000000 2.000000 65.000000 42.000000 0.000000 0.000000 152.810918
1 1.128992 2.000000 0.998138 0.009434 0.052741 0.006530 342.000000 2.000000 10.000000 13.000000 0.000000 0.000000 150.443265
1 1.118179 2.000000 1.034035 0.006267 0.033958 0.003109 48.000000 2.000000 6.000000 15.000000 0.000000 0.000000 124.636678
1 1.612217 2.000000 1.480014 0.011851 0.057162 0.007071 62.000000 2.000000 0.000000 14.000000 0.000000 0.000000 155.938069
1 1.961466 2.000000 1.828341 0.011682 0.058247 0.005724 51.000000 2.000000 0.000000 16.000000 0.000000 0.000000 128.850695
1 1.479688 2.000000 1.437671 0.003310 0.016884 0.003017 47.000000 2.000000 0.000000 8.000000 0.000000 0.000000 129.754031
1 1.129720 4.000000 1.041838 0.008593 0.036207 0.014132 74.000000 2.000000 0.000000 14.000000 0.000000 0.000000 125.028699
1 1.093968 4.000000 1.014842 0.006875 0.030621 0.014189 78.000000 2.000000 0.000000 6.000000 0.000000 0.000000 120.575499
1 1.106985 4.000000 1.014827 0.008671 0.037648 0.013743 76.000000 2.000000 0.000000 13.000000 0.000000 0.000000 118.086494
1 2.215991 4.000000 1.812995 0.038235 0.167056 0.036990 106.000000 2.000000 34.000000 23.000000 0.000000 0.000000 154.179289
1 2.906746 4.000000 1.803483 0.107034 0.499922 0.049525 229.000000 2.000000 283.000000 157.000000 0.000000 0.000000 111.723568
1 1.145917 4.000000 1.018768 0.012976 0.051819 0.016518 88.000000 2.000000 0.000000 17.000000 0.000000 0.000000 144.746723
1 4.437326 4.000000 1.020049 0.390290 1.499839 0.072068 270.000000 2.000000 50.000000 137.000000 0.000000 0.000000 165.731527
1 1.849218 4.000000 1.579113 0.025740 0.113775 0.024653 113.000000 2.000000 53.000000 59.000000 0.000000 0.000000 116.450219
1 1.108421 4.000000 1.002422 0.010314 0.044284 0.014063 80.000000 2.000000 0.000000 12.000000 0.000000 0.000000 127.148529
1 1.292451 4.000000 1.011645 0.034783 0.127024 0.018007 102.000000 2.000000 25.000000 38.000000 0.000000 0.000000 137.734995
1 2.109314 4.000000 1.801102 0.027295 0.123112 0.034832 110.000000 2.000000 41.000000 32.000000 0.000000 0.000000 116.800226
1 1.924792 4.000000 1.773895 0.013134 0.058851 0.023770 71.000000 2.000000 0.000000 4.000000 0.000000 0.000000 107.830352
1 1.627333 4.000000 1.484095 0.013319 0.059464 0.017695 90.000000 2.000000 15.000000 24.000000 0.000000 0.000000 114.877732
1 1.129889 4.000000 1.011374 0.011544 0.050916 0.014852 84.000000 2.000000 0.000000 24.000000 0.000000 0.000000 125.451315
1 2.355038 4.000000 1.017281 0.151467 0.577443 0.054336 268.000000 2.000000 221.000000 85.000000 0.000000 0.000000 157.053593
1 2.167389 4.000000 1.812492 0.032616 0.155225 0.029370 89.000000 2.000000 0.000000 58.000000 0.000000 0.000000 123.858422
1 2.015317 4.000000 1.660631 0.033066 0.147337 0.027091 143.000000 2.000000 130.000000 29.000000 0.000000 0.000000 141.958650
1 1.113500 4.000000 1.016468 0.008522 0.039456 0.014239 78.000000 2.000000 0.000000 14.000000 0.000000 0.000000 122.495304
1 1.154005 4.000000 1.002006 0.013969 0.063484 0.017406 99.000000 2.000000 17.000000 22.000000 0.000000 0.000000 128.859966
1 1.180116 4.000000 1.012008 0.016417 0.070346 0.017678 99.000000 2.000000 3.000000 41.000000 0.000000 0.000000 144.260860
1 2.616921 4.000000 2.488617 0.010984 0.051604 0.021230 82.000000 2.000000 0.000000 14.000000 0.000000 0.000000 118.145207
1 2.272605 4.000000 1.654347 0.077214 0.275713 0.029429 140.000000 2.000000 164.000000 51.000000 0.000000 0.000000 177.627068
1 1.229904 4.000000 1.116079 0.010729 0.047644 0.014624 82.000000 2.000000 0.000000 16.000000 0.000000 0.000000 122.213583
1 1.134594 4.000000 1.043616 0.007691 0.035266 0.014490 78.000000 2.000000 0.000000 10.000000 0.000000 0.000000 126.779823
1 1.318936 4.000000 1.192797 0.011419 0.050228 0.019663 77.000000 2.000000 10.000000 34.000000 0.000000 0.000000 122.751032
1 1.917402 4.000000 1.754226 0.015541 0.062607 0.028808 96.000000 2.000000 0.000000 7.000000 0.000000 0.000000 143.093344
1 1.905589 4.000000 1.735094 0.016884 0.071846 0.018549 102.000000 2.000000 19.000000 37.000000 0.000000 0.000000 131.376663
1 1.097795 4.000000 0.994596 0.009167 0.042348 0.013052 70.000000 2.000000 0.000000 20.000000 0.000000 0.000000 109.577505
1 1.098727 4.000000 0.996528 0.009959 0.043401 0.013747 79.000000 2.000000 0.000000 18.000000 0.000000 0.000000 115.892276
1 1.129450 4.000000 1.014152 0.011115 0.047720 0.015607 89.000000 2.000000 4.000000 27.000000 0.000000 0.000000 131.675198
1 1.980561 4.000000 1.687525 0.028533 0.119955 0.030505 98.000000 2.000000 42.000000 16.000000 0.000000 0.000000 112.694600
1 2.057578 4.000000 1.870695 0.016694 0.071943 0.029391 86.000000 2.000000 0.000000 6.000000 0.000000 0.000000 143.442654
1 1.256294 4.000000 1.153259 0.009343 0.044688 0.015499 84.000000 2.000000 0.000000 17.000000 0.000000 0.000000 121.209856
1 1.112848 4.000000 1.016209 0.009184 0.039209 0.014365 80.000000 2.000000 0.000000 9.000000 0.000000 0.000000 130.579901
1 1.120002 4.000000 0.999116 0.011233 0.050246 0.015371 82.000000 2.000000 0.000000 24.000000 0.000000 0.000000 116.398298
1 1.584592 4.000000 1.413782 0.016295 0.068389 0.024397 72.000000 2.000000 0.000000 9.000000 0.000000 0.000000 116.668261
1 2.030984 4.000000 1.821511 0.019784 0.085430 0.027046 84.000000 2.000000 2.000000 16.000000 0.000000 0.000000 135.308399
1 1.741358 4.000000 1.500364 0.022306 0.102573 0.022364 120.000000 2.000000 53.000000 21.000000 0.000000 0.000000 127.753437
1 1.138200 4.000000 1.016537 0.011383 0.049246 0.016613 93.000000 2.000000 5.000000 20.000000 0.000000 0.000000 117.041423
1 1.188712 4.000000 1.026816 0.015606 0.068256 0.018174 98.000000 2.000000 24.000000 26.000000 0.000000 0.000000 133.086107
1 1.349256 4.000000 1.150378 0.019052 0.083606 0.026257 80.000000 2.000000 0.000000 23.000000 0.000000 0.000000 116.503696
1 2.270991 4.000000 1.847981 0.042308 0.176111 0.036110 128.000000 2.000000 36.000000 53.000000 0.000000 0.000000 135.358605
1 1.717810 4.000000 1.595975 0.011833 0.052245 0.014803 80.000000 2.000000 0.000000 21.000000 0.000000 0.000000 116.175212
1 1.433090 4.000000 1.014087 0.040871 0.204775 0.019840 112.000000 2.000000 0.000000 148.000000 0.000000 0.000000 129.564812
1 1.170794 4.000000 1.013283 0.014749 0.066683 0.017007 93.000000 2.000000 22.000000 32.000000 0.000000 0.000000 120.071253
1 1.294941 4.000000 1.125482 0.016053 0.069411 0.022589 84.000000 2.000000 0.000000 5.000000 0.000000 0.000000 140.875217
1 2.881174 4.000000 1.815248 0.095399 0.479625 0.050004 165.000000 2.000000 259.000000 51.000000 0.000000 0.000000 139.789890
1 1.431070 4.000000 1.345241 0.007793 0.034444 0.013894 75.000000 2.000000 0.000000 19.000000 0.000000 0.000000 114.176367
1 1.174950 4.000000 1.027368 0.011896 0.063773 0.019308 101.000000 2.000000 4.000000 21.000000 0.000000 0.000000 133.869681
1 1.321366 4.000000 0.998007 0.029032 0.141441 0.020574 116.000000 2.000000 4.000000 83.000000 0.000000 0.000000 137.953615
1 1.468660 4.000000 1.312795 0.015985 0.061579 0.023510 73.000000 2.000000 0.000000 4.000000 0.000000 0.000000 120.719231
1 1.996940 4.000000 1.770462 0.021137 0.090617 0.031438 96.000000 2.000000 12.000000 18.000000 0.000000 0.000000 121.686123
1 1.651156 4.000000 1.561946 0.007970 0.036061 0.014399 78.000000 2.000000 0.000000 26.000000 0.000000 0.000000 127.750157
1 2.212313 4.000000 1.048922 0.101850 0.516810 0.044924 245.000000 2.000000 156.000000 336.000000 0.000000 0.000000 120.428104
1 1.141373 4.000000 1.021012 0.011754 0.049363 0.016503 92.000000 2.000000 0.000000 16.000000 0.000000 0.000000 133.052901
1 3.005286 4.000000 1.617325 0.131370 0.609611 0.084886 257.000000 2.000000 130.000000 264.000000 0.000000 0.000000 112.613986
1 1.910209 4.000000 1.585672 0.029083 0.142565 0.024132 113.000000 2.000000 73.000000 54.000000 0.000000 0.000000 118.147433
1 1.180939 4.000000 1.056447 0.010674 0.051115 0.016701 83.000000 2.000000 0.000000 26.000000 0.000000 0.000000 120.854061
1 1.152026 4.000000 1.017037 0.012498 0.056763 0.015650 85.000000 2.000000 0.000000 36.000000 0.000000 0.000000 113.205312
1 1.278009 4.000000 1.079047 0.018787 0.083166 0.025380 78.000000 2.000000 0.000000 14.000000 0.000000 0.000000 123.715511
1 2.374098 6.000000 1.753164 0.052989 0.260766 0.084303 155.000000 2.000000 60.000000 42.000000 0.000000 0.000000 116.327549
1 2.634487 6.000000 1.575891 0.101909 0.481439 0.080313 226.000000 2.000000 203.000000 99.000000 0.000000 0.000000 117.000767
1 1.488507 6.000000 1.023454 0.042611 0.214688 0.042674 143.000000 2.000000 129.000000 24.000000 0.000000 0.000000 126.944341
1 1.160718 6.000000 1.020971 0.010850 0.053610 0.028585 111.000000 2.000000 2.000000 12.000000 0.000000 0.000000 114.274941
1 1.200522 6.000000 1.015238 0.015691 0.075507 0.033404 119.000000 2.000000 9.000000 18.000000 0.000000 0.000000 121.370685
1 1.264917 6.000000 1.011734 0.022171 0.105333 0.038400 124.000000 2.000000 0.000000 52.000000 0.000000 0.000000 119.108529
1 1.738353 6.000000 0.990681 0.081105 0.320325 0.053754 171.000000 2.000000 170.000000 37.000000 0.000000 0.000000 126.334799
1 1.371081 6.000000 1.008410 0.034126 0.156224 0.038184 124.000000 2.000000 23.000000 74.000000 0.000000 0.000000 123.397067
1 1.271850 6.000000 1.046659 0.019255 0.091481 0.040894 121.000000 2.000000 0.000000 28.000000 0.000000 0.000000 123.731922
1 1.524923 6.000000 1.066827 0.041865 0.197470 0.068837 107.000000 2.000000 6.000000 53.000000 0.000000 0.000000 110.060893
1 3.345528 6.000000 2.093261 0.126101 0.542771 0.126494 184.000000 2.000000 119.000000 47.000000 0.000000 0.000000 134.233307
1 3.560718 6.000000 1.863895 0.187685 0.751258 0.103211 183.000000 2.000000 105.000000 47.000000 0.000000 0.000000 147.484763
1 1.490703 6.000000 1.266354 0.019681 0.095303 0.037439 125.000000 2.000000 19.000000 19.000000 0.000000 0.000000 122.291996
1 1.193651 6.000000 1.032920 0.013093 0.062552 0.035923 113.000000 2.000000 0.000000 29.000000 0.000000 0.000000 110.910716
1 1.273058 6.000000 1.025403 0.024144 0.097624 0.039894 135.000000 2.000000 68.000000 12.000000 0.000000 0.000000 123.579522
1 4.121518 6.000000 1.459631 0.220491 1.206499 0.193703 357.000000 2.000000 195.000000 429.000000 0.000000 0.000000 123.716559
1 1.590702 6.000000 1.172431 0.034574 0.176316 0.052158 166.000000 2.000000 89.000000 28.000000 0.000000 0.000000 121.646396
1 1.609803 6.000000 1.011379 0.058733 0.257952 0.055196 180.000000 2.000000 71.000000 82.000000 0.000000 0.000000 124.804499
1 2.551753 6.000000 1.010718 0.144903 0.666404 0.140947 266.000000 2.000000 231.000000 177.000000 0.000000 0.000000 147.441204
1 2.768646 6.000000 2.539538 0.019419 0.087652 0.047221 124.000000 2.000000 0.000000 18.000000 0.000000 0.000000 127.450588
1 1.448035 6.000000 1.149099 0.026035 0.120655 0.041960 138.000000 2.000000 65.000000 20.000000 0.000000 0.000000 116.592770
1 1.966860 6.000000 1.033365 0.111168 0.404319 0.057385 177.000000 2.000000 52.000000 33.000000 0.000000 0.000000 149.058657
1 4.656414 6.000000 1.578743 0.289768 1.321776 0.213110 384.000000 2.000000 753.000000 115.000000 0.000000 0.000000 141.824969
1 1.322728 6.000000 1.026775 0.026168 0.122638 0.042080 145.000000 2.000000 81.000000 8.000000 0.000000 0.000000 121.980987
1 1.221206 6.000000 1.013962 0.019193 0.083242 0.036185 117.000000 2.000000 0.000000 21.000000 0.000000 0.000000 124.768468
1 1.295396 6.000000 1.019271 0.024254 0.106248 0.046725 102.000000 2.000000 0.000000 12.000000 0.000000 0.000000 114.126772
1 2.524317 6.000000 1.825044 0.064597 0.301703 0.072709 137.000000 2.000000 43.000000 37.000000 0.000000 0.000000 131.105863
1 2.038978 6.000000 1.600593 0.041831 0.181331 0.050157 161.000000 2.000000 128.000000 18.000000 0.000000 0.000000 134.037339
1 1.553637 6.000000 1.045055 0.044984 0.218505 0.063538 199.000000 2.000000 103.000000 32.000000 0.000000 0.000000 142.294041
1 1.294676 6.000000 1.036922 0.022863 0.109263 0.040272 135.000000 2.000000 20.000000 19.000000 0.000000 0.000000 134.440882
1 1.872147 6.000000 1.556866 0.025566 0.122995 0.063975 120.000000 2.000000 0.000000 29.000000 0.000000 0.000000 123.623721
1 2.094135 6.000000 1.754446 0.027816 0.135181 0.060913 115.000000 2.000000 17.000000 21.000000 0.000000 0.000000 114.587783
1 1.849703 6.000000 1.585817 0.021435 0.103561 0.044574 138.000000 2.000000 19.000000 20.000000 0.000000 0.000000 115.497746
1 1.271021 6.000000 1.026836 0.022090 0.097203 0.038632 124.000000 2.000000 22.000000 18.000000 0.000000 0.000000 128.026424
1 1.317501 6.000000 1.020556 0.025040 0.111911 0.050212 125.000000 2.000000 17.000000 16.000000 0.000000 0.000000 124.691489
1 2.169981 6.000000 1.763197 0.038426 0.171338 0.057963 112.000000 2.000000 18.000000 24.000000 0.000000 0.000000 123.437813
1 1.939890 6.000000 1.727228 0.019496 0.087056 0.034968 115.000000 2.000000 3.000000 23.000000 0.000000 0.000000 127.881176
1 1.230809 6.000000 1.011348 0.019712 0.088286 0.039450 129.000000 2.000000 0.000000 39.000000 0.000000 0.000000 134.870173
1 1.333387 6.000000 1.010743 0.027219 0.135318 0.044884 141.000000 2.000000 48.000000 29.000000 0.000000 0.000000 130.454248
1 1.344387 6.000000 1.034699 0.024280 0.125185 0.056457 111.000000 2.000000 8.000000 30.000000 0.000000 0.000000 114.393033
1 2.985484 6.000000 1.830965 0.119251 0.490647 0.102784 184.000000 2.000000 98.000000 59.000000 0.000000 0.000000 142.497125
1 1.545312 6.000000 1.327170 0.018544 0.088176 0.034356 114.000000 2.000000 2.000000 44.000000 0.000000 0.000000 116.666716
1 1.238360 6.000000 1.022327 0.018063 0.086015 0.041328 135.000000 2.000000 17.000000 10.000000 0.000000 0.000000 127.124894
1 1.384403 6.000000 1.013500 0.033549 0.174356 0.043488 141.000000 2.000000 69.000000 44.000000 0.000000 0.000000 120.442868
1 2.160681 6.000000 1.428637 0.063155 0.326856 0.086506 158.000000 2.000000 94.000000 39.000000 0.000000 0.000000 128.569819
1 2.143283 6.000000 1.750466 0.034835 0.158088 0.061857 126.000000 2.000000 2.000000 30.000000 0.000000 0.000000 132.530180
1 1.507689 6.000000 1.098907 0.039381 0.172194 0.048784 159.000000 2.000000 57.000000 47.000000 0.000000 0.000000 136.451961
1 2.635294 6.000000 1.032496 0.163787 0.683671 0.113200 337.000000 2.000000 358.000000 101.000000 0.000000 0.000000 170.358195
1 2.418384 6.000000 1.781844 0.058096 0.280044 0.084245 161.000000 2.000000 47.000000 52.000000 0.000000 0.000000 130.765221
1 3.455289 6.000000 2.108203 0.136889 0.568536 0.069392 210.000000 2.000000 175.000000 53.000000 0.000000 0.000000 139.319706
1 1.155937 6.000000 0.985456 0.014518 0.065893 0.032361 111.000000 2.000000 1.000000 24.000000 0.000000 0.000000 117.734914
1 1.327896 6.000000 1.034079 0.024662 0.117431 0.054434 106.000000 2.000000 0.000000 24.000000 0.000000 0.000000 112.868371
1 2.127908 6.000000 1.773664 0.028964 0.141002 0.058048 108.000000 2.000000 0.000000 34.000000 0.000000 0.000000 112.478880
1 2.542152 6.000000 1.658654 0.093098 0.383591 0.057517 187.000000 2.000000 135.000000 21.000000 0.000000 0.000000 146.892173
1 1.500260 6.000000 1.063060 0.040227 0.197861 0.045939 144.000000 2.000000 100.000000 60.000000 0.000000 0.000000 109.054090
1 1.213153 6.000000 1.051784 0.012736 0.062546 0.032962 112.000000 2.000000 0.000000 12.000000 0.000000 0.000000 121.475226
1 1.948499 6.000000 1.660972 0.024010 0.113182 0.059512 112.000000 2.000000 0.000000 20.000000 0.000000 0.000000 128.059853
1 2.229159 6.000000 1.771423 0.036874 0.191638 0.071083 135.000000 2.000000 13.000000 40.000000 0.000000 0.000000 139.010937
1 1.309143 6.000000 1.062821 0.023063 0.098628 0.044031 144.000000 2.000000 40.000000 15.000000 0.000000 0.000000 131.565253
1 1.918634 6.000000 1.010314 0.077145 0.375134 0.070262 227.000000 2.000000 113.000000 59.000000 0.000000 0.000000 150.035677
1 2.410383 8.000000 1.265194 0.093620 0.491743 0.176320 237.000000 2.000000 27.000000 146.000000 0.000000 0.000000 115.113479
1 5.154545 8.000000 1.794607 0.270444 1.497093 0.538214 835.000000 2.000000 869.000000 288.000000 0.000000 0.000000 144.055134
1 4.433968 8.000000 1.017450 0.274636 1.300283 0.749987 619.000000 2.000000 432.000000 107.000000 0.000000 0.000000 162.701391
1 3.626752 8.000000 1.410476 0.243704 0.987264 0.207325 426.000000 2.000000 665.000000 115.000000 0.000000 0.000000 150.439683
1 5.532824 8.000000 1.088983 0.260569 1.241434 1.924658 1236.000000 2.000000 324.000000 74.000000 0.000000 0.000000 168.827994
1 2.839318 8.000000 1.039287 0.153706 0.793170 0.213796 477.000000 2.000000 453.000000 169.000000 0.000000 0.000000 132.345969
1 4.132239 8.000000 2.051328 0.192950 0.920670 0.227514 273.000000 2.000000 200.000000 95.000000 0.000000 0.000000 131.290326
1 3.661388 8.000000 1.282970 0.270148 1.072056 0.171120 353.000000 2.000000 365.000000 78.000000 0.000000 0.000000 151.354172
1 2.393928 8.000000 1.235502 0.105619 0.516276 0.150410 190.000000 2.000000 164.000000 39.000000 0.000000 0.000000 124.640449
1 4.653648 8.000000 1.843764 0.287007 1.239651 0.234716 435.000000 2.000000 557.000000 124.000000 0.000000 0.000000 151.387076
1 3.584717 8.000000 1.035255 0.228576 1.207447 0.250818 390.000000 2.000000 402.000000 197.000000 0.000000 0.000000 149.459909
1 2.820216 8.000000 1.790987 0.092407 0.427374 0.166345 301.000000 2.000000 144.000000 57.000000 0.000000 0.000000 148.734888
1 1.745536 8.000000 1.020462 0.062213 0.300100 0.109469 242.000000 2.000000 180.000000 58.000000 0.000000 0.000000 121.973028
1 1.419031 8.000000 1.013282 0.034489 0.165673 0.081231 182.000000 2.000000 56.000000 36.000000 0.000000 0.000000 124.871926
1 4.269620 8.000000 1.751290 0.203494 1.133292 0.264658 353.000000 2.000000 149.000000 417.000000 0.000000 0.000000 130.572251
1 2.112583 8.000000 1.180585 0.094005 0.415014 0.102627 234.000000 2.000000 57.000000 96.000000 0.000000 0.000000 126.982435
1 7.044651 8.000000 1.034964 0.499883 2.680597 0.779465 927.000000 2.000000 1321.000000 314.000000 0.000000 0.000000 145.964748
1 1.426232 8.000000 0.996046 0.032919 0.176248 0.083644 197.000000 2.000000 22.000000 82.000000 0.000000 0.000000 111.143232
1 9.282627 8.000000 1.037244 0.556047 3.010937 2.257722 2188.000000 2.000000 1471.000000 438.000000 0.000000 0.000000 151.209875
1 18.244224 8.000000 1.793924 1.005922 5.895978 4.774403 4749.000000 2.000000 2398.000000 977.000000 0.000000 0.000000 149.293295
1 3.749671 8.000000 1.726843 0.190957 0.929323 0.189440 394.000000 2.000000 496.000000 185.000000 0.000000 0.000000 127.760898
1 3.475056 8.000000 1.033374 0.249711 1.080499 0.205666 345.000000 2.000000 518.000000 77.000000 0.000000 0.000000 160.699259
1 2.493964 8.000000 1.799765 0.060965 0.287123 0.126926 165.000000 2.000000 42.000000 21.000000 0.000000 0.000000 141.440520
1 3.129813 8.000000 1.020056 0.182011 0.957187 0.203779 439.000000 2.000000 700.000000 170.000000 0.000000 0.000000 107.589979
1 6.991211 8.000000 1.359923 0.459666 2.431171 0.634568 848.000000 2.000000 912.000000 484.000000 0.000000 0.000000 155.334551
1 3.525916 8.000000 1.018435 0.226683 1.155902 0.247033 359.000000 2.000000 376.000000 146.000000 0.000000 0.000000 127.796138
1 3.705021 8.000000 1.777387 0.165496 0.864382 0.196747 377.000000 2.000000 421.000000 152.000000 0.000000 0.000000 125.636207
1 17.136502 8.000000 1.019597 1.516166 7.481421 0.927285 1578.000000 2.000000 3598.000000 1144.000000 0.000000 0.000000 175.333592
1 15.575341 8.000000 1.029702 1.478535 6.300472 1.901401 1775.000000 2.000000 1721.000000 488.000000 0.000000 0.000000 166.963367
1 1.388126 8.000000 1.031929 0.031974 0.141105 0.076892 168.000000 2.000000 18.000000 37.000000 0.000000 0.000000 133.540497
1 3.166007 8.000000 1.649021 0.132071 0.666987 0.204062 263.000000 2.000000 24.000000 238.000000 0.000000 0.000000 123.728698
1 2.459402 8.000000 1.508668 0.081543 0.415740 0.122133 275.000000 2.000000 150.000000 56.000000 0.000000 0.000000 149.607112
1 2.629128 8.000000 1.024478 0.130115 0.647322 0.269480 472.000000 2.000000 375.000000 86.000000 0.000000 0.000000 143.131229
1 2.827215 8.000000 1.358174 0.115270 0.641893 0.172583 370.000000 2.000000 386.000000 97.000000 0.000000 0.000000 128.475336
1 1.584684 8.000000 1.013193 0.050936 0.239383 0.084483 201.000000 2.000000 50.000000 114.000000 0.000000 0.000000 119.477949
1 2.317565 8.000000 1.015214 0.123550 0.578821 0.159503 363.000000 2.000000 207.000000 128.000000 0.000000 0.000000 158.155130
1 9.459348 8.000000 1.016051 0.812864 3.806314 0.525276 583.000000 2.000000 951.000000 393.000000 0.000000 0.000000 136.782694
1 4.885008 8.000000 1.162044 0.298816 1.561304 0.589049 859.000000 2.000000 828.000000 468.000000 0.000000 0.000000 146.139639
1 1.445375 8.000000 0.971828 0.029423 0.152053 0.169010 258.000000 2.000000 18.000000 46.000000 0.000000 0.000000 123.509127
1 2.878594 8.000000 0.978708 0.147275 0.737095 0.336817 534.000000 2.000000 478.000000 107.000000 0.000000 0.000000 123.575438
1 2.213810 8.000000 1.035155 0.133660 0.519349 0.097805 227.000000 2.000000 199.000000 41.000000 0.000000 0.000000 136.835021
1 6.053893 8.000000 1.918566 0.455015 1.923112 0.264574 303.000000 2.000000 263.000000 61.000000 0.000000 0.000000 142.111577
1 3.847180 8.000000 1.808204 0.193861 0.901113 0.235618 408.000000 2.000000 488.000000 141.000000 0.000000 0.000000 159.977961
1 2.397409 8.000000 1.166464 0.099817 0.563097 0.115953 271.000000 2.000000 243.000000 167.000000 0.000000 0.000000 120.875242
1 1.532827 8.000000 0.949998 0.044885 0.237053 0.090662 207.000000 2.000000 105.000000 51.000000 0.000000 0.000000 125.090485
1 1.778516 8.000000 0.986446 0.061863 0.344731 0.122749 285.000000 2.000000 124.000000 108.000000 0.000000 0.000000 123.583739
1 2.058635 8.000000 1.010555 0.100909 0.456544 0.127146 268.000000 2.000000 207.000000 67.000000 0.000000 0.000000 136.638698
1 12.277411 8.000000 1.023922 0.797090 4.384619 2.286558 1831.000000 2.000000 1681.000000 978.000000 0.000000 0.000000 135.118426
1 2.296797 8.000000 1.038093 0.123816 0.547381 0.125452 292.000000 2.000000 285.000000 48.000000 0.000000 0.000000 144.945217
1 2.069230 8.000000 0.933563 0.096805 0.502717 0.136805 311.000000 2.000000 305.000000 93.000000 0.000000 0.000000 131.045217
1 1.877836 8.000000 1.023818 0.088091 0.371734 0.088965 206.000000 2.000000 86.000000 40.000000 0.000000 0.000000 134.269783
1 12.826365 8.000000 1.021591 0.843894 4.213213 3.501296 2908.000000 2.000000 1501.000000 449.000000 0.000000 0.000000 187.683548
1 4.773457 8.000000 1.017186 0.278889 1.162734 1.401484 1189.000000 2.000000 397.000000 69.000000 0.000000 0.000000 166.333038
1 6.805748 8.000000 1.762388 0.418848 2.210914 0.364546 651.000000 2.000000 1226.000000 699.000000 0.000000 0.000000 120.639908
1 3.564482 8.000000 1.769565 0.154502 0.822988 0.197295 277.000000 2.000000 356.000000 91.000000 0.000000 0.000000 105.667598
1 2.012835 8.000000 1.017407 0.087423 0.433208 0.118211 260.000000 2.000000 112.000000 188.000000 0.000000 0.000000 111.662616
1 2.305698 8.000000 1.021804 0.124360 0.568754 0.186202 320.000000 2.000000 201.000000 86.000000 0.000000 0.000000 152.306677
1 3.288252 8.000000 1.809560 0.123941 0.638978 0.197617 262.000000 2.000000 206.000000 82.000000 0.000000 0.000000 121.271821
1 1.408583 8.000000 1.101538 0.024379 0.120034 0.067928 159.000000 2.000000 24.000000 25.000000 0.000000 0.000000 119.429018
1 2.687845 8.000000 1.011680 0.169591 0.742058 0.163844 360.000000 2.000000 267.000000 145.000000 0.000000 0.000000 150.622126
1 3.348834 10.000000 0.929837 0.225660 1.081706 0.267566 516.000000 2.000000 609.000000 106.000000 0.000000 0.000000 133.783450
1 3.043825 10.000000 0.992468 0.194803 0.908875 0.280706 444.000000 2.000000 525.000000 121.000000 0.000000 0.000000 149.371252
1 9.724652 10.000000 1.002072 0.721567 3.952915 0.827582 817.000000 2.000000 1450.000000 244.000000 0.000000 0.000000 145.651542
1 10.232895 10.000000 1.663034 0.701226 3.899992 0.922541 1210.000000 2.000000 1795.000000 598.000000 0.000000 0.000000 149.059645
1 17.142928 10.000000 1.040050 1.442108 6.868669 2.002439 1874.000000 2.000000 2455.000000 1258.000000 0.000000 0.000000 201.696671
1 10.190027 10.000000 1.469828 0.663141 3.734785 1.462161 1395.000000 2.000000 1971.000000 538.000000 0.000000 0.000000 141.508324
1 3.020423 10.000000 0.971488 0.189023 0.899074 0.270879 456.000000 2.000000 400.000000 103.000000 0.000000 0.000000 163.480964
1 4.810404 10.000000 1.024779 0.330304 1.692012 0.528315 674.000000 2.000000 849.000000 224.000000 0.000000 0.000000 134.338446
1 5.839664 10.000000 2.103776 0.369260 1.704862 0.401511 402.000000 2.000000 354.000000 94.000000 0.000000 0.000000 165.644247
1 1.965694 10.000000 1.332569 0.046184 0.258242 0.137002 224.000000 2.000000 23.000000 76.000000 0.000000 0.000000 120.348136
1 8.374088 10.000000 1.014414 0.581067 2.605372 2.190001 1224.000000 2.000000 1308.000000 238.000000 0.000000 0.000000 149.770445
1 2.865654 10.000000 1.056764 0.181095 0.823037 0.198972 311.000000 2.000000 161.000000 177.000000 0.000000 0.000000 143.967780
1 12.076702 10.000000 1.799523 1.004764 4.403368 1.391421 1782.000000 2.000000 2313.000000 448.000000 0.000000 0.000000 212.254829
1 6.050401 10.000000 1.020842 0.457677 2.397707 0.487233 574.000000 2.000000 853.000000 288.000000 0.000000 0.000000 146.207771
1 5.657913 10.000000 2.018061 0.313219 1.692043 0.463127 477.000000 2.000000 637.000000 161.000000 0.000000 0.000000 140.815453
1 8.240678 10.000000 1.057302 0.715406 3.316437 0.645696 847.000000 2.000000 875.000000 304.000000 0.000000 0.000000 174.862836
1 7.353477 10.000000 1.027190 0.551167 2.776706 0.702012 867.000000 2.000000 1181.000000 398.000000 0.000000 0.000000 156.733974
1 5.580408 10.000000 1.156063 0.485975 2.059350 0.326035 505.000000 2.000000 609.000000 96.000000 0.000000 0.000000 140.977112
1 7.750745 10.000000 1.803034 0.575171 2.733789 0.505554 705.000000 2.000000 332.000000 1391.000000 0.000000 0.000000 135.485753
1 5.772550 10.000000 1.807427 0.394685 1.822168 0.367478 596.000000 2.000000 814.000000 1969.000000 0.000000 0.000000 133.179380
1 4.374259 10.000000 0.976341 0.330376 1.563734 0.342828 616.000000 2.000000 1004.000000 108.000000 0.000000 0.000000 142.894476
1 13.883185 10.000000 1.003524 1.221588 6.022170 1.007105 1150.000000 2.000000 2158.000000 682.000000 0.000000 0.000000 152.380583
1 10.996290 10.000000 1.005634 0.835777 4.585193 1.018580 1711.000000 2.000000 2599.000000 583.000000 0.000000 0.000000 151.469318
1 40.372734 10.000000 2.174806 2.683066 14.977866 8.207383 5738.000000 2.000000 6380.000000 3136.000000 0.000000 0.000000 201.235598
1 6.233558 10.000000 1.006457 0.467690 2.256687 0.565745 846.000000 2.000000 1359.000000 509.000000 0.000000 0.000000 168.452796
1 10.291653 10.000000 1.530589 0.679546 3.998683 1.226571 1126.000000 2.000000 925.000000 651.000000 0.000000 0.000000 154.122095
1 4.802653 10.000000 1.082691 0.315950 1.712186 0.453332 580.000000 2.000000 548.000000 193.000000 0.000000 0.000000 175.837883
1 24.474867 10.000000 1.671255 1.869918 9.919469 1.995779 2703.000000 2.000000 6444.000000 1852.000000 0.000000 0.000000 171.679409
1 4.255706 10.000000 1.931709 0.206482 1.008247 0.311659 312.000000 2.000000 195.000000 44.000000 0.000000 0.000000 143.544847
1 7.528485 10.000000 1.339152 0.611113 2.856579 0.477508 835.000000 2.000000 1558.000000 264.000000 0.000000 0.000000 139.889053
1 6.213262 10.000000 0.987924 0.490332 2.353111 0.547420 827.000000 2.000000 1006.000000 223.000000 0.000000 0.000000 155.424220
1 9.627804 10.000000 2.110814 0.610693 3.351192 0.888883 913.000000 2.000000 1404.000000 383.000000 0.000000 0.000000 151.311956
1 5.236722 10.000000 1.021248 0.377891 1.879257 0.454741 798.000000 2.000000 964.000000 190.000000 0.000000 0.000000 174.324556
1 3.844736 10.000000 1.038019 0.186951 0.997909 0.880045 738.000000 2.000000 494.000000 160.000000 0.000000 0.000000 143.275493
1 9.847928 10.000000 2.127853 0.662785 3.600145 0.784907 804.000000 2.000000 1368.000000 300.000000 0.000000 0.000000 145.706097
1 2.239200 10.000000 1.020252 0.095874 0.521840 0.203973 364.000000 2.000000 256.000000 56.000000 0.000000 0.000000 130.764186
1 14.710094 10.000000 0.958918 1.181155 6.254046 1.482851 1691.000000 2.000000 3118.000000 770.000000 0.000000 0.000000 149.108356
0 76.680176 10.000000 1.633981 6.932082 34.593442 0.187620 251.000000 2.000000 0.000000 29558.000000 0.000000 0.000000 -1.000000
1 11.276684 10.000000 1.580748 0.886133 4.375167 1.065268 1052.000000 2.000000 1888.000000 326.000000 0.000000 0.000000 152.270306
1 3.556198 10.000000 0.998022 0.224865 1.075335 0.385061 704.000000 2.000000 818.000000 138.000000 0.000000 0.000000 157.766415
1 6.278639 10.000000 0.959687 0.425557 2.410381 0.562748 961.000000 2.000000 1185.000000 403.000000 0.000000 0.000000 136.034074
1 9.815426 10.000000 0.998756 0.673740 3.809734 1.087458 1481.000000 2.000000 2081.000000 485.000000 0.000000 0.000000 131.993144
1 7.894340 10.000000 2.087412 0.474411 2.592557 0.764197 818.000000 2.000000 941.000000 309.000000 0.000000 0.000000 171.635601
1 28.995255 10.000000 1.099228 2.157427 12.263763 3.003254 4104.000000 2.000000 7418.000000 1608.000000 0.000000 0.000000 164.758517
1 4.877857 10.000000 1.572153 0.383533 1.511598 0.322832 275.000000 2.000000 165.000000 67.000000 0.000000 0.000000 150.743364
1 13.150338 10.000000 1.843691 1.270713 5.287371 0.741120 943.000000 2.000000 1318.000000 172.000000 0.000000 0.000000 175.713113
1 4.902575 10.000000 1.474490 0.360361 1.582614 0.295147 493.000000 2.000000 654.000000 122.000000 0.000000 0.000000 138.827442
1 16.338901 10.000000 0.987738 1.290264 7.140105 1.110962 1386.000000 2.000000 2725.000000 945.000000 0.000000 0.000000 160.861341
1 3.029014 10.000000 1.025337 0.178662 0.875224 0.310852 334.000000 2.000000 204.000000 93.000000 0.000000 0.000000 144.097800
1 8.924547 10.000000 2.379159 0.555896 3.008952 0.812231 1014.000000 2.000000 1517.000000 681.000000 0.000000 0.000000 139.569339
1 3.308633 10.000000 1.553449 0.168576 0.772793 0.227809 381.000000 2.000000 265.000000 105.000000 0.000000 0.000000 174.902442
1 6.821458 10.000000 1.008404 0.369772 2.032141 1.849846 1424.000000 2.000000 1140.000000 310.000000 0.000000 0.000000 146.585280
1 6.035599 10.000000 1.015780 0.486669 2.268478 0.473050 818.000000 2.000000 1349.000000 304.000000 0.000000 0.000000 164.406870
1 2.397028 10.000000 0.958264 0.126079 0.613514 0.196675 345.000000 2.000000 191.000000 112.000000 0.000000 0.000000 136.371650
1 12.026167 10.000000 1.017787 0.902904 5.159132 1.117802 1219.000000 2.000000 1649.000000 551.000000 0.000000 0.000000 153.369379
1 8.515588 10.000000 1.029667 0.648174 3.339655 0.947878 1111.000000 2.000000 1791.000000 234.000000 0.000000 0.000000 158.700414
1 9.516104 10.000000 1.032596 0.750354 3.802106 0.932482 1334.000000 2.000000 2272.000000 620.000000 0.000000 0.000000 175.677815
1 10.249494 10.000000 1.779838 0.781831 3.773654 0.890438 802.000000 2.000000 1568.000000 326.000000 0.000000 0.000000 151.103675
1 9.044038 10.000000 1.555567 0.561302 3.333693 0.892029 1122.000000 2.000000 1928.000000 1091.000000 0.000000 0.000000 124.205704
1 3.992280 10.000000 0.979814 0.242880 1.266747 0.418181 634.000000 2.000000 699.000000 102.000000 0.000000 0.000000 146.968433
