1 1.180355 1.000000 0.000000 0.037733 0.195172 -1.000000 -1.000000 -1.000000 0.000000 2687.000000 0.000000 0.000000 186.318835
1 0.044141 1.000000 0.000000 0.004723 0.019732 -1.000000 -1.000000 -1.000000 0.000000 330.000000 0.000000 0.000000 157.066123
1 0.923233 1.000000 0.000000 0.036324 0.172857 -1.000000 -1.000000 -1.000000 0.000000 1523.000000 0.000000 0.000000 329.553703
1 0.772046 1.000000 0.000000 0.029103 0.139808 -1.000000 -1.000000 -1.000000 0.000000 2587.000000 0.000000 0.000000 225.140931
1 2.474138 1.000000 0.000000 0.057573 0.270926 -1.000000 -1.000000 -1.000000 0.000000 5808.000000 0.000000 0.000000 273.863684
1 0.248549 1.000000 0.000000 0.014983 0.063761 -1.000000 -1.000000 -1.000000 0.000000 2223.000000 0.000000 0.000000 163.767274
1 0.673540 1.000000 0.000000 0.029211 0.133998 -1.000000 -1.000000 -1.000000 0.000000 3652.000000 0.000000 0.000000 170.971120
1 0.197216 1.000000 0.000000 0.012245 0.060308 -1.000000 -1.000000 -1.000000 0.000000 1770.000000 0.000000 0.000000 169.466106
1 0.708984 1.000000 0.000000 0.029960 0.132471 -1.000000 -1.000000 -1.000000 0.000000 3421.000000 0.000000 0.000000 146.118031
1 0.319611 1.000000 0.000000 0.019104 0.086436 -1.000000 -1.000000 -1.000000 0.000000 2017.000000 0.000000 0.000000 225.100083
1 2.004194 1.000000 0.000000 0.054415 0.269832 -1.000000 -1.000000 -1.000000 0.000000 3539.000000 0.000000 0.000000 175.028159
1 0.544361 1.000000 0.000000 0.028000 0.139048 -1.000000 -1.000000 -1.000000 0.000000 1374.000000 0.000000 0.000000 185.837147
1 0.230320 1.000000 0.000000 0.015177 0.066157 -1.000000 -1.000000 -1.000000 0.000000 1658.000000 0.000000 0.000000 156.483602
1 0.048836 1.000000 0.000000 0.004949 0.022803 -1.000000 -1.000000 -1.000000 0.000000 294.000000 0.000000 0.000000 168.574081
1 0.460138 1.000000 0.000000 0.021702 0.108451 -1.000000 -1.000000 -1.000000 0.000000 2226.000000 0.000000 0.000000 175.032065
1 2.411650 1.000000 0.000000 0.059045 0.289112 -1.000000 -1.000000 -1.000000 0.000000 2913.000000 0.000000 0.000000 305.343069
1 0.400780 1.000000 0.000000 0.021672 0.095066 -1.000000 -1.000000 -1.000000 0.000000 1706.000000 0.000000 0.000000 209.084821
1 4.106660 1.000000 0.000000 0.085798 0.418047 -1.000000 -1.000000 -1.000000 0.000000 4849.000000 0.000000 0.000000 318.439017
1 1.004284 1.000000 0.000000 0.032281 0.156983 -1.000000 -1.000000 -1.000000 0.000000 1927.000000 0.000000 0.000000 175.705636
1 0.383664 1.000000 0.000000 0.018061 0.088309 -1.000000 -1.000000 -1.000000 0.000000 1728.000000 0.000000 0.000000 155.453052
1 4.020868 1.000000 0.000000 0.070131 0.345318 -1.000000 -1.000000 -1.000000 0.000000 5606.000000 0.000000 0.000000 170.369168
1 0.207616 1.000000 0.000000 0.013141 0.059735 -1.000000 -1.000000 -1.000000 0.000000 816.000000 0.000000 0.000000 234.963846
1 0.932902 1.000000 0.000000 0.030649 0.163962 -1.000000 -1.000000 -1.000000 0.000000 2473.000000 0.000000 0.000000 137.012434
1 0.384475 1.000000 0.000000 0.019530 0.093064 -1.000000 -1.000000 -1.000000 0.000000 1254.000000 0.000000 0.000000 195.588543
1 5.519607 1.000000 0.000000 0.091394 0.431500 -1.000000 -1.000000 -1.000000 0.000000 5306.000000 0.000000 0.000000 374.388304
1 0.192971 1.000000 0.000000 0.011885 0.069182 -1.000000 -1.000000 -1.000000 0.000000 959.000000 0.000000 0.000000 142.221853
1 2.627581 1.000000 0.000000 0.055991 0.269680 -1.000000 -1.000000 -1.000000 0.000000 1986.000000 0.000000 0.000000 210.319375
1 0.449407 1.000000 0.000000 0.021856 0.107038 -1.000000 -1.000000 -1.000000 0.000000 1900.000000 0.000000 0.000000 204.548188
1 0.167439 1.000000 0.000000 0.013400 0.059531 -1.000000 -1.000000 -1.000000 0.000000 1411.000000 0.000000 0.000000 260.904273
1 0.599729 1.000000 0.000000 0.026570 0.124546 -1.000000 -1.000000 -1.000000 0.000000 2437.000000 0.000000 0.000000 193.647472
1 4.107055 1.000000 0.000000 0.083550 0.398523 -1.000000 -1.000000 -1.000000 0.000000 4896.000000 0.000000 0.000000 185.095028
1 1.221489 1.000000 0.000000 0.041167 0.180107 -1.000000 -1.000000 -1.000000 0.000000 2169.000000 0.000000 0.000000 174.286921
1 0.240500 1.000000 0.000000 0.016010 0.073672 -1.000000 -1.000000 -1.000000 0.000000 876.000000 0.000000 0.000000 233.891242
1 1.816865 1.000000 0.000000 0.046286 0.200981 -1.000000 -1.000000 -1.000000 0.000000 2347.000000 0.000000 0.000000 153.363116
1 0.459106 1.000000 0.000000 0.020386 0.099392 -1.000000 -1.000000 -1.000000 0.000000 1635.000000 0.000000 0.000000 279.422745
1 4.819537 1.000000 0.000000 0.081023 0.376753 -1.000000 -1.000000 -1.000000 0.000000 4700.000000 0.000000 0.000000 299.938076
1 0.538483 1.000000 0.000000 0.021018 0.103277 -1.000000 -1.000000 -1.000000 0.000000 2114.000000 0.000000 0.000000 244.018371
1 4.497759 1.000000 0.000000 0.078795 0.372734 -1.000000 -1.000000 -1.000000 0.000000 4833.000000 0.000000 0.000000 269.942831
1 0.957841 1.000000 0.000000 0.035803 0.168807 -1.000000 -1.000000 -1.000000 0.000000 3494.000000 0.000000 0.000000 266.889559
1 3.623154 1.000000 0.000000 0.064272 0.293011 -1.000000 -1.000000 -1.000000 0.000000 4624.000000 0.000000 0.000000 156.104221
1 0.076606 1.000000 0.000000 0.006549 0.030037 -1.000000 -1.000000 -1.000000 0.000000 473.000000 0.000000 0.000000 142.867790
1 2.663903 1.000000 0.000000 0.052217 0.258956 -1.000000 -1.000000 -1.000000 0.000000 3747.000000 0.000000 0.000000 181.518079
1 1.194741 1.000000 0.000000 0.034847 0.147210 -1.000000 -1.000000 -1.000000 0.000000 2638.000000 0.000000 0.000000 298.347071
1 0.910257 1.000000 0.000000 0.030375 0.130599 -1.000000 -1.000000 -1.000000 0.000000 3257.000000 0.000000 0.000000 212.119585
1 0.317525 1.000000 0.000000 0.018249 0.078364 -1.000000 -1.000000 -1.000000 0.000000 1438.000000 0.000000 0.000000 200.327591
1 15.175734 1.000000 0.000000 0.150098 0.657141 -1.000000 -1.000000 -1.000000 0.000000 7624.000000 0.000000 0.000000 197.659806
1 1.982892 1.000000 0.000000 0.058760 0.285371 -1.000000 -1.000000 -1.000000 0.000000 4298.000000 0.000000 0.000000 317.398214
1 0.508329 1.000000 0.000000 0.028370 0.161992 -1.000000 -1.000000 -1.000000 0.000000 1773.000000 0.000000 0.000000 145.144897
1 15.903861 1.000000 0.000000 0.147519 0.739554 -1.000000 -1.000000 -1.000000 0.000000 6221.000000 0.000000 0.000000 176.518091
1 1.065362 1.000000 0.000000 0.047407 0.220205 -1.000000 -1.000000 -1.000000 0.000000 3047.000000 0.000000 0.000000 140.650180
1 1.240466 1.000000 0.000000 0.054580 0.268511 -1.000000 -1.000000 -1.000000 0.000000 2880.000000 0.000000 0.000000 238.938182
1 0.172092 1.000000 0.000000 0.013900 0.062754 -1.000000 -1.000000 -1.000000 0.000000 763.000000 0.000000 0.000000 220.567398
1 1.032900 1.000000 0.000000 0.034333 0.154449 -1.000000 -1.000000 -1.000000 0.000000 4013.000000 0.000000 0.000000 196.416326
1 0.461810 1.000000 0.000000 0.024076 0.111783 -1.000000 -1.000000 -1.000000 0.000000 2243.000000 0.000000 0.000000 217.414080
1 0.641949 1.000000 0.000000 0.027618 0.116577 -1.000000 -1.000000 -1.000000 0.000000 1260.000000 0.000000 0.000000 198.010812
1 1.470501 1.000000 0.000000 0.040470 0.181590 -1.000000 -1.000000 -1.000000 0.000000 2615.000000 0.000000 0.000000 156.764204
1 0.583821 1.000000 0.000000 0.025798 0.140319 -1.000000 -1.000000 -1.000000 0.000000 1706.000000 0.000000 0.000000 140.591009
1 1.237190 1.000000 0.000000 0.035464 0.182300 -1.000000 -1.000000 -1.000000 0.000000 3233.000000 0.000000 0.000000 148.569136
1 0.956756 1.000000 0.000000 0.031708 0.152682 -1.000000 -1.000000 -1.000000 0.000000 1770.000000 0.000000 0.000000 185.201193
1 8.166459 1.000000 0.000000 0.095329 0.429074 -1.000000 -1.000000 -1.000000 0.000000 5076.000000 0.000000 0.000000 239.527331
1 1.719760 2.000000 0.000000 0.062348 0.283309 -1.000000 -1.000000 -1.000000 7.000000 7568.000000 0.000000 0.000000 189.497865
1 3.495920 2.000000 0.000000 0.087242 0.415124 -1.000000 -1.000000 -1.000000 16.000000 7296.000000 0.000000 0.000000 220.132966
1 1.473452 2.000000 0.000000 0.046714 0.208946 -1.000000 -1.000000 -1.000000 7.000000 4280.000000 0.000000 0.000000 156.189043
1 7.553204 2.000000 0.000000 0.143132 0.626118 -1.000000 -1.000000 -1.000000 5.000000 11507.000000 0.000000 0.000000 165.946784
1 5.999902 2.000000 0.000000 0.125633 0.628252 -1.000000 -1.000000 -1.000000 0.000000 8118.000000 0.000000 0.000000 184.523500
1 8.010031 2.000000 0.000000 0.131226 0.565666 -1.000000 -1.000000 -1.000000 33.000000 7382.000000 0.000000 0.000000 254.650984
1 7.474061 2.000000 0.000000 0.112060 0.508383 -1.000000 -1.000000 -1.000000 818.000000 5445.000000 0.000000 0.000000 213.566032
1 3.042642 2.000000 0.000000 0.060433 0.288460 -1.000000 -1.000000 -1.000000 2.000000 4487.000000 0.000000 0.000000 148.910925
1 3.252188 2.000000 0.000000 0.090798 0.423037 -1.000000 -1.000000 -1.000000 11.000000 8609.000000 0.000000 0.000000 156.279365
1 3.182258 2.000000 0.000000 0.081148 0.379421 -1.000000 -1.000000 -1.000000 286.000000 7341.000000 0.000000 0.000000 244.165741
1 3.016331 2.000000 0.000000 0.130841 0.661042 -1.000000 -1.000000 -1.000000 0.000000 5894.000000 0.000000 0.000000 226.651388
1 8.231959 2.000000 0.000000 0.154202 0.773969 -1.000000 -1.000000 -1.000000 605.000000 12659.000000 0.000000 0.000000 169.773943
1 3.824871 2.000000 0.000000 0.094120 0.419555 -1.000000 -1.000000 -1.000000 0.000000 7300.000000 0.000000 0.000000 248.286192
1 0.857271 2.000000 0.000000 0.045058 0.194049 -1.000000 -1.000000 -1.000000 0.000000 3226.000000 0.000000 0.000000 168.850311
1 2.610364 2.000000 0.000000 0.105444 0.439566 -1.000000 -1.000000 -1.000000 304.000000 3810.000000 0.000000 0.000000 185.293873
1 4.790950 2.000000 0.000000 0.106419 0.488216 -1.000000 -1.000000 -1.000000 651.000000 5866.000000 0.000000 0.000000 274.307090
1 2.984452 2.000000 0.000000 0.081690 0.366826 -1.000000 -1.000000 -1.000000 0.000000 6304.000000 0.000000 0.000000 263.223017
1 8.692691 2.000000 0.000000 0.122353 0.536675 -1.000000 -1.000000 -1.000000 31.000000 5577.000000 0.000000 0.000000 191.999069
1 2.186671 2.000000 0.000000 0.067288 0.319226 -1.000000 -1.000000 -1.000000 0.000000 3471.000000 0.000000 0.000000 196.398678
1 4.804791 2.000000 0.000000 0.122932 0.546671 -1.000000 -1.000000 -1.000000 58.000000 7154.000000 0.000000 0.000000 213.975725
1 2.284332 2.000000 0.000000 0.072117 0.311615 -1.000000 -1.000000 -1.000000 0.000000 4408.000000 0.000000 0.000000 245.492793
1 1.911491 2.000000 0.000000 0.071462 0.322352 -1.000000 -1.000000 -1.000000 0.000000 4798.000000 0.000000 0.000000 204.512341
1 3.704821 2.000000 0.000000 0.091178 0.403861 -1.000000 -1.000000 -1.000000 204.000000 6662.000000 0.000000 0.000000 173.155538
1 3.107846 2.000000 0.000000 0.078056 0.370296 -1.000000 -1.000000 -1.000000 0.000000 5689.000000 0.000000 0.000000 196.083598
1 3.707084 2.000000 0.000000 0.094056 0.468478 -1.000000 -1.000000 -1.000000 0.000000 7492.000000 0.000000 0.000000 203.118381
1 2.750548 2.000000 0.000000 0.080665 0.368197 -1.000000 -1.000000 -1.000000 26.000000 4606.000000 0.000000 0.000000 161.749562
1 10.485610 2.000000 0.000000 0.148411 0.673701 -1.000000 -1.000000 -1.000000 57.000000 12878.000000 0.000000 0.000000 215.393947
1 1.797401 2.000000 0.000000 0.066041 0.319599 -1.000000 -1.000000 -1.000000 0.000000 4683.000000 0.000000 0.000000 203.075224
1 3.194343 2.000000 0.000000 0.086671 0.391868 -1.000000 -1.000000 -1.000000 3.000000 6176.000000 0.000000 0.000000 186.328577
1 3.380000 2.000000 0.000000 0.079848 0.353941 -1.000000 -1.000000 -1.000000 24.000000 6593.000000 0.000000 0.000000 329.270971
1 5.739862 2.000000 0.000000 0.118761 0.565059 -1.000000 -1.000000 -1.000000 79.000000 7932.000000 0.000000 0.000000 171.962352
1 7.708782 2.000000 0.000000 0.135380 0.680478 -1.000000 -1.000000 -1.000000 1.000000 13708.000000 0.000000 0.000000 213.528265
1 4.159259 2.000000 0.000000 0.125332 0.628829 -1.000000 -1.000000 -1.000000 0.000000 7658.000000 0.000000 0.000000 213.043838
1 2.482348 2.000000 0.000000 0.071216 0.362518 -1.000000 -1.000000 -1.000000 0.000000 4530.000000 0.000000 0.000000 218.216250
1 0.565321 2.000000 0.000000 0.037109 0.175119 -1.000000 -1.000000 -1.000000 1.000000 8067.000000 0.000000 0.000000 204.119812
1 1.330308 2.000000 0.000000 0.046208 0.227934 -1.000000 -1.000000 -1.000000 13.000000 6596.000000 0.000000 0.000000 232.385636
1 1.216111 2.000000 0.000000 0.059439 0.294169 -1.000000 -1.000000 -1.000000 0.000000 6578.000000 0.000000 0.000000 182.936209
1 5.155678 2.000000 0.000000 0.166387 0.805300 -1.000000 -1.000000 -1.000000 0.000000 8014.000000 0.000000 0.000000 294.866055
1 0.820302 2.000000 0.000000 0.050909 0.255277 -1.000000 -1.000000 -1.000000 3.000000 1531.000000 0.000000 0.000000 155.972286
1 1.917825 2.000000 0.000000 0.062491 0.296661 -1.000000 -1.000000 -1.000000 0.000000 8089.000000 0.000000 0.000000 200.153723
1 2.967309 2.000000 0.000000 0.073088 0.398730 -1.000000 -1.000000 -1.000000 335.000000 6194.000000 0.000000 0.000000 170.066491
1 3.873612 2.000000 0.000000 0.091992 0.445509 -1.000000 -1.000000 -1.000000 1.000000 8762.000000 0.000000 0.000000 226.650131
1 12.930234 2.000000 0.000000 0.154969 0.625523 -1.000000 -1.000000 -1.000000 283.000000 8809.000000 0.000000 0.000000 188.325024
1 3.457848 2.000000 0.000000 0.086744 0.384192 -1.000000 -1.000000 -1.000000 197.000000 5047.000000 0.000000 0.000000 188.331128
1 1.130710 2.000000 0.000000 0.051516 0.239480 -1.000000 -1.000000 -1.000000 0.000000 3866.000000 0.000000 0.000000 180.884013
1 2.748766 2.000000 0.000000 0.067184 0.302459 -1.000000 -1.000000 -1.000000 10.000000 3832.000000 0.000000 0.000000 155.093375
1 3.949570 2.000000 0.000000 0.085499 0.354870 -1.000000 -1.000000 -1.000000 0.000000 11230.000000 0.000000 0.000000 201.063802
1 3.866021 2.000000 0.000000 0.086936 0.389726 -1.000000 -1.000000 -1.000000 0.000000 6090.000000 0.000000 0.000000 216.505346
1 1.629287 2.000000 0.000000 0.060661 0.254507 -1.000000 -1.000000 -1.000000 0.000000 3047.000000 0.000000 0.000000 263.756407
1 0.973433 2.000000 0.000000 0.048693 0.248757 -1.000000 -1.000000 -1.000000 2.000000 5387.000000 0.000000 0.000000 159.965242
1 1.623416 2.000000 0.000000 0.061882 0.313062 -1.000000 -1.000000 -1.000000 0.000000 6644.000000 0.000000 0.000000 166.003323
1 3.071637 2.000000 0.000000 0.096342 0.418601 -1.000000 -1.000000 -1.000000 18.000000 5540.000000 0.000000 0.000000 139.581718
1 8.998487 2.000000 0.000000 0.179111 0.846962 -1.000000 -1.000000 -1.000000 2.000000 13084.000000 0.000000 0.000000 218.120019
1 2.632014 2.000000 0.000000 0.070166 0.290194 -1.000000 -1.000000 -1.000000 0.000000 4909.000000 0.000000 0.000000 198.408205
1 1.491472 2.000000 0.000000 0.058691 0.277929 -1.000000 -1.000000 -1.000000 0.000000 5824.000000 0.000000 0.000000 174.243313
1 2.994223 2.000000 0.000000 0.081331 0.356190 -1.000000 -1.000000 -1.000000 0.000000 7040.000000 0.000000 0.000000 165.546259
1 6.678906 2.000000 0.000000 0.106520 0.520152 -1.000000 -1.000000 -1.000000 16.000000 5588.000000 0.000000 0.000000 201.008312
1 1.055094 2.000000 0.000000 0.049341 0.221807 -1.000000 -1.000000 -1.000000 12.000000 2685.000000 0.000000 0.000000 134.834453
1 4.001670 2.000000 0.000000 0.080615 0.381747 -1.000000 -1.000000 -1.000000 19.000000 6907.000000 0.000000 0.000000 207.426775
1 1.962800 2.000000 0.000000 0.089341 0.383610 -1.000000 -1.000000 -1.000000 23.000000 8420.000000 0.000000 0.000000 219.886187
1 4.569486 4.000000 0.000000 0.145678 0.666127 -1.000000 -1.000000 -1.000000 174.000000 7687.000000 0.000000 0.000000 158.766978
1 6.176837 4.000000 0.000000 0.163608 0.749292 -1.000000 -1.000000 -1.000000 438.000000 11045.000000 0.000000 0.000000 179.829588
1 5.047892 4.000000 0.000000 0.116860 0.579190 -1.000000 -1.000000 -1.000000 65.000000 6738.000000 0.000000 0.000000 135.801819
1 12.265858 4.000000 0.000000 0.207364 0.937580 -1.000000 -1.000000 -1.000000 283.000000 12507.000000 0.000000 0.000000 144.765991
1 9.849072 4.000000 0.000000 0.191200 0.964763 -1.000000 -1.000000 -1.000000 232.000000 13646.000000 0.000000 0.000000 165.535481
1 13.434843 4.000000 0.000000 0.235384 1.025068 -1.000000 -1.000000 -1.000000 563.000000 17725.000000 0.000000 0.000000 228.964651
0 90.375977 4.000000 0.000000 0.385567 1.695284 -1.000000 -1.000000 -1.000000 252.000000 13574.000000 0.000000 0.000000 -1.000000
1 15.448883 4.000000 0.000000 0.190695 0.830676 -1.000000 -1.000000 -1.000000 2362.000000 14510.000000 0.000000 0.000000 179.556997
1 16.053138 4.000000 0.000000 0.227299 1.130899 -1.000000 -1.000000 -1.000000 35.000000 14431.000000 0.000000 0.000000 175.852816
0 90.831967 4.000000 0.000000 0.557756 2.639707 -1.000000 -1.000000 -1.000000 157.000000 22293.000000 0.000000 0.000000 -1.000000
1 12.111380 4.000000 0.000000 0.220438 0.983650 -1.000000 -1.000000 -1.000000 346.000000 12660.000000 0.000000 0.000000 142.704537
1 10.242514 4.000000 0.000000 0.164656 0.682143 -1.000000 -1.000000 -1.000000 91.000000 9301.000000 0.000000 0.000000 123.064244
1 1.320076 4.000000 0.000000 0.059396 0.278344 -1.000000 -1.000000 -1.000000 172.000000 6526.000000 0.000000 0.000000 184.686930
1 17.587410 4.000000 0.000000 0.255365 1.241068 -1.000000 -1.000000 -1.000000 379.000000 13875.000000 0.000000 0.000000 186.476511
1 2.447671 4.000000 0.000000 0.086906 0.441592 -1.000000 -1.000000 -1.000000 801.000000 7613.000000 0.000000 0.000000 148.201004
1 22.142960 4.000000 0.000000 0.191150 0.909875 -1.000000 -1.000000 -1.000000 58.000000 12773.000000 0.000000 0.000000 186.041083
1 1.185532 4.000000 0.000000 0.053537 0.322302 -1.000000 -1.000000 -1.000000 1172.000000 3818.000000 0.000000 0.000000 156.774506
1 7.294657 4.000000 0.000000 0.129765 0.664251 -1.000000 -1.000000 -1.000000 30.000000 7754.000000 0.000000 0.000000 139.112514
1 3.234794 4.000000 0.000000 0.084791 0.465731 -1.000000 -1.000000 -1.000000 68.000000 5968.000000 0.000000 0.000000 163.662576
1 7.913867 4.000000 0.000000 0.142369 0.671333 -1.000000 -1.000000 -1.000000 0.000000 10628.000000 0.000000 0.000000 155.618133
1 3.309717 4.000000 0.000000 0.145831 0.687772 -1.000000 -1.000000 -1.000000 105.000000 8358.000000 0.000000 0.000000 184.362344
0 90.183670 4.000000 0.000000 0.465063 2.311768 -1.000000 -1.000000 -1.000000 544.000000 17872.000000 0.000000 0.000000 -1.000000
1 7.671284 4.000000 0.000000 0.167954 0.770539 -1.000000 -1.000000 -1.000000 116.000000 12814.000000 0.000000 0.000000 182.815807
1 8.362052 4.000000 0.000000 0.158147 0.764904 -1.000000 -1.000000 -1.000000 73.000000 9019.000000 0.000000 0.000000 151.855722
1 4.468568 4.000000 0.000000 0.102862 0.446970 -1.000000 -1.000000 -1.000000 117.000000 6174.000000 0.000000 0.000000 165.421627
1 10.474037 4.000000 0.000000 0.175034 0.740940 -1.000000 -1.000000 -1.000000 142.000000 9459.000000 0.000000 0.000000 154.028744
1 7.192806 4.000000 0.000000 0.215564 1.011851 -1.000000 -1.000000 -1.000000 390.000000 15429.000000 0.000000 0.000000 142.223294
1 2.044406 4.000000 0.000000 0.078288 0.353308 -1.000000 -1.000000 -1.000000 2.000000 3068.000000 0.000000 0.000000 132.362306
1 6.991788 4.000000 0.000000 0.155771 0.620372 -1.000000 -1.000000 -1.000000 0.000000 10998.000000 0.000000 0.000000 154.610996
1 9.318694 4.000000 0.000000 0.207908 0.938651 -1.000000 -1.000000 -1.000000 98.000000 10563.000000 0.000000 0.000000 154.874665
0 90.606591 4.000000 0.000000 0.464257 2.129345 -1.000000 -1.000000 -1.000000 207.000000 13061.000000 0.000000 0.000000 -1.000000
1 6.542337 4.000000 0.000000 0.171944 0.681891 -1.000000 -1.000000 -1.000000 1111.000000 15463.000000 0.000000 0.000000 200.620163
1 6.313260 4.000000 0.000000 0.180135 0.817189 -1.000000 -1.000000 -1.000000 217.000000 11493.000000 0.000000 0.000000 138.977019
0 90.253226 4.000000 0.000000 0.499220 2.088759 -1.000000 -1.000000 -1.000000 642.000000 17492.000000 0.000000 0.000000 -1.000000
1 19.684003 4.000000 0.000000 0.220491 1.034943 -1.000000 -1.000000 -1.000000 641.000000 12830.000000 0.000000 0.000000 188.769419
1 6.781652 4.000000 0.000000 0.144171 0.623184 -1.000000 -1.000000 -1.000000 32.000000 10601.000000 0.000000 0.000000 142.089472
1 23.508129 4.000000 0.000000 0.318936 1.596942 -1.000000 -1.000000 -1.000000 248.000000 15561.000000 0.000000 0.000000 175.336903
1 6.007683 4.000000 0.000000 0.117610 0.457237 -1.000000 -1.000000 -1.000000 29.000000 7551.000000 0.000000 0.000000 183.734878
1 25.241030 4.000000 0.000000 0.319727 1.298551 -1.000000 -1.000000 -1.000000 724.000000 20363.000000 0.000000 0.000000 215.405906
1 5.623487 4.000000 0.000000 0.142592 0.564695 -1.000000 -1.000000 -1.000000 349.000000 14784.000000 0.000000 0.000000 141.593731
1 6.285423 4.000000 0.000000 0.141998 0.616634 -1.000000 -1.000000 -1.000000 73.000000 7259.000000 0.000000 0.000000 167.717415
1 7.780303 4.000000 0.000000 0.162278 0.721337 -1.000000 -1.000000 -1.000000 527.000000 9571.000000 0.000000 0.000000 218.888428
1 8.141976 4.000000 0.000000 0.189684 0.784057 -1.000000 -1.000000 -1.000000 1123.000000 13058.000000 0.000000 0.000000 159.640098
1 19.717335 4.000000 0.000000 0.262213 1.080412 -1.000000 -1.000000 -1.000000 417.000000 13970.000000 0.000000 0.000000 153.102491
1 8.314652 4.000000 0.000000 0.166637 0.765596 -1.000000 -1.000000 -1.000000 156.000000 10319.000000 0.000000 0.000000 139.059645
1 12.419334 4.000000 0.000000 0.175958 0.844978 -1.000000 -1.000000 -1.000000 394.000000 8024.000000 0.000000 0.000000 152.982661
1 8.771085 4.000000 0.000000 0.153439 0.700139 -1.000000 -1.000000 -1.000000 224.000000 7741.000000 0.000000 0.000000 159.828621
1 9.739725 4.000000 0.000000 0.180371 0.796785 -1.000000 -1.000000 -1.000000 416.000000 12000.000000 0.000000 0.000000 149.918570
1 5.935931 4.000000 0.000000 0.143995 0.640688 -1.000000 -1.000000 -1.000000 24.000000 11086.000000 0.000000 0.000000 139.460205
1 2.654489 4.000000 0.000000 0.098965 0.449440 -1.000000 -1.000000 -1.000000 4.000000 5942.000000 0.000000 0.000000 137.228898
1 14.560193 4.000000 0.000000 0.249032 1.111058 -1.000000 -1.000000 -1.000000 33.000000 15213.000000 0.000000 0.000000 157.798117
1 7.972498 4.000000 0.000000 0.201773 0.871755 -1.000000 -1.000000 -1.000000 247.000000 10843.000000 0.000000 0.000000 174.588740
1 4.201416 4.000000 0.000000 0.119349 0.533264 -1.000000 -1.000000 -1.000000 157.000000 5846.000000 0.000000 0.000000 152.392335
1 5.354935 4.000000 0.000000 0.152268 0.644797 -1.000000 -1.000000 -1.000000 444.000000 13799.000000 0.000000 0.000000 205.764476
1 14.318684 4.000000 0.000000 0.184469 0.798053 -1.000000 -1.000000 -1.000000 595.000000 12838.000000 0.000000 0.000000 171.379832
1 2.303082 4.000000 0.000000 0.087641 0.371188 -1.000000 -1.000000 -1.000000 93.000000 7082.000000 0.000000 0.000000 142.224279
1 9.467228 4.000000 0.000000 0.201580 0.864103 -1.000000 -1.000000 -1.000000 317.000000 9521.000000 0.000000 0.000000 172.547293
1 2.284079 4.000000 0.000000 0.088259 0.402585 -1.000000 -1.000000 -1.000000 53.000000 6131.000000 0.000000 0.000000 141.679198
1 7.364228 4.000000 0.000000 0.186758 0.804660 -1.000000 -1.000000 -1.000000 214.000000 9387.000000 0.000000 0.000000 172.572867
1 5.578788 4.000000 0.000000 0.136344 0.563197 -1.000000 -1.000000 -1.000000 191.000000 11634.000000 0.000000 0.000000 164.615935
1 16.075622 6.000000 0.000000 0.285727 1.208346 -1.000000 -1.000000 -1.000000 592.000000 15715.000000 0.000000 0.000000 157.974005
1 16.439567 6.000000 0.000000 0.305782 1.257395 -1.000000 -1.000000 -1.000000 1371.000000 18027.000000 0.000000 0.000000 202.238540
1 34.005368 6.000000 0.000000 0.386886 1.753974 -1.000000 -1.000000 -1.000000 1606.000000 23580.000000 0.000000 0.000000 151.010425
1 27.209370 6.000000 0.000000 0.313423 1.586847 -1.000000 -1.000000 -1.000000 556.000000 23037.000000 0.000000 0.000000 159.640923
1 9.787165 6.000000 0.000000 0.182189 0.837594 -1.000000 -1.000000 -1.000000 1094.000000 19005.000000 0.000000 0.000000 131.132807
1 41.503135 6.000000 0.000000 0.396914 1.903378 -1.000000 -1.000000 -1.000000 790.000000 25151.000000 0.000000 0.000000 172.490880
0 90.006374 6.000000 0.000000 0.466822 2.191064 -1.000000 -1.000000 -1.000000 868.000000 22250.000000 0.000000 0.000000 -1.000000
0 90.266241 6.000000 0.000000 0.489944 2.258147 -1.000000 -1.000000 -1.000000 818.000000 22311.000000 0.000000 0.000000 -1.000000
1 19.798808 6.000000 0.000000 0.309285 1.263528 -1.000000 -1.000000 -1.000000 1506.000000 21255.000000 0.000000 0.000000 133.294019
1 8.775957 6.000000 0.000000 0.211059 1.045634 -1.000000 -1.000000 -1.000000 593.000000 15102.000000 0.000000 0.000000 146.219462
1 13.962302 6.000000 0.000000 0.258410 1.077368 -1.000000 -1.000000 -1.000000 314.000000 14400.000000 0.000000 0.000000 134.678618
1 6.296443 6.000000 0.000000 0.171558 0.840676 -1.000000 -1.000000 -1.000000 424.000000 18454.000000 0.000000 0.000000 131.182954
1 11.990064 6.000000 0.000000 0.204966 1.031297 -1.000000 -1.000000 -1.000000 851.000000 12965.000000 0.000000 0.000000 152.333266
1 19.766132 6.000000 0.000000 0.278200 1.273947 -1.000000 -1.000000 -1.000000 1866.000000 14976.000000 0.000000 0.000000 148.291117
0 90.776949 6.000000 0.000000 0.462354 1.960461 -1.000000 -1.000000 -1.000000 257.000000 19380.000000 0.000000 0.000000 -1.000000
1 12.280744 6.000000 0.000000 0.219536 0.939967 -1.000000 -1.000000 -1.000000 399.000000 16587.000000 0.000000 0.000000 136.360758
1 14.041379 6.000000 0.000000 0.256855 1.268903 -1.000000 -1.000000 -1.000000 971.000000 20812.000000 0.000000 0.000000 133.758916
1 47.202119 6.000000 0.000000 0.437235 1.841669 -1.000000 -1.000000 -1.000000 1848.000000 24303.000000 0.000000 0.000000 126.713481
0 90.049037 6.000000 0.000000 0.384274 1.527954 -1.000000 -1.000000 -1.000000 98.000000 11055.000000 0.000000 0.000000 -1.000000
1 7.618704 6.000000 0.000000 0.170408 0.793443 -1.000000 -1.000000 -1.000000 1692.000000 14049.000000 0.000000 0.000000 145.500102
1 9.016060 6.000000 0.000000 0.209328 1.034284 -1.000000 -1.000000 -1.000000 270.000000 11717.000000 0.000000 0.000000 130.772821
1 8.537653 6.000000 0.000000 0.187708 0.815860 -1.000000 -1.000000 -1.000000 339.000000 9114.000000 0.000000 0.000000 128.246393
0 90.538654 6.000000 0.000000 0.403034 1.627295 -1.000000 -1.000000 -1.000000 864.000000 13298.000000 0.000000 0.000000 -1.000000
1 16.118712 6.000000 0.000000 0.243024 1.103603 -1.000000 -1.000000 -1.000000 521.000000 19338.000000 0.000000 0.000000 131.667204
1 40.092921 6.000000 0.000000 0.478516 1.940386 -1.000000 -1.000000 -1.000000 3204.000000 27123.000000 0.000000 0.000000 246.039565
1 4.764546 6.000000 0.000000 0.154784 0.688418 -1.000000 -1.000000 -1.000000 331.000000 13000.000000 0.000000 0.000000 140.628107
1 11.326288 6.000000 0.000000 0.246931 1.039243 -1.000000 -1.000000 -1.000000 745.000000 16635.000000 0.000000 0.000000 142.469126
1 17.260343 6.000000 0.000000 0.282782 1.341303 -1.000000 -1.000000 -1.000000 818.000000 17147.000000 0.000000 0.000000 144.122439
1 65.335602 6.000000 0.000000 0.451047 1.967613 -1.000000 -1.000000 -1.000000 1203.000000 28764.000000 0.000000 0.000000 185.689243
0 90.313455 6.000000 0.000000 0.398560 1.722264 -1.000000 -1.000000 -1.000000 710.000000 13164.000000 0.000000 0.000000 -1.000000
0 90.161329 6.000000 0.000000 0.494033 2.069598 -1.000000 -1.000000 -1.000000 1295.000000 32143.000000 0.000000 0.000000 -1.000000
0 90.189011 6.000000 0.000000 0.373783 1.723652 -1.000000 -1.000000 -1.000000 310.000000 11693.000000 0.000000 0.000000 -1.000000
1 13.718588 6.000000 0.000000 0.246450 1.199702 -1.000000 -1.000000 -1.000000 778.000000 16539.000000 0.000000 0.000000 155.500892
1 19.004711 6.000000 0.000000 0.367125 1.766518 -1.000000 -1.000000 -1.000000 1164.000000 20937.000000 0.000000 0.000000 184.471193
1 10.542056 6.000000 0.000000 0.258112 1.169241 -1.000000 -1.000000 -1.000000 1380.000000 16901.000000 0.000000 0.000000 153.732012
1 24.472777 6.000000 0.000000 0.268700 1.419048 -1.000000 -1.000000 -1.000000 1363.000000 16508.000000 0.000000 0.000000 159.550148
1 38.506112 6.000000 0.000000 0.461745 1.994950 -1.000000 -1.000000 -1.000000 1651.000000 24263.000000 0.000000 0.000000 179.554654
1 13.453643 6.000000 0.000000 0.183749 0.940531 -1.000000 -1.000000 -1.000000 273.000000 16966.000000 0.000000 0.000000 127.584792
1 9.196576 6.000000 0.000000 0.181397 0.872386 -1.000000 -1.000000 -1.000000 365.000000 13157.000000 0.000000 0.000000 117.105618
0 90.858015 6.000000 0.000000 0.466038 2.185685 -1.000000 -1.000000 -1.000000 1039.000000 17867.000000 0.000000 0.000000 -1.000000
1 18.870457 6.000000 0.000000 0.336203 1.503345 -1.000000 -1.000000 -1.000000 510.000000 20609.000000 0.000000 0.000000 135.538742
1 11.353738 6.000000 0.000000 0.229292 1.093744 -1.000000 -1.000000 -1.000000 737.000000 19090.000000 0.000000 0.000000 185.020669
1 7.504770 6.000000 0.000000 0.175654 0.767260 -1.000000 -1.000000 -1.000000 274.000000 20667.000000 0.000000 0.000000 140.484366
1 8.087717 6.000000 0.000000 0.177958 0.828334 -1.000000 -1.000000 -1.000000 157.000000 17166.000000 0.000000 0.000000 164.505642
0 90.600570 6.000000 0.000000 0.414662 1.818962 -1.000000 -1.000000 -1.000000 630.000000 18077.000000 0.000000 0.000000 -1.000000
0 90.262221 6.000000 0.000000 0.542256 2.412550 -1.000000 -1.000000 -1.000000 813.000000 17448.000000 0.000000 0.000000 -1.000000
1 41.003599 6.000000 0.000000 0.389224 1.763940 -1.000000 -1.000000 -1.000000 3199.000000 25509.000000 0.000000 0.000000 140.263306
1 13.808797 6.000000 0.000000 0.263515 1.255836 -1.000000 -1.000000 -1.000000 378.000000 16126.000000 0.000000 0.000000 143.393378
1 13.972371 6.000000 0.000000 0.302886 1.260800 -1.000000 -1.000000 -1.000000 1719.000000 26144.000000 0.000000 0.000000 141.888503
1 85.193501 6.000000 0.000000 0.589036 2.885662 -1.000000 -1.000000 -1.000000 4271.000000 29202.000000 0.000000 0.000000 194.663574
1 15.816860 6.000000 0.000000 0.233697 1.084487 -1.000000 -1.000000 -1.000000 462.000000 15656.000000 0.000000 0.000000 141.393131
1 23.266224 6.000000 0.000000 0.322497 1.506883 -1.000000 -1.000000 -1.000000 634.000000 18181.000000 0.000000 0.000000 181.284207
1 27.460950 6.000000 0.000000 0.406003 1.784594 -1.000000 -1.000000 -1.000000 3118.000000 21787.000000 0.000000 0.000000 176.687060
0 90.170502 6.000000 0.000000 0.646768 2.584363 -1.000000 -1.000000 -1.000000 28429.000000 33415.000000 0.000000 0.000000 -1.000000
1 6.861421 6.000000 0.000000 0.167233 0.816886 -1.000000 -1.000000 -1.000000 886.000000 13256.000000 0.000000 0.000000 153.051361
1 9.369136 6.000000 0.000000 0.206884 0.985991 -1.000000 -1.000000 -1.000000 333.000000 14848.000000 0.000000 0.000000 166.996784
0 90.115127 6.000000 0.000000 0.479158 2.193182 -1.000000 -1.000000 -1.000000 1194.000000 19483.000000 0.000000 0.000000 -1.000000
1 20.104374 6.000000 0.000000 0.327979 1.434727 -1.000000 -1.000000 -1.000000 1437.000000 23704.000000 0.000000 0.000000 171.032411
1 7.531013 6.000000 0.000000 0.178941 0.775835 -1.000000 -1.000000 -1.000000 1051.000000 12586.000000 0.000000 0.000000 146.990711
1 19.465801 6.000000 0.000000 0.253983 1.131020 -1.000000 -1.000000 -1.000000 799.000000 16162.000000 0.000000 0.000000 175.544752
1 32.849666 8.000000 0.000000 0.366034 1.678718 -1.000000 -1.000000 -1.000000 5084.000000 22290.000000 0.000000 0.000000 157.622700
1 32.476814 8.000000 0.000000 0.339359 1.490415 -1.000000 -1.000000 -1.000000 1649.000000 24174.000000 0.000000 0.000000 151.346974
0 90.333144 8.000000 0.000000 0.542489 2.135669 -1.000000 -1.000000 -1.000000 239.000000 24022.000000 0.000000 0.000000 -1.000000
0 90.317565 8.000000 0.000000 0.607373 2.908631 -1.000000 -1.000000 -1.000000 3038.000000 24227.000000 0.000000 0.000000 -1.000000
1 32.161218 8.000000 0.000000 0.478192 2.066313 -1.000000 -1.000000 -1.000000 3362.000000 32533.000000 0.000000 0.000000 150.461351
1 33.426792 8.000000 0.000000 0.470336 2.094692 -1.000000 -1.000000 -1.000000 2308.000000 24041.000000 0.000000 0.000000 154.601167
1 71.035449 8.000000 0.000000 0.559620 2.466156 -1.000000 -1.000000 -1.000000 2447.000000 28783.000000 0.000000 0.000000 169.622018
0 90.436962 8.000000 0.000000 0.614408 2.822633 -1.000000 -1.000000 -1.000000 3035.000000 30637.000000 0.000000 0.000000 -1.000000
0 90.106262 8.000000 0.000000 0.413488 1.728895 -1.000000 -1.000000 -1.000000 501.000000 14897.000000 0.000000 0.000000 -1.000000
0 90.721070 8.000000 0.000000 0.491189 2.336776 -1.000000 -1.000000 -1.000000 1299.000000 24343.000000 0.000000 0.000000 -1.000000
0 90.218975 8.000000 0.000000 0.457549 1.927123 -1.000000 -1.000000 -1.000000 535.000000 14270.000000 0.000000 0.000000 -1.000000
0 90.023318 8.000000 0.000000 0.632502 3.018582 -1.000000 -1.000000 -1.000000 6471.000000 40000.000000 0.000000 0.000000 -1.000000
0 90.091455 8.000000 0.000000 0.363970 1.675721 -1.000000 -1.000000 -1.000000 192.000000 14909.000000 0.000000 0.000000 -1.000000
0 90.264367 8.000000 0.000000 0.647791 2.978389 -1.000000 -1.000000 -1.000000 3419.000000 39937.000000 0.000000 0.000000 -1.000000
0 90.467222 8.000000 0.000000 0.607161 2.836628 -1.000000 -1.000000 -1.000000 1616.000000 24156.000000 0.000000 0.000000 -1.000000
0 90.795374 8.000000 0.000000 0.451841 2.015551 -1.000000 -1.000000 -1.000000 310.000000 17418.000000 0.000000 0.000000 -1.000000
0 90.167283 8.000000 0.000000 0.503266 2.112018 -1.000000 -1.000000 -1.000000 1094.000000 20811.000000 0.000000 0.000000 -1.000000
0 90.353151 8.000000 0.000000 0.408480 1.641681 -1.000000 -1.000000 -1.000000 518.000000 12440.000000 0.000000 0.000000 -1.000000
0 90.210480 8.000000 0.000000 0.597638 2.542977 -1.000000 -1.000000 -1.000000 1051.000000 28358.000000 0.000000 0.000000 -1.000000
0 90.185876 8.000000 0.000000 0.552118 2.490090 -1.000000 -1.000000 -1.000000 954.000000 24495.000000 0.000000 0.000000 -1.000000
1 43.863460 8.000000 0.000000 0.592218 2.522298 -1.000000 -1.000000 -1.000000 5318.000000 29311.000000 0.000000 0.000000 157.685418
1 73.844501 8.000000 0.000000 0.666940 3.017645 -1.000000 -1.000000 -1.000000 894.000000 28969.000000 0.000000 0.000000 156.453033
0 90.672308 8.000000 0.000000 0.606905 2.700369 -1.000000 -1.000000 -1.000000 1933.000000 22222.000000 0.000000 0.000000 -1.000000
0 90.560748 8.000000 0.000000 0.503917 2.277806 -1.000000 -1.000000 -1.000000 1833.000000 25366.000000 0.000000 0.000000 -1.000000
1 7.522811 8.000000 0.000000 0.187281 0.876935 -1.000000 -1.000000 -1.000000 122.000000 10124.000000 0.000000 0.000000 131.299662
1 49.799037 8.000000 0.000000 0.567352 2.548780 -1.000000 -1.000000 -1.000000 3589.000000 36361.000000 0.000000 0.000000 142.448476
1 20.944037 8.000000 0.000000 0.324490 1.502867 -1.000000 -1.000000 -1.000000 2122.000000 22265.000000 0.000000 0.000000 153.095667
0 90.591128 8.000000 0.000000 0.590431 2.642079 -1.000000 -1.000000 -1.000000 6716.000000 27053.000000 0.000000 0.000000 -1.000000
1 50.936111 8.000000 0.000000 0.399341 1.713661 -1.000000 -1.000000 -1.000000 2667.000000 28779.000000 0.000000 0.000000 158.550193
0 90.430630 8.000000 0.000000 0.482988 2.144421 -1.000000 -1.000000 -1.000000 105.000000 16981.000000 0.000000 0.000000 -1.000000
0 90.091455 8.000000 0.000000 0.363970 1.675721 -1.000000 -1.000000 -1.000000 192.000000 14909.000000 0.000000 0.000000 -1.000000
1 51.426328 8.000000 0.000000 0.542196 2.499750 -1.000000 -1.000000 -1.000000 1444.000000 27004.000000 0.000000 0.000000 171.520257
0 90.091455 8.000000 0.000000 0.363970 1.675721 -1.000000 -1.000000 -1.000000 192.000000 14909.000000 0.000000 0.000000 -1.000000
1 14.003501 8.000000 0.000000 0.270097 1.180370 -1.000000 -1.000000 -1.000000 1822.000000 23144.000000 0.000000 0.000000 154.411258
1 16.021161 8.000000 0.000000 0.303016 1.332502 -1.000000 -1.000000 -1.000000 1474.000000 22439.000000 0.000000 0.000000 138.708330
1 20.949317 8.000000 0.000000 0.324140 1.459740 -1.000000 -1.000000 -1.000000 1509.000000 20828.000000 0.000000 0.000000 128.731244
1 20.927924 8.000000 0.000000 0.374875 1.693583 -1.000000 -1.000000 -1.000000 3035.000000 30074.000000 0.000000 0.000000 156.213445
0 90.581802 8.000000 0.000000 0.388166 1.735856 -1.000000 -1.000000 -1.000000 58.000000 11192.000000 0.000000 0.000000 -1.000000
1 63.726540 8.000000 0.000000 0.451808 2.250451 -1.000000 -1.000000 -1.000000 2990.000000 23295.000000 0.000000 0.000000 169.386630
0 90.091455 8.000000 0.000000 0.363970 1.675721 -1.000000 -1.000000 -1.000000 192.000000 14909.000000 0.000000 0.000000 -1.000000
1 37.098494 8.000000 0.000000 0.490848 2.309566 -1.000000 -1.000000 -1.000000 4274.000000 34642.000000 0.000000 0.000000 182.778939
0 90.167010 8.000000 0.000000 0.545078 2.619117 -1.000000 -1.000000 -1.000000 1592.000000 20315.000000 0.000000 0.000000 -1.000000
1 8.513876 8.000000 0.000000 0.212292 1.037162 -1.000000 -1.000000 -1.000000 799.000000 15911.000000 0.000000 0.000000 137.057675
1 31.832055 8.000000 0.000000 0.393221 1.892806 -1.000000 -1.000000 -1.000000 3285.000000 24230.000000 0.000000 0.000000 165.944679
0 90.293407 8.000000 0.000000 0.367658 1.523435 -1.000000 -1.000000 -1.000000 55.000000 12358.000000 0.000000 0.000000 -1.000000
1 56.259945 8.000000 0.000000 0.568131 2.554099 -1.000000 -1.000000 -1.000000 1516.000000 33663.000000 0.000000 0.000000 142.405571
0 90.455993 8.000000 0.000000 0.515284 2.484058 -1.000000 -1.000000 -1.000000 1939.000000 26000.000000 0.000000 0.000000 -1.000000
1 68.356253 8.000000 0.000000 0.569245 2.514512 -1.000000 -1.000000 -1.000000 4205.000000 40236.000000 0.000000 0.000000 155.176721
1 41.166071 8.000000 0.000000 0.504346 2.256966 -1.000000 -1.000000 -1.000000 2194.000000 27163.000000 0.000000 0.000000 154.481344
0 90.069628 8.000000 0.000000 0.546317 2.965931 -1.000000 -1.000000 -1.000000 623.000000 32311.000000 0.000000 0.000000 -1.000000
1 14.830833 8.000000 0.000000 0.261892 1.377423 -1.000000 -1.000000 -1.000000 681.000000 21159.000000 0.000000 0.000000 139.338352
1 19.544139 8.000000 0.000000 0.376914 2.041529 -1.000000 -1.000000 -1.000000 3276.000000 27971.000000 0.000000 0.000000 150.513586
0 90.221216 8.000000 0.000000 0.668500 3.436512 -1.000000 -1.000000 -1.000000 2023.000000 48438.000000 0.000000 0.000000 -1.000000
0 90.221372 8.000000 0.000000 0.335106 1.675435 -1.000000 -1.000000 -1.000000 340.000000 17958.000000 0.000000 0.000000 -1.000000
1 41.711049 8.000000 0.000000 0.497047 2.415390 -1.000000 -1.000000 -1.000000 4918.000000 22571.000000 0.000000 0.000000 170.264130
0 90.386069 8.000000 0.000000 0.457471 2.262748 -1.000000 -1.000000 -1.000000 1215.000000 25210.000000 0.000000 0.000000 -1.000000
1 89.264133 8.000000 0.000000 0.492825 2.408382 -1.000000 -1.000000 -1.000000 1181.000000 24272.000000 0.000000 0.000000 162.478587
0 90.076125 8.000000 0.000000 0.364785 1.799484 -1.000000 -1.000000 -1.000000 70.000000 12842.000000 0.000000 0.000000 -1.000000
1 23.496241 8.000000 0.000000 0.325930 1.599774 -1.000000 -1.000000 -1.000000 1303.000000 27437.000000 0.000000 0.000000 186.444373
1 19.729232 8.000000 0.000000 0.287833 1.432993 -1.000000 -1.000000 -1.000000 3333.000000 22927.000000 0.000000 0.000000 153.583867
0 90.604897 10.000000 0.000000 0.680008 3.810300 -1.000000 -1.000000 -1.000000 4171.000000 35449.000000 0.000000 0.000000 -1.000000
0 90.668597 10.000000 0.000000 0.370158 1.742345 -1.000000 -1.000000 -1.000000 0.000000 11404.000000 0.000000 0.000000 -1.000000
0 90.024050 10.000000 0.000000 0.617545 3.369954 -1.000000 -1.000000 -1.000000 2424.000000 32091.000000 0.000000 0.000000 -1.000000
0 90.522668 10.000000 0.000000 0.378078 1.898089 -1.000000 -1.000000 -1.000000 1017.000000 15397.000000 0.000000 0.000000 -1.000000
1 62.599301 10.000000 0.000000 0.494822 2.590680 -1.000000 -1.000000 -1.000000 4078.000000 36814.000000 0.000000 0.000000 168.030646
1 61.342290 10.000000 0.000000 0.603104 3.047404 -1.000000 -1.000000 -1.000000 5084.000000 34127.000000 0.000000 0.000000 187.994246
0 90.226631 10.000000 0.000000 0.450505 2.545377 -1.000000 -1.000000 -1.000000 5401.000000 20223.000000 0.000000 0.000000 -1.000000
0 90.552482 10.000000 0.000000 0.482811 2.386093 -1.000000 -1.000000 -1.000000 767.000000 25100.000000 0.000000 0.000000 -1.000000
1 18.845416 10.000000 0.000000 0.331398 1.613630 -1.000000 -1.000000 -1.000000 3412.000000 24663.000000 0.000000 0.000000 165.480118
0 90.458055 10.000000 0.000000 0.627110 3.330955 -1.000000 -1.000000 -1.000000 2909.000000 49716.000000 0.000000 0.000000 -1.000000
0 90.003738 10.000000 0.000000 0.577313 2.949123 -1.000000 -1.000000 -1.000000 3156.000000 32431.000000 0.000000 0.000000 -1.000000
0 90.744539 10.000000 0.000000 0.603092 2.947813 -1.000000 -1.000000 -1.000000 4293.000000 35853.000000 0.000000 0.000000 -1.000000
0 90.295248 10.000000 0.000000 0.554365 3.156164 -1.000000 -1.000000 -1.000000 4621.000000 32414.000000 0.000000 0.000000 -1.000000
0 90.734309 10.000000 0.000000 0.604336 3.226518 -1.000000 -1.000000 -1.000000 2575.000000 28981.000000 0.000000 0.000000 -1.000000
0 90.624605 10.000000 0.000000 0.583444 3.233601 -1.000000 -1.000000 -1.000000 8662.000000 30313.000000 0.000000 0.000000 -1.000000
1 82.150870 10.000000 0.000000 0.688524 3.403406 -1.000000 -1.000000 -1.000000 3877.000000 41509.000000 0.000000 0.000000 197.612624
0 90.284649 10.000000 0.000000 0.422027 2.207317 -1.000000 -1.000000 -1.000000 1269.000000 19874.000000 0.000000 0.000000 -1.000000
1 78.913344 10.000000 0.000000 0.678841 3.329511 -1.000000 -1.000000 -1.000000 7521.000000 42631.000000 0.000000 0.000000 185.579302
1 37.336655 10.000000 0.000000 0.499320 2.347903 -1.000000 -1.000000 -1.000000 1372.000000 32839.000000 0.000000 0.000000 173.366270
0 90.018870 10.000000 0.000000 0.630158 3.189528 -1.000000 -1.000000 -1.000000 4179.000000 34148.000000 0.000000 0.000000 -1.000000
1 38.983386 10.000000 0.000000 0.522373 2.694688 -1.000000 -1.000000 -1.000000 1704.000000 35959.000000 0.000000 0.000000 160.379016
0 90.154171 10.000000 0.000000 0.657566 3.013940 -1.000000 -1.000000 -1.000000 756.000000 34494.000000 0.000000 0.000000 -1.000000
1 44.591365 10.000000 0.000000 0.422382 2.236104 -1.000000 -1.000000 -1.000000 2747.000000 34779.000000 0.000000 0.000000 177.623385
1 87.599836 10.000000 0.000000 0.808340 3.933115 -1.000000 -1.000000 -1.000000 6301.000000 41560.000000 0.000000 0.000000 167.615351
0 90.556721 10.000000 0.000000 0.413048 2.012404 -1.000000 -1.000000 -1.000000 940.000000 19946.000000 0.000000 0.000000 -1.000000
1 56.990147 10.000000 0.000000 0.611671 2.898482 -1.000000 -1.000000 -1.000000 9656.000000 45644.000000 0.000000 0.000000 150.731580
1 28.808189 10.000000 0.000000 0.447296 2.178469 -1.000000 -1.000000 -1.000000 1196.000000 31507.000000 0.000000 0.000000 167.277357
0 90.062208 10.000000 0.000000 0.590595 2.845109 -1.000000 -1.000000 -1.000000 1958.000000 24484.000000 0.000000 0.000000 -1.000000
1 71.096280 10.000000 0.000000 0.403434 2.140665 -1.000000 -1.000000 -1.000000 2621.000000 26394.000000 0.000000 0.000000 141.460778
0 90.123525 10.000000 0.000000 0.639015 3.181560 -1.000000 -1.000000 -1.000000 11839.000000 42629.000000 0.000000 0.000000 -1.000000
0 90.420027 10.000000 0.000000 0.693649 3.311326 -1.000000 -1.000000 -1.000000 21844.000000 45853.000000 0.000000 0.000000 -1.000000
0 90.023623 10.000000 0.000000 0.546730 2.641473 -1.000000 -1.000000 -1.000000 2177.000000 23307.000000 0.000000 0.000000 -1.000000
1 16.267903 10.000000 0.000000 0.298194 1.397712 -1.000000 -1.000000 -1.000000 992.000000 26392.000000 0.000000 0.000000 154.952614
0 90.470696 10.000000 0.000000 0.383309 1.747528 -1.000000 -1.000000 -1.000000 4893.000000 21143.000000 0.000000 0.000000 -1.000000
0 90.446659 10.000000 0.000000 0.750301 3.707532 -1.000000 -1.000000 -1.000000 3648.000000 46109.000000 0.000000 0.000000 -1.000000
1 52.279865 10.000000 0.000000 0.512660 2.671577 -1.000000 -1.000000 -1.000000 8219.000000 39531.000000 0.000000 0.000000 153.580226
1 85.650549 10.000000 0.000000 0.674224 3.204056 -1.000000 -1.000000 -1.000000 9973.000000 48569.000000 0.000000 0.000000 185.292846
0 90.042522 10.000000 0.000000 0.602975 2.883529 -1.000000 -1.000000 -1.000000 5048.000000 36203.000000 0.000000 0.000000 -1.000000
1 43.653123 10.000000 0.000000 0.460427 2.080618 -1.000000 -1.000000 -1.000000 2523.000000 32130.000000 0.000000 0.000000 191.743052
1 72.005960 10.000000 0.000000 0.653995 3.031193 -1.000000 -1.000000 -1.000000 7484.000000 39838.000000 0.000000 0.000000 175.018216
1 84.074121 10.000000 0.000000 0.640126 3.129956 -1.000000 -1.000000 -1.000000 6608.000000 41028.000000 0.000000 0.000000 193.822936
1 79.110827 10.000000 0.000000 0.589650 2.835628 -1.000000 -1.000000 -1.000000 6594.000000 36560.000000 0.000000 0.000000 161.199211
1 78.604765 10.000000 0.000000 0.619937 2.874465 -1.000000 -1.000000 -1.000000 5637.000000 44865.000000 0.000000 0.000000 147.462448
1 41.635356 10.000000 0.000000 0.554741 2.624664 -1.000000 -1.000000 -1.000000 4586.000000 37045.000000 0.000000 0.000000 176.402162
0 90.207227 10.000000 0.000000 0.719100 3.725216 -1.000000 -1.000000 -1.000000 4571.000000 54634.000000 0.000000 0.000000 -1.000000
1 54.602611 10.000000 0.000000 0.695870 3.177594 -1.000000 -1.000000 -1.000000 4640.000000 52163.000000 0.000000 0.000000 163.082130
1 37.131178 10.000000 0.000000 0.548441 2.692838 -1.000000 -1.000000 -1.000000 2821.000000 36255.000000 0.000000 0.000000 152.350651
0 90.000231 10.000000 0.000000 0.563221 2.552153 -1.000000 -1.000000 -1.000000 2786.000000 30738.000000 0.000000 0.000000 -1.000000
0 90.002788 10.000000 0.000000 0.647571 3.059754 -1.000000 -1.000000 -1.000000 9271.000000 35657.000000 0.000000 0.000000 -1.000000
0 90.309668 10.000000 0.000000 0.635676 3.180827 -1.000000 -1.000000 -1.000000 5898.000000 32310.000000 0.000000 0.000000 -1.000000
0 90.155794 10.000000 0.000000 0.354646 1.652538 -1.000000 -1.000000 -1.000000 241.000000 13919.000000 0.000000 0.000000 -1.000000
0 90.123525 10.000000 0.000000 0.639015 3.181560 -1.000000 -1.000000 -1.000000 11839.000000 42629.000000 0.000000 0.000000 -1.000000
1 26.260448 10.000000 0.000000 0.463278 2.186391 -1.000000 -1.000000 -1.000000 2588.000000 33869.000000 0.000000 0.000000 168.551546
1 31.087934 10.000000 0.000000 0.345668 1.815806 -1.000000 -1.000000 -1.000000 6671.000000 26218.000000 0.000000 0.000000 149.144707
1 39.557866 10.000000 0.000000 0.441249 2.120330 -1.000000 -1.000000 -1.000000 3124.000000 28719.000000 0.000000 0.000000 154.197249
1 42.958300 10.000000 0.000000 0.417151 1.969443 -1.000000 -1.000000 -1.000000 2339.000000 32097.000000 0.000000 0.000000 159.018744
1 21.561234 10.000000 0.000000 0.349508 1.678225 -1.000000 -1.000000 -1.000000 720.000000 27899.000000 0.000000 0.000000 149.244302
0 90.123525 10.000000 0.000000 0.639015 3.181560 -1.000000 -1.000000 -1.000000 11839.000000 42629.000000 0.000000 0.000000 -1.000000
1 48.606745 10.000000 0.000000 0.539799 2.678130 -1.000000 -1.000000 -1.000000 3006.000000 36996.000000 0.000000 0.000000 172.456826
0 90.123525 10.000000 0.000000 0.639015 3.181560 -1.000000 -1.000000 -1.000000 11839.000000 42629.000000 0.000000 0.000000 -1.000000
