1 0.757652 1.000000 0.000000 0.081266 0.121941 -1.000000 -1.000000 -1.000000 0.000000 4885.000000 0.000000 0.000000 190.619517
1 0.508007 1.000000 0.000000 0.073996 0.102043 -1.000000 -1.000000 -1.000000 0.000000 4500.000000 0.000000 0.000000 269.949870
1 2.685837 1.000000 0.000000 0.173210 0.260581 -1.000000 -1.000000 -1.000000 0.000000 5023.000000 0.000000 0.000000 195.452779
1 1.837284 1.000000 0.000000 0.138895 0.240841 -1.000000 -1.000000 -1.000000 0.000000 4126.000000 0.000000 0.000000 189.715994
1 3.351165 1.000000 0.000000 0.190372 0.294332 -1.000000 -1.000000 -1.000000 0.000000 4616.000000 0.000000 0.000000 212.832135
1 2.623983 1.000000 0.000000 0.185679 0.301483 -1.000000 -1.000000 -1.000000 0.000000 8063.000000 0.000000 0.000000 158.738656
1 7.100355 1.000000 0.000000 0.302296 0.494054 -1.000000 -1.000000 -1.000000 0.000000 5845.000000 0.000000 0.000000 301.696584
1 1.845407 1.000000 0.000000 0.144696 0.240076 -1.000000 -1.000000 -1.000000 0.000000 3453.000000 0.000000 0.000000 206.132264
1 0.062742 1.000000 0.000000 0.019097 0.030000 -1.000000 -1.000000 -1.000000 0.000000 888.000000 0.000000 0.000000 157.145940
1 0.360753 1.000000 0.000000 0.059083 0.091698 -1.000000 -1.000000 -1.000000 0.000000 1647.000000 0.000000 0.000000 256.475042
1 0.550283 1.000000 0.000000 0.075559 0.107083 -1.000000 -1.000000 -1.000000 0.000000 3218.000000 0.000000 0.000000 184.759671
1 0.807794 1.000000 0.000000 0.090454 0.135230 -1.000000 -1.000000 -1.000000 0.000000 2653.000000 0.000000 0.000000 193.825438
1 0.262446 1.000000 0.000000 0.048374 0.085147 -1.000000 -1.000000 -1.000000 0.000000 1608.000000 0.000000 0.000000 193.848800
1 0.226975 1.000000 0.000000 0.042471 0.066707 -1.000000 -1.000000 -1.000000 0.000000 2135.000000 0.000000 0.000000 154.534502
1 9.917074 1.000000 0.000000 0.332849 0.557018 -1.000000 -1.000000 -1.000000 0.000000 6040.000000 0.000000 0.000000 311.276184
1 4.610447 1.000000 0.000000 0.213440 0.352306 -1.000000 -1.000000 -1.000000 0.000000 4912.000000 0.000000 0.000000 147.711914
1 2.882851 1.000000 0.000000 0.161265 0.267594 -1.000000 -1.000000 -1.000000 0.000000 3903.000000 0.000000 0.000000 224.664038
1 3.801712 1.000000 0.000000 0.181550 0.305635 -1.000000 -1.000000 -1.000000 0.000000 4650.000000 0.000000 0.000000 141.615757
1 0.278770 1.000000 0.000000 0.048637 0.072907 -1.000000 -1.000000 -1.000000 0.000000 3013.000000 0.000000 0.000000 207.514998
1 2.023595 1.000000 0.000000 0.157486 0.258325 -1.000000 -1.000000 -1.000000 0.000000 3562.000000 0.000000 0.000000 127.602828
1 0.785420 1.000000 0.000000 0.098194 0.152436 -1.000000 -1.000000 -1.000000 0.000000 3050.000000 0.000000 0.000000 221.680031
1 2.131669 1.000000 0.000000 0.151749 0.249630 -1.000000 -1.000000 -1.000000 0.000000 3157.000000 0.000000 0.000000 160.681501
1 3.021895 1.000000 0.000000 0.153031 0.254550 -1.000000 -1.000000 -1.000000 0.000000 3277.000000 0.000000 0.000000 187.529023
1 3.038830 1.000000 0.000000 0.172486 0.266579 -1.000000 -1.000000 -1.000000 0.000000 3611.000000 0.000000 0.000000 243.860513
1 0.240036 1.000000 0.000000 0.044540 0.062916 -1.000000 -1.000000 -1.000000 0.000000 849.000000 0.000000 0.000000 130.963933
1 8.360080 1.000000 0.000000 0.300159 0.478101 -1.000000 -1.000000 -1.000000 0.000000 3423.000000 0.000000 0.000000 274.842561
1 3.800666 1.000000 0.000000 0.170094 0.291110 -1.000000 -1.000000 -1.000000 0.000000 5212.000000 0.000000 0.000000 251.372405
1 2.520944 1.000000 0.000000 0.134002 0.194246 -1.000000 -1.000000 -1.000000 0.000000 4940.000000 0.000000 0.000000 191.288151
1 3.911439 1.000000 0.000000 0.184953 0.308920 -1.000000 -1.000000 -1.000000 0.000000 6619.000000 0.000000 0.000000 192.656010
1 6.233708 1.000000 0.000000 0.221011 0.378061 -1.000000 -1.000000 -1.000000 0.000000 4228.000000 0.000000 0.000000 153.321053
1 6.720912 1.000000 0.000000 0.257089 0.398816 -1.000000 -1.000000 -1.000000 0.000000 5019.000000 0.000000 0.000000 231.105207
1 0.148928 1.000000 0.000000 0.030587 0.055493 -1.000000 -1.000000 -1.000000 0.000000 1306.000000 0.000000 0.000000 146.645548
1 4.160599 1.000000 0.000000 0.228401 0.365448 -1.000000 -1.000000 -1.000000 0.000000 3314.000000 0.000000 0.000000 254.854951
1 0.264632 1.000000 0.000000 0.052232 0.102399 -1.000000 -1.000000 -1.000000 0.000000 1196.000000 0.000000 0.000000 139.510980
1 1.088806 1.000000 0.000000 0.117771 0.220800 -1.000000 -1.000000 -1.000000 0.000000 2753.000000 0.000000 0.000000 192.473703
1 0.330117 1.000000 0.000000 0.054799 0.088525 -1.000000 -1.000000 -1.000000 0.000000 622.000000 0.000000 0.000000 188.835483
1 1.667640 1.000000 0.000000 0.127964 0.237317 -1.000000 -1.000000 -1.000000 0.000000 5298.000000 0.000000 0.000000 160.211922
1 4.720993 1.000000 0.000000 0.212624 0.358368 -1.000000 -1.000000 -1.000000 0.000000 6603.000000 0.000000 0.000000 331.567691
1 2.825023 1.000000 0.000000 0.154649 0.252988 -1.000000 -1.000000 -1.000000 0.000000 2955.000000 0.000000 0.000000 185.065483
1 2.518066 1.000000 0.000000 0.172486 0.261020 -1.000000 -1.000000 -1.000000 0.000000 2550.000000 0.000000 0.000000 263.549249
1 0.065010 1.000000 0.000000 0.016541 0.023401 -1.000000 -1.000000 -1.000000 0.000000 691.000000 0.000000 0.000000 163.846494
1 0.222213 1.000000 0.000000 0.048972 0.087650 -1.000000 -1.000000 -1.000000 0.000000 526.000000 0.000000 0.000000 194.955305
1 2.183777 1.000000 0.000000 0.211579 0.403767 -1.000000 -1.000000 -1.000000 0.000000 3202.000000 0.000000 0.000000 291.914383
1 5.597411 1.000000 0.000000 0.239688 0.381375 -1.000000 -1.000000 -1.000000 0.000000 3715.000000 0.000000 0.000000 275.882913
1 0.560369 1.000000 0.000000 0.073448 0.125154 -1.000000 -1.000000 -1.000000 0.000000 1342.000000 0.000000 0.000000 173.031537
1 1.843271 1.000000 0.000000 0.129422 0.216777 -1.000000 -1.000000 -1.000000 0.000000 2159.000000 0.000000 0.000000 196.885025
1 1.232972 1.000000 0.000000 0.102004 0.157627 -1.000000 -1.000000 -1.000000 0.000000 3010.000000 0.000000 0.000000 193.207804
1 6.845729 1.000000 0.000000 0.266773 0.405437 -1.000000 -1.000000 -1.000000 0.000000 3640.000000 0.000000 0.000000 250.595237
1 7.665342 1.000000 0.000000 0.297853 0.464392 -1.000000 -1.000000 -1.000000 0.000000 6515.000000 0.000000 0.000000 124.892528
1 3.817604 1.000000 0.000000 0.189988 0.296401 -1.000000 -1.000000 -1.000000 0.000000 3988.000000 0.000000 0.000000 206.616148
1 5.044816 1.000000 0.000000 0.238980 0.341831 -1.000000 -1.000000 -1.000000 0.000000 3366.000000 0.000000 0.000000 187.114308
1 3.839958 1.000000 0.000000 0.196558 0.309412 -1.000000 -1.000000 -1.000000 0.000000 3453.000000 0.000000 0.000000 183.382610
1 12.880228 1.000000 0.000000 0.384674 0.586976 -1.000000 -1.000000 -1.000000 0.000000 5466.000000 0.000000 0.000000 370.284865
1 2.177165 1.000000 0.000000 0.143909 0.220663 -1.000000 -1.000000 -1.000000 0.000000 3010.000000 0.000000 0.000000 231.768275
1 8.615777 1.000000 0.000000 0.311703 0.492424 -1.000000 -1.000000 -1.000000 0.000000 4987.000000 0.000000 0.000000 253.841473
1 0.461713 1.000000 0.000000 0.072154 0.121429 -1.000000 -1.000000 -1.000000 0.000000 2064.000000 0.000000 0.000000 159.020780
1 2.090162 1.000000 0.000000 0.163509 0.279592 -1.000000 -1.000000 -1.000000 0.000000 2771.000000 0.000000 0.000000 192.554446
1 0.386605 1.000000 0.000000 0.081940 0.130357 -1.000000 -1.000000 -1.000000 0.000000 1954.000000 0.000000 0.000000 152.430044
1 3.342695 1.000000 0.000000 0.242495 0.403313 -1.000000 -1.000000 -1.000000 0.000000 7163.000000 0.000000 0.000000 159.463550
1 3.253302 1.000000 0.000000 0.179213 0.304065 -1.000000 -1.000000 -1.000000 0.000000 4250.000000 0.000000 0.000000 139.002382
1 70.317570 2.000000 0.000000 1.299787 1.773014 -1.000000 -1.000000 -1.000000 155.000000 21959.000000 0.000000 0.000000 186.757444
0 91.157985 2.000000 0.000000 1.692878 2.367271 -1.000000 -1.000000 -1.000000 -1.000000 -1.000000 0.000000 0.000000 -1.000000
1 83.401788 2.000000 0.000000 1.610162 2.223137 -1.000000 -1.000000 -1.000000 116.000000 16165.000000 0.000000 0.000000 254.087838
1 39.687367 2.000000 0.000000 0.873178 1.113698 -1.000000 -1.000000 -1.000000 21.000000 11619.000000 0.000000 0.000000 275.997246
1 4.606796 2.000000 0.000000 0.276223 0.377391 -1.000000 -1.000000 -1.000000 250.000000 4168.000000 0.000000 0.000000 162.184187
0 91.091566 2.000000 0.000000 1.425152 1.936670 -1.000000 -1.000000 -1.000000 -1.000000 -1.000000 0.000000 0.000000 -1.000000
0 90.608522 2.000000 0.000000 1.323456 1.776852 -1.000000 -1.000000 -1.000000 -1.000000 -1.000000 0.000000 0.000000 -1.000000
1 48.268243 2.000000 0.000000 0.957992 1.257548 -1.000000 -1.000000 -1.000000 0.000000 14102.000000 0.000000 0.000000 222.878291
1 7.574650 2.000000 0.000000 0.394463 0.502122 -1.000000 -1.000000 -1.000000 150.000000 6411.000000 0.000000 0.000000 309.796141
0 91.197267 2.000000 0.000000 1.447881 2.037931 -1.000000 -1.000000 -1.000000 -1.000000 -1.000000 0.000000 0.000000 -1.000000
1 17.241443 2.000000 0.000000 0.500165 0.644365 -1.000000 -1.000000 -1.000000 1409.000000 11094.000000 0.000000 0.000000 205.335316
0 91.032723 2.000000 0.000000 1.409520 1.836508 -1.000000 -1.000000 -1.000000 -1.000000 -1.000000 0.000000 0.000000 -1.000000
0 90.866169 2.000000 0.000000 1.678946 2.054458 -1.000000 -1.000000 -1.000000 -1.000000 -1.000000 0.000000 0.000000 -1.000000
1 29.266502 2.000000 0.000000 0.781574 0.930690 -1.000000 -1.000000 -1.000000 63.000000 9734.000000 0.000000 0.000000 273.628052
0 90.866241 2.000000 0.000000 1.633781 2.004981 -1.000000 -1.000000 -1.000000 -1.000000 -1.000000 0.000000 0.000000 -1.000000
0 90.070927 2.000000 0.000000 1.456287 2.047442 -1.000000 -1.000000 -1.000000 -1.000000 -1.000000 0.000000 0.000000 -1.000000
0 90.611223 2.000000 0.000000 1.446552 1.873504 -1.000000 -1.000000 -1.000000 -1.000000 -1.000000 0.000000 0.000000 -1.000000
1 11.567735 2.000000 0.000000 0.454213 0.552334 -1.000000 -1.000000 -1.000000 85.000000 5740.000000 0.000000 0.000000 217.941064
0 90.173315 2.000000 0.000000 1.689339 2.056795 -1.000000 -1.000000 -1.000000 -1.000000 -1.000000 0.000000 0.000000 -1.000000
1 17.136206 2.000000 0.000000 0.540143 0.668984 -1.000000 -1.000000 -1.000000 0.000000 8396.000000 0.000000 0.000000 294.938902
1 52.545863 2.000000 0.000000 1.323529 1.628843 -1.000000 -1.000000 -1.000000 69.000000 20350.000000 0.000000 0.000000 192.477797
1 69.461922 2.000000 0.000000 1.566036 1.880340 -1.000000 -1.000000 -1.000000 858.000000 38239.000000 0.000000 0.000000 270.857935
0 90.332875 2.000000 0.000000 1.467859 1.880674 -1.000000 -1.000000 -1.000000 -1.000000 -1.000000 0.000000 0.000000 -1.000000
1 51.334430 2.000000 0.000000 1.173703 1.304859 -1.000000 -1.000000 -1.000000 0.000000 25870.000000 0.000000 0.000000 308.260119
1 7.996765 2.000000 0.000000 0.387519 0.474218 -1.000000 -1.000000 -1.000000 0.000000 5738.000000 0.000000 0.000000 197.210611
0 90.708857 2.000000 0.000000 1.441678 1.795545 -1.000000 -1.000000 -1.000000 -1.000000 -1.000000 0.000000 0.000000 -1.000000
1 71.203283 2.000000 0.000000 1.314903 1.554447 -1.000000 -1.000000 -1.000000 20.000000 18585.000000 0.000000 0.000000 178.637176
0 90.831174 2.000000 0.000000 1.377440 1.742697 -1.000000 -1.000000 -1.000000 -1.000000 -1.000000 0.000000 0.000000 -1.000000
0 90.924873 2.000000 0.000000 1.698936 2.038855 -1.000000 -1.000000 -1.000000 -1.000000 -1.000000 0.000000 0.000000 -1.000000
0 90.213798 2.000000 0.000000 1.464417 1.864998 -1.000000 -1.000000 -1.000000 -1.000000 -1.000000 0.000000 0.000000 -1.000000
0 91.253156 2.000000 0.000000 1.449560 1.898803 -1.000000 -1.000000 -1.000000 -1.000000 -1.000000 0.000000 0.000000 -1.000000
0 90.081814 2.000000 0.000000 1.620446 2.022699 -1.000000 -1.000000 -1.000000 -1.000000 -1.000000 0.000000 0.000000 -1.000000
1 17.855904 2.000000 0.000000 0.660085 0.798064 -1.000000 -1.000000 -1.000000 85.000000 11160.000000 0.000000 0.000000 294.655187
0 90.095307 2.000000 0.000000 1.587842 1.873978 -1.000000 -1.000000 -1.000000 -1.000000 -1.000000 0.000000 0.000000 -1.000000
1 64.672560 2.000000 0.000000 1.426514 1.774296 -1.000000 -1.000000 -1.000000 8.000000 18120.000000 0.000000 0.000000 406.722059
1 81.628988 2.000000 0.000000 1.392607 1.741921 -1.000000 -1.000000 -1.000000 16.000000 21532.000000 0.000000 0.000000 275.318729
1 41.701193 2.000000 0.000000 0.947697 1.247983 -1.000000 -1.000000 -1.000000 0.000000 16880.000000 0.000000 0.000000 244.095721
0 90.737296 2.000000 0.000000 1.414170 1.799745 -1.000000 -1.000000 -1.000000 -1.000000 -1.000000 0.000000 0.000000 -1.000000
0 90.021341 2.000000 0.000000 1.461405 1.909544 -1.000000 -1.000000 -1.000000 -1.000000 -1.000000 0.000000 0.000000 -1.000000
0 90.103836 2.000000 0.000000 1.528745 1.870078 -1.000000 -1.000000 -1.000000 -1.000000 -1.000000 0.000000 0.000000 -1.000000
1 28.437742 2.000000 0.000000 0.839495 1.036480 -1.000000 -1.000000 -1.000000 0.000000 15162.000000 0.000000 0.000000 315.394402
1 7.775134 2.000000 0.000000 0.412321 0.588435 -1.000000 -1.000000 -1.000000 558.000000 6567.000000 0.000000 0.000000 232.684172
0 91.119716 2.000000 0.000000 1.277438 1.678511 -1.000000 -1.000000 -1.000000 -1.000000 -1.000000 0.000000 0.000000 -1.000000
0 90.473324 2.000000 0.000000 1.657445 1.962501 -1.000000 -1.000000 -1.000000 -1.000000 -1.000000 0.000000 0.000000 -1.000000
0 90.447931 2.000000 0.000000 1.680133 2.114895 -1.000000 -1.000000 -1.000000 -1.000000 -1.000000 0.000000 0.000000 -1.000000
1 27.750372 2.000000 0.000000 0.726385 0.867487 -1.000000 -1.000000 -1.000000 228.000000 8998.000000 0.000000 0.000000 262.557759
0 91.195719 2.000000 0.000000 1.622749 1.990211 -1.000000 -1.000000 -1.000000 -1.000000 -1.000000 0.000000 0.000000 -1.000000
1 25.491091 2.000000 0.000000 0.787203 1.028785 -1.000000 -1.000000 -1.000000 0.000000 13644.000000 0.000000 0.000000 307.571204
0 90.826528 2.000000 0.000000 1.473029 1.857422 -1.000000 -1.000000 -1.000000 -1.000000 -1.000000 0.000000 0.000000 -1.000000
1 71.180620 2.000000 0.000000 1.311884 1.648664 -1.000000 -1.000000 -1.000000 135.000000 15314.000000 0.000000 0.000000 239.119732
1 45.729546 2.000000 0.000000 1.008743 1.202158 -1.000000 -1.000000 -1.000000 117.000000 11788.000000 0.000000 0.000000 304.422039
1 68.011915 2.000000 0.000000 1.390339 1.807991 -1.000000 -1.000000 -1.000000 69.000000 20091.000000 0.000000 0.000000 287.180173
1 81.663202 2.000000 0.000000 1.475582 1.864354 -1.000000 -1.000000 -1.000000 43.000000 16537.000000 0.000000 0.000000 305.430725
0 90.109615 2.000000 0.000000 1.349266 1.874696 -1.000000 -1.000000 -1.000000 -1.000000 -1.000000 0.000000 0.000000 -1.000000
1 79.936138 2.000000 0.000000 1.297868 1.567474 -1.000000 -1.000000 -1.000000 29.000000 21983.000000 0.000000 0.000000 212.671504
1 14.652984 2.000000 0.000000 0.534937 0.638290 -1.000000 -1.000000 -1.000000 53.000000 9733.000000 0.000000 0.000000 284.468690
0 91.195402 2.000000 0.000000 1.532114 1.957851 -1.000000 -1.000000 -1.000000 -1.000000 -1.000000 0.000000 0.000000 -1.000000
1 36.801078 2.000000 0.000000 0.888612 1.081136 -1.000000 -1.000000 -1.000000 15.000000 11347.000000 0.000000 0.000000 311.110547
0 90.002368 2.000000 0.000000 1.505937 1.909633 -1.000000 -1.000000 -1.000000 -1.000000 -1.000000 0.000000 0.000000 -1.000000
0 91.306114 2.000000 0.000000 1.507617 1.838426 -1.000000 -1.000000 -1.000000 -1.000000 -1.000000 0.000000 0.000000 -1.000000
0 90.016432 4.000000 0.000000 3.225112 3.300270 -1.000000 -1.000000 -1.000000 -1.000000 -1.000000 0.000000 0.000000 -1.000000
0 90.235557 4.000000 0.000000 3.767802 4.532697 -1.000000 -1.000000 -1.000000 -1.000000 -1.000000 0.000000 0.000000 -1.000000
0 90.230613 4.000000 0.000000 2.737059 2.867946 -1.000000 -1.000000 -1.000000 -1.000000 -1.000000 0.000000 0.000000 -1.000000
0 90.033605 4.000000 0.000000 2.897910 3.203652 -1.000000 -1.000000 -1.000000 -1.000000 -1.000000 0.000000 0.000000 -1.000000
0 90.165961 4.000000 0.000000 3.455751 3.874258 -1.000000 -1.000000 -1.000000 -1.000000 -1.000000 0.000000 0.000000 -1.000000
0 90.162516 4.000000 0.000000 2.711269 3.047167 -1.000000 -1.000000 -1.000000 -1.000000 -1.000000 0.000000 0.000000 -1.000000
0 90.047137 4.000000 0.000000 2.786449 3.122213 -1.000000 -1.000000 -1.000000 -1.000000 -1.000000 0.000000 0.000000 -1.000000
0 90.110609 4.000000 0.000000 3.787574 3.886822 -1.000000 -1.000000 -1.000000 -1.000000 -1.000000 0.000000 0.000000 -1.000000
0 90.185721 4.000000 0.000000 3.408048 4.049255 -1.000000 -1.000000 -1.000000 -1.000000 -1.000000 0.000000 0.000000 -1.000000
0 90.171519 4.000000 0.000000 3.800510 4.798761 -1.000000 -1.000000 -1.000000 -1.000000 -1.000000 0.000000 0.000000 -1.000000
0 90.237274 4.000000 0.000000 3.485079 3.196840 -1.000000 -1.000000 -1.000000 -1.000000 -1.000000 0.000000 0.000000 -1.000000
0 90.286226 4.000000 0.000000 2.488067 3.063720 -1.000000 -1.000000 -1.000000 -1.000000 -1.000000 0.000000 0.000000 -1.000000
0 90.113538 4.000000 0.000000 4.427907 4.333133 -1.000000 -1.000000 -1.000000 -1.000000 -1.000000 0.000000 0.000000 -1.000000
0 90.413594 4.000000 0.000000 2.494025 2.523582 -1.000000 -1.000000 -1.000000 -1.000000 -1.000000 0.000000 0.000000 -1.000000
0 90.063722 4.000000 0.000000 3.413411 3.691805 -1.000000 -1.000000 -1.000000 -1.000000 -1.000000 0.000000 0.000000 -1.000000
0 90.105218 4.000000 0.000000 2.728644 3.264376 -1.000000 -1.000000 -1.000000 -1.000000 -1.000000 0.000000 0.000000 -1.000000
0 90.013721 4.000000 0.000000 4.166741 5.235268 -1.000000 -1.000000 -1.000000 -1.000000 -1.000000 0.000000 0.000000 -1.000000
0 90.135386 4.000000 0.000000 2.900944 3.839317 -1.000000 -1.000000 -1.000000 -1.000000 -1.000000 0.000000 0.000000 -1.000000
0 90.177758 4.000000 0.000000 2.733301 3.297024 -1.000000 -1.000000 -1.000000 -1.000000 -1.000000 0.000000 0.000000 -1.000000
0 90.246096 4.000000 0.000000 3.277031 3.363188 -1.000000 -1.000000 -1.000000 -1.000000 -1.000000 0.000000 0.000000 -1.000000
0 90.085497 4.000000 0.000000 2.862965 3.655845 -1.000000 -1.000000 -1.000000 -1.000000 -1.000000 0.000000 0.000000 -1.000000
0 90.453700 4.000000 0.000000 2.493337 2.834496 -1.000000 -1.000000 -1.000000 -1.000000 -1.000000 0.000000 0.000000 -1.000000
0 90.013637 4.000000 0.000000 2.966998 3.070691 -1.000000 -1.000000 -1.000000 -1.000000 -1.000000 0.000000 0.000000 -1.000000
0 90.152352 4.000000 0.000000 2.425264 2.722051 -1.000000 -1.000000 -1.000000 -1.000000 -1.000000 0.000000 0.000000 -1.000000
0 90.293527 4.000000 0.000000 2.844744 3.147434 -1.000000 -1.000000 -1.000000 -1.000000 -1.000000 0.000000 0.000000 -1.000000
0 90.020121 4.000000 0.000000 2.831472 3.551938 -1.000000 -1.000000 -1.000000 -1.000000 -1.000000 0.000000 0.000000 -1.000000
0 90.113643 4.000000 0.000000 2.822240 3.340547 -1.000000 -1.000000 -1.000000 -1.000000 -1.000000 0.000000 0.000000 -1.000000
0 90.375256 4.000000 0.000000 3.007410 3.755112 -1.000000 -1.000000 -1.000000 -1.000000 -1.000000 0.000000 0.000000 -1.000000
0 90.151981 4.000000 0.000000 2.246871 3.070648 -1.000000 -1.000000 -1.000000 -1.000000 -1.000000 0.000000 0.000000 -1.000000
0 90.303799 4.000000 0.000000 2.718509 3.801207 -1.000000 -1.000000 -1.000000 -1.000000 -1.000000 0.000000 0.000000 -1.000000
0 90.021167 4.000000 0.000000 2.880522 2.842179 -1.000000 -1.000000 -1.000000 -1.000000 -1.000000 0.000000 0.000000 -1.000000
0 90.240214 4.000000 0.000000 2.495854 3.028200 -1.000000 -1.000000 -1.000000 -1.000000 -1.000000 0.000000 0.000000 -1.000000
0 90.191022 4.000000 0.000000 2.086080 2.541714 -1.000000 -1.000000 -1.000000 -1.000000 -1.000000 0.000000 0.000000 -1.000000
0 90.221437 4.000000 0.000000 2.369852 3.133457 -1.000000 -1.000000 -1.000000 -1.000000 -1.000000 0.000000 0.000000 -1.000000
0 90.053798 4.000000 0.000000 3.289609 4.623656 -1.000000 -1.000000 -1.000000 -1.000000 -1.000000 0.000000 0.000000 -1.000000
0 90.247242 4.000000 0.000000 2.305314 3.016870 -1.000000 -1.000000 -1.000000 -1.000000 -1.000000 0.000000 0.000000 -1.000000
0 90.015601 4.000000 0.000000 2.584940 2.964342 -1.000000 -1.000000 -1.000000 -1.000000 -1.000000 0.000000 0.000000 -1.000000
0 90.081432 4.000000 0.000000 3.040465 4.262322 -1.000000 -1.000000 -1.000000 -1.000000 -1.000000 0.000000 0.000000 -1.000000
0 90.107522 4.000000 0.000000 2.207050 3.006908 -1.000000 -1.000000 -1.000000 -1.000000 -1.000000 0.000000 0.000000 -1.000000
0 90.144206 4.000000 0.000000 2.733914 3.298681 -1.000000 -1.000000 -1.000000 -1.000000 -1.000000 0.000000 0.000000 -1.000000
0 90.179569 4.000000 0.000000 2.357604 3.079278 -1.000000 -1.000000 -1.000000 -1.000000 -1.000000 0.000000 0.000000 -1.000000
0 90.094704 4.000000 0.000000 2.356796 2.989667 -1.000000 -1.000000 -1.000000 -1.000000 -1.000000 0.000000 0.000000 -1.000000
0 90.020403 4.000000 0.000000 3.651320 5.861239 -1.000000 -1.000000 -1.000000 -1.000000 -1.000000 0.000000 0.000000 -1.000000
0 90.118399 4.000000 0.000000 3.393080 4.298003 -1.000000 -1.000000 -1.000000 -1.000000 -1.000000 0.000000 0.000000 -1.000000
0 90.220318 4.000000 0.000000 2.503235 2.703827 -1.000000 -1.000000 -1.000000 -1.000000 -1.000000 0.000000 0.000000 -1.000000
0 90.212973 4.000000 0.000000 2.245178 2.879624 -1.000000 -1.000000 -1.000000 -1.000000 -1.000000 0.000000 0.000000 -1.000000
0 90.153621 4.000000 0.000000 2.910000 3.723045 -1.000000 -1.000000 -1.000000 -1.000000 -1.000000 0.000000 0.000000 -1.000000
0 90.245874 4.000000 0.000000 2.063130 2.217796 -1.000000 -1.000000 -1.000000 -1.000000 -1.000000 0.000000 0.000000 -1.000000
0 90.001783 4.000000 0.000000 2.079824 2.708940 -1.000000 -1.000000 -1.000000 -1.000000 -1.000000 0.000000 0.000000 -1.000000
0 90.045880 4.000000 0.000000 3.513847 4.978872 -1.000000 -1.000000 -1.000000 -1.000000 -1.000000 0.000000 0.000000 -1.000000
0 90.272040 4.000000 0.000000 2.484042 2.882963 -1.000000 -1.000000 -1.000000 -1.000000 -1.000000 0.000000 0.000000 -1.000000
0 90.039584 4.000000 0.000000 2.912894 3.671926 -1.000000 -1.000000 -1.000000 -1.000000 -1.000000 0.000000 0.000000 -1.000000
0 90.222557 4.000000 0.000000 2.643587 2.773218 -1.000000 -1.000000 -1.000000 -1.000000 -1.000000 0.000000 0.000000 -1.000000
0 90.178756 4.000000 0.000000 3.309892 4.412478 -1.000000 -1.000000 -1.000000 -1.000000 -1.000000 0.000000 0.000000 -1.000000
0 90.095486 4.000000 0.000000 3.028955 3.872804 -1.000000 -1.000000 -1.000000 -1.000000 -1.000000 0.000000 0.000000 -1.000000
0 90.030793 4.000000 0.000000 3.132119 4.288931 -1.000000 -1.000000 -1.000000 -1.000000 -1.000000 0.000000 0.000000 -1.000000
0 90.131381 4.000000 0.000000 3.186124 3.449964 -1.000000 -1.000000 -1.000000 -1.000000 -1.000000 0.000000 0.000000 -1.000000
0 90.137150 4.000000 0.000000 2.172555 2.466197 -1.000000 -1.000000 -1.000000 -1.000000 -1.000000 0.000000 0.000000 -1.000000
0 90.192546 4.000000 0.000000 3.304229 2.604443 -1.000000 -1.000000 -1.000000 -1.000000 -1.000000 0.000000 0.000000 -1.000000
0 90.134061 4.000000 0.000000 3.349282 3.784127 -1.000000 -1.000000 -1.000000 -1.000000 -1.000000 0.000000 0.000000 -1.000000
0 90.016432 6.000000 0.000000 3.225112 3.300270 -1.000000 -1.000000 -1.000000 -1.000000 -1.000000 0.000000 0.000000 -1.000000
0 90.235557 6.000000 0.000000 3.767802 4.532697 -1.000000 -1.000000 -1.000000 -1.000000 -1.000000 0.000000 0.000000 -1.000000
0 90.230613 6.000000 0.000000 2.737059 2.867946 -1.000000 -1.000000 -1.000000 -1.000000 -1.000000 0.000000 0.000000 -1.000000
0 90.033605 6.000000 0.000000 2.897910 3.203652 -1.000000 -1.000000 -1.000000 -1.000000 -1.000000 0.000000 0.000000 -1.000000
0 90.165961 6.000000 0.000000 3.455751 3.874258 -1.000000 -1.000000 -1.000000 -1.000000 -1.000000 0.000000 0.000000 -1.000000
0 90.162516 6.000000 0.000000 2.711269 3.047167 -1.000000 -1.000000 -1.000000 -1.000000 -1.000000 0.000000 0.000000 -1.000000
0 90.047137 6.000000 0.000000 2.786449 3.122213 -1.000000 -1.000000 -1.000000 -1.000000 -1.000000 0.000000 0.000000 -1.000000
0 90.110609 6.000000 0.000000 3.787574 3.886822 -1.000000 -1.000000 -1.000000 -1.000000 -1.000000 0.000000 0.000000 -1.000000
0 90.185721 6.000000 0.000000 3.408048 4.049255 -1.000000 -1.000000 -1.000000 -1.000000 -1.000000 0.000000 0.000000 -1.000000
0 90.171519 6.000000 0.000000 3.800510 4.798761 -1.000000 -1.000000 -1.000000 -1.000000 -1.000000 0.000000 0.000000 -1.000000
0 90.237274 6.000000 0.000000 3.485079 3.196840 -1.000000 -1.000000 -1.000000 -1.000000 -1.000000 0.000000 0.000000 -1.000000
0 90.286226 6.000000 0.000000 2.488067 3.063720 -1.000000 -1.000000 -1.000000 -1.000000 -1.000000 0.000000 0.000000 -1.000000
0 90.113538 6.000000 0.000000 4.427907 4.333133 -1.000000 -1.000000 -1.000000 -1.000000 -1.000000 0.000000 0.000000 -1.000000
0 90.413594 6.000000 0.000000 2.494025 2.523582 -1.000000 -1.000000 -1.000000 -1.000000 -1.000000 0.000000 0.000000 -1.000000
0 90.063722 6.000000 0.000000 3.413411 3.691805 -1.000000 -1.000000 -1.000000 -1.000000 -1.000000 0.000000 0.000000 -1.000000
0 90.105218 6.000000 0.000000 2.728644 3.264376 -1.000000 -1.000000 -1.000000 -1.000000 -1.000000 0.000000 0.000000 -1.000000
0 90.013721 6.000000 0.000000 4.166741 5.235268 -1.000000 -1.000000 -1.000000 -1.000000 -1.000000 0.000000 0.000000 -1.000000
0 90.135386 6.000000 0.000000 2.900944 3.839317 -1.000000 -1.000000 -1.000000 -1.000000 -1.000000 0.000000 0.000000 -1.000000
0 90.177758 6.000000 0.000000 2.733301 3.297024 -1.000000 -1.000000 -1.000000 -1.000000 -1.000000 0.000000 0.000000 -1.000000
0 90.246096 6.000000 0.000000 3.277031 3.363188 -1.000000 -1.000000 -1.000000 -1.000000 -1.000000 0.000000 0.000000 -1.000000
0 90.085497 6.000000 0.000000 2.862965 3.655845 -1.000000 -1.000000 -1.000000 -1.000000 -1.000000 0.000000 0.000000 -1.000000
0 90.453700 6.000000 0.000000 2.493337 2.834496 -1.000000 -1.000000 -1.000000 -1.000000 -1.000000 0.000000 0.000000 -1.000000
0 90.013637 6.000000 0.000000 2.966998 3.070691 -1.000000 -1.000000 -1.000000 -1.000000 -1.000000 0.000000 0.000000 -1.000000
0 90.152352 6.000000 0.000000 2.425264 2.722051 -1.000000 -1.000000 -1.000000 -1.000000 -1.000000 0.000000 0.000000 -1.000000
0 90.293527 6.000000 0.000000 2.844744 3.147434 -1.000000 -1.000000 -1.000000 -1.000000 -1.000000 0.000000 0.000000 -1.000000
0 90.020121 6.000000 0.000000 2.831472 3.551938 -1.000000 -1.000000 -1.000000 -1.000000 -1.000000 0.000000 0.000000 -1.000000
0 90.113643 6.000000 0.000000 2.822240 3.340547 -1.000000 -1.000000 -1.000000 -1.000000 -1.000000 0.000000 0.000000 -1.000000
0 90.375256 6.000000 0.000000 3.007410 3.755112 -1.000000 -1.000000 -1.000000 -1.000000 -1.000000 0.000000 0.000000 -1.000000
0 90.151981 6.000000 0.000000 2.246871 3.070648 -1.000000 -1.000000 -1.000000 -1.000000 -1.000000 0.000000 0.000000 -1.000000
0 90.303799 6.000000 0.000000 2.718509 3.801207 -1.000000 -1.000000 -1.000000 -1.000000 -1.000000 0.000000 0.000000 -1.000000
0 90.021167 6.000000 0.000000 2.880522 2.842179 -1.000000 -1.000000 -1.000000 -1.000000 -1.000000 0.000000 0.000000 -1.000000
0 90.240214 6.000000 0.000000 2.495854 3.028200 -1.000000 -1.000000 -1.000000 -1.000000 -1.000000 0.000000 0.000000 -1.000000
0 90.191022 6.000000 0.000000 2.086080 2.541714 -1.000000 -1.000000 -1.000000 -1.000000 -1.000000 0.000000 0.000000 -1.000000
0 90.221437 6.000000 0.000000 2.369852 3.133457 -1.000000 -1.000000 -1.000000 -1.000000 -1.000000 0.000000 0.000000 -1.000000
0 90.053798 6.000000 0.000000 3.289609 4.623656 -1.000000 -1.000000 -1.000000 -1.000000 -1.000000 0.000000 0.000000 -1.000000
0 90.247242 6.000000 0.000000 2.305314 3.016870 -1.000000 -1.000000 -1.000000 -1.000000 -1.000000 0.000000 0.000000 -1.000000
0 90.015601 6.000000 0.000000 2.584940 2.964342 -1.000000 -1.000000 -1.000000 -1.000000 -1.000000 0.000000 0.000000 -1.000000
0 90.081432 6.000000 0.000000 3.040465 4.262322 -1.000000 -1.000000 -1.000000 -1.000000 -1.000000 0.000000 0.000000 -1.000000
0 90.107522 6.000000 0.000000 2.207050 3.006908 -1.000000 -1.000000 -1.000000 -1.000000 -1.000000 0.000000 0.000000 -1.000000
0 90.144206 6.000000 0.000000 2.733914 3.298681 -1.000000 -1.000000 -1.000000 -1.000000 -1.000000 0.000000 0.000000 -1.000000
0 90.179569 6.000000 0.000000 2.357604 3.079278 -1.000000 -1.000000 -1.000000 -1.000000 -1.000000 0.000000 0.000000 -1.000000
0 90.094704 6.000000 0.000000 2.356796 2.989667 -1.000000 -1.000000 -1.000000 -1.000000 -1.000000 0.000000 0.000000 -1.000000
0 90.020403 6.000000 0.000000 3.651320 5.861239 -1.000000 -1.000000 -1.000000 -1.000000 -1.000000 0.000000 0.000000 -1.000000
0 90.118399 6.000000 0.000000 3.393080 4.298003 -1.000000 -1.000000 -1.000000 -1.000000 -1.000000 0.000000 0.000000 -1.000000
0 90.220318 6.000000 0.000000 2.503235 2.703827 -1.000000 -1.000000 -1.000000 -1.000000 -1.000000 0.000000 0.000000 -1.000000
0 90.212973 6.000000 0.000000 2.245178 2.879624 -1.000000 -1.000000 -1.000000 -1.000000 -1.000000 0.000000 0.000000 -1.000000
0 90.153621 6.000000 0.000000 2.910000 3.723045 -1.000000 -1.000000 -1.000000 -1.000000 -1.000000 0.000000 0.000000 -1.000000
0 90.245874 6.000000 0.000000 2.063130 2.217796 -1.000000 -1.000000 -1.000000 -1.000000 -1.000000 0.000000 0.000000 -1.000000
0 90.001783 6.000000 0.000000 2.079824 2.708940 -1.000000 -1.000000 -1.000000 -1.000000 -1.000000 0.000000 0.000000 -1.000000
0 90.045880 6.000000 0.000000 3.513847 4.978872 -1.000000 -1.000000 -1.000000 -1.000000 -1.000000 0.000000 0.000000 -1.000000
0 90.272040 6.000000 0.000000 2.484042 2.882963 -1.000000 -1.000000 -1.000000 -1.000000 -1.000000 0.000000 0.000000 -1.000000
0 90.039584 6.000000 0.000000 2.912894 3.671926 -1.000000 -1.000000 -1.000000 -1.000000 -1.000000 0.000000 0.000000 -1.000000
0 90.222557 6.000000 0.000000 2.643587 2.773218 -1.000000 -1.000000 -1.000000 -1.000000 -1.000000 0.000000 0.000000 -1.000000
0 90.178756 6.000000 0.000000 3.309892 4.412478 -1.000000 -1.000000 -1.000000 -1.000000 -1.000000 0.000000 0.000000 -1.000000
0 90.095486 6.000000 0.000000 3.028955 3.872804 -1.000000 -1.000000 -1.000000 -1.000000 -1.000000 0.000000 0.000000 -1.000000
0 90.030793 6.000000 0.000000 3.132119 4.288931 -1.000000 -1.000000 -1.000000 -1.000000 -1.000000 0.000000 0.000000 -1.000000
0 90.131381 6.000000 0.000000 3.186124 3.449964 -1.000000 -1.000000 -1.000000 -1.000000 -1.000000 0.000000 0.000000 -1.000000
0 90.137150 6.000000 0.000000 2.172555 2.466197 -1.000000 -1.000000 -1.000000 -1.000000 -1.000000 0.000000 0.000000 -1.000000
0 90.192546 6.000000 0.000000 3.304229 2.604443 -1.000000 -1.000000 -1.000000 -1.000000 -1.000000 0.000000 0.000000 -1.000000
0 90.134061 6.000000 0.000000 3.349282 3.784127 -1.000000 -1.000000 -1.000000 -1.000000 -1.000000 0.000000 0.000000 -1.000000
0 90.016432 8.000000 0.000000 3.225112 3.300270 -1.000000 -1.000000 -1.000000 -1.000000 -1.000000 0.000000 0.000000 -1.000000
0 90.235557 8.000000 0.000000 3.767802 4.532697 -1.000000 -1.000000 -1.000000 -1.000000 -1.000000 0.000000 0.000000 -1.000000
0 90.230613 8.000000 0.000000 2.737059 2.867946 -1.000000 -1.000000 -1.000000 -1.000000 -1.000000 0.000000 0.000000 -1.000000
0 90.033605 8.000000 0.000000 2.897910 3.203652 -1.000000 -1.000000 -1.000000 -1.000000 -1.000000 0.000000 0.000000 -1.000000
0 90.165961 8.000000 0.000000 3.455751 3.874258 -1.000000 -1.000000 -1.000000 -1.000000 -1.000000 0.000000 0.000000 -1.000000
0 90.162516 8.000000 0.000000 2.711269 3.047167 -1.000000 -1.000000 -1.000000 -1.000000 -1.000000 0.000000 0.000000 -1.000000
0 90.047137 8.000000 0.000000 2.786449 3.122213 -1.000000 -1.000000 -1.000000 -1.000000 -1.000000 0.000000 0.000000 -1.000000
0 90.110609 8.000000 0.000000 3.787574 3.886822 -1.000000 -1.000000 -1.000000 -1.000000 -1.000000 0.000000 0.000000 -1.000000
0 90.185721 8.000000 0.000000 3.408048 4.049255 -1.000000 -1.000000 -1.000000 -1.000000 -1.000000 0.000000 0.000000 -1.000000
0 90.171519 8.000000 0.000000 3.800510 4.798761 -1.000000 -1.000000 -1.000000 -1.000000 -1.000000 0.000000 0.000000 -1.000000
0 90.237274 8.000000 0.000000 3.485079 3.196840 -1.000000 -1.000000 -1.000000 -1.000000 -1.000000 0.000000 0.000000 -1.000000
0 90.286226 8.000000 0.000000 2.488067 3.063720 -1.000000 -1.000000 -1.000000 -1.000000 -1.000000 0.000000 0.000000 -1.000000
0 90.113538 8.000000 0.000000 4.427907 4.333133 -1.000000 -1.000000 -1.000000 -1.000000 -1.000000 0.000000 0.000000 -1.000000
0 90.413594 8.000000 0.000000 2.494025 2.523582 -1.000000 -1.000000 -1.000000 -1.000000 -1.000000 0.000000 0.000000 -1.000000
0 90.063722 8.000000 0.000000 3.413411 3.691805 -1.000000 -1.000000 -1.000000 -1.000000 -1.000000 0.000000 0.000000 -1.000000
0 90.105218 8.000000 0.000000 2.728644 3.264376 -1.000000 -1.000000 -1.000000 -1.000000 -1.000000 0.000000 0.000000 -1.000000
0 90.013721 8.000000 0.000000 4.166741 5.235268 -1.000000 -1.000000 -1.000000 -1.000000 -1.000000 0.000000 0.000000 -1.000000
0 90.135386 8.000000 0.000000 2.900944 3.839317 -1.000000 -1.000000 -1.000000 -1.000000 -1.000000 0.000000 0.000000 -1.000000
0 90.177758 8.000000 0.000000 2.733301 3.297024 -1.000000 -1.000000 -1.000000 -1.000000 -1.000000 0.000000 0.000000 -1.000000
0 90.246096 8.000000 0.000000 3.277031 3.363188 -1.000000 -1.000000 -1.000000 -1.000000 -1.000000 0.000000 0.000000 -1.000000
0 90.085497 8.000000 0.000000 2.862965 3.655845 -1.000000 -1.000000 -1.000000 -1.000000 -1.000000 0.000000 0.000000 -1.000000
0 90.453700 8.000000 0.000000 2.493337 2.834496 -1.000000 -1.000000 -1.000000 -1.000000 -1.000000 0.000000 0.000000 -1.000000
0 90.013637 8.000000 0.000000 2.966998 3.070691 -1.000000 -1.000000 -1.000000 -1.000000 -1.000000 0.000000 0.000000 -1.000000
0 90.152352 8.000000 0.000000 2.425264 2.722051 -1.000000 -1.000000 -1.000000 -1.000000 -1.000000 0.000000 0.000000 -1.000000
0 90.293527 8.000000 0.000000 2.844744 3.147434 -1.000000 -1.000000 -1.000000 -1.000000 -1.000000 0.000000 0.000000 -1.000000
0 90.020121 8.000000 0.000000 2.831472 3.551938 -1.000000 -1.000000 -1.000000 -1.000000 -1.000000 0.000000 0.000000 -1.000000
0 90.113643 8.000000 0.000000 2.822240 3.340547 -1.000000 -1.000000 -1.000000 -1.000000 -1.000000 0.000000 0.000000 -1.000000
0 90.375256 8.000000 0.000000 3.007410 3.755112 -1.000000 -1.000000 -1.000000 -1.000000 -1.000000 0.000000 0.000000 -1.000000
0 90.151981 8.000000 0.000000 2.246871 3.070648 -1.000000 -1.000000 -1.000000 -1.000000 -1.000000 0.000000 0.000000 -1.000000
0 90.303799 8.000000 0.000000 2.718509 3.801207 -1.000000 -1.000000 -1.000000 -1.000000 -1.000000 0.000000 0.000000 -1.000000
0 90.021167 8.000000 0.000000 2.880522 2.842179 -1.000000 -1.000000 -1.000000 -1.000000 -1.000000 0.000000 0.000000 -1.000000
0 90.240214 8.000000 0.000000 2.495854 3.028200 -1.000000 -1.000000 -1.000000 -1.000000 -1.000000 0.000000 0.000000 -1.000000
0 90.191022 8.000000 0.000000 2.086080 2.541714 -1.000000 -1.000000 -1.000000 -1.000000 -1.000000 0.000000 0.000000 -1.000000
0 90.221437 8.000000 0.000000 2.369852 3.133457 -1.000000 -1.000000 -1.000000 -1.000000 -1.000000 0.000000 0.000000 -1.000000
0 90.053798 8.000000 0.000000 3.289609 4.623656 -1.000000 -1.000000 -1.000000 -1.000000 -1.000000 0.000000 0.000000 -1.000000
0 90.247242 8.000000 0.000000 2.305314 3.016870 -1.000000 -1.000000 -1.000000 -1.000000 -1.000000 0.000000 0.000000 -1.000000
0 90.015601 8.000000 0.000000 2.584940 2.964342 -1.000000 -1.000000 -1.000000 -1.000000 -1.000000 0.000000 0.000000 -1.000000
0 90.081432 8.000000 0.000000 3.040465 4.262322 -1.000000 -1.000000 -1.000000 -1.000000 -1.000000 0.000000 0.000000 -1.000000
0 90.107522 8.000000 0.000000 2.207050 3.006908 -1.000000 -1.000000 -1.000000 -1.000000 -1.000000 0.000000 0.000000 -1.000000
0 90.144206 8.000000 0.000000 2.733914 3.298681 -1.000000 -1.000000 -1.000000 -1.000000 -1.000000 0.000000 0.000000 -1.000000
0 90.179569 8.000000 0.000000 2.357604 3.079278 -1.000000 -1.000000 -1.000000 -1.000000 -1.000000 0.000000 0.000000 -1.000000
0 90.094704 8.000000 0.000000 2.356796 2.989667 -1.000000 -1.000000 -1.000000 -1.000000 -1.000000 0.000000 0.000000 -1.000000
0 90.020403 8.000000 0.000000 3.651320 5.861239 -1.000000 -1.000000 -1.000000 -1.000000 -1.000000 0.000000 0.000000 -1.000000
0 90.118399 8.000000 0.000000 3.393080 4.298003 -1.000000 -1.000000 -1.000000 -1.000000 -1.000000 0.000000 0.000000 -1.000000
0 90.220318 8.000000 0.000000 2.503235 2.703827 -1.000000 -1.000000 -1.000000 -1.000000 -1.000000 0.000000 0.000000 -1.000000
0 90.212973 8.000000 0.000000 2.245178 2.879624 -1.000000 -1.000000 -1.000000 -1.000000 -1.000000 0.000000 0.000000 -1.000000
0 90.153621 8.000000 0.000000 2.910000 3.723045 -1.000000 -1.000000 -1.000000 -1.000000 -1.000000 0.000000 0.000000 -1.000000
0 90.245874 8.000000 0.000000 2.063130 2.217796 -1.000000 -1.000000 -1.000000 -1.000000 -1.000000 0.000000 0.000000 -1.000000
0 90.001783 8.000000 0.000000 2.079824 2.708940 -1.000000 -1.000000 -1.000000 -1.000000 -1.000000 0.000000 0.000000 -1.000000
0 90.045880 8.000000 0.000000 3.513847 4.978872 -1.000000 -1.000000 -1.000000 -1.000000 -1.000000 0.000000 0.000000 -1.000000
0 90.272040 8.000000 0.000000 2.484042 2.882963 -1.000000 -1.000000 -1.000000 -1.000000 -1.000000 0.000000 0.000000 -1.000000
0 90.039584 8.000000 0.000000 2.912894 3.671926 -1.000000 -1.000000 -1.000000 -1.000000 -1.000000 0.000000 0.000000 -1.000000
0 90.222557 8.000000 0.000000 2.643587 2.773218 -1.000000 -1.000000 -1.000000 -1.000000 -1.000000 0.000000 0.000000 -1.000000
0 90.178756 8.000000 0.000000 3.309892 4.412478 -1.000000 -1.000000 -1.000000 -1.000000 -1.000000 0.000000 0.000000 -1.000000
0 90.095486 8.000000 0.000000 3.028955 3.872804 -1.000000 -1.000000 -1.000000 -1.000000 -1.000000 0.000000 0.000000 -1.000000
0 90.030793 8.000000 0.000000 3.132119 4.288931 -1.000000 -1.000000 -1.000000 -1.000000 -1.000000 0.000000 0.000000 -1.000000
0 90.131381 8.000000 0.000000 3.186124 3.449964 -1.000000 -1.000000 -1.000000 -1.000000 -1.000000 0.000000 0.000000 -1.000000
0 90.137150 8.000000 0.000000 2.172555 2.466197 -1.000000 -1.000000 -1.000000 -1.000000 -1.000000 0.000000 0.000000 -1.000000
0 90.192546 8.000000 0.000000 3.304229 2.604443 -1.000000 -1.000000 -1.000000 -1.000000 -1.000000 0.000000 0.000000 -1.000000
0 90.134061 8.000000 0.000000 3.349282 3.784127 -1.000000 -1.000000 -1.000000 -1.000000 -1.000000 0.000000 0.000000 -1.000000
0 90.016432 10.000000 0.000000 3.225112 3.300270 -1.000000 -1.000000 -1.000000 -1.000000 -1.000000 0.000000 0.000000 -1.000000
0 90.235557 10.000000 0.000000 3.767802 4.532697 -1.000000 -1.000000 -1.000000 -1.000000 -1.000000 0.000000 0.000000 -1.000000
0 90.230613 10.000000 0.000000 2.737059 2.867946 -1.000000 -1.000000 -1.000000 -1.000000 -1.000000 0.000000 0.000000 -1.000000
0 90.033605 10.000000 0.000000 2.897910 3.203652 -1.000000 -1.000000 -1.000000 -1.000000 -1.000000 0.000000 0.000000 -1.000000
0 90.165961 10.000000 0.000000 3.455751 3.874258 -1.000000 -1.000000 -1.000000 -1.000000 -1.000000 0.000000 0.000000 -1.000000
0 90.162516 10.000000 0.000000 2.711269 3.047167 -1.000000 -1.000000 -1.000000 -1.000000 -1.000000 0.000000 0.000000 -1.000000
0 90.047137 10.000000 0.000000 2.786449 3.122213 -1.000000 -1.000000 -1.000000 -1.000000 -1.000000 0.000000 0.000000 -1.000000
0 90.110609 10.000000 0.000000 3.787574 3.886822 -1.000000 -1.000000 -1.000000 -1.000000 -1.000000 0.000000 0.000000 -1.000000
0 90.185721 10.000000 0.000000 3.408048 4.049255 -1.000000 -1.000000 -1.000000 -1.000000 -1.000000 0.000000 0.000000 -1.000000
0 90.171519 10.000000 0.000000 3.800510 4.798761 -1.000000 -1.000000 -1.000000 -1.000000 -1.000000 0.000000 0.000000 -1.000000
0 90.237274 10.000000 0.000000 3.485079 3.196840 -1.000000 -1.000000 -1.000000 -1.000000 -1.000000 0.000000 0.000000 -1.000000
0 90.286226 10.000000 0.000000 2.488067 3.063720 -1.000000 -1.000000 -1.000000 -1.000000 -1.000000 0.000000 0.000000 -1.000000
0 90.113538 10.000000 0.000000 4.427907 4.333133 -1.000000 -1.000000 -1.000000 -1.000000 -1.000000 0.000000 0.000000 -1.000000
0 90.413594 10.000000 0.000000 2.494025 2.523582 -1.000000 -1.000000 -1.000000 -1.000000 -1.000000 0.000000 0.000000 -1.000000
0 90.063722 10.000000 0.000000 3.413411 3.691805 -1.000000 -1.000000 -1.000000 -1.000000 -1.000000 0.000000 0.000000 -1.000000
0 90.105218 10.000000 0.000000 2.728644 3.264376 -1.000000 -1.000000 -1.000000 -1.000000 -1.000000 0.000000 0.000000 -1.000000
0 90.013721 10.000000 0.000000 4.166741 5.235268 -1.000000 -1.000000 -1.000000 -1.000000 -1.000000 0.000000 0.000000 -1.000000
0 90.135386 10.000000 0.000000 2.900944 3.839317 -1.000000 -1.000000 -1.000000 -1.000000 -1.000000 0.000000 0.000000 -1.000000
0 90.177758 10.000000 0.000000 2.733301 3.297024 -1.000000 -1.000000 -1.000000 -1.000000 -1.000000 0.000000 0.000000 -1.000000
0 90.246096 10.000000 0.000000 3.277031 3.363188 -1.000000 -1.000000 -1.000000 -1.000000 -1.000000 0.000000 0.000000 -1.000000
0 90.085497 10.000000 0.000000 2.862965 3.655845 -1.000000 -1.000000 -1.000000 -1.000000 -1.000000 0.000000 0.000000 -1.000000
0 90.453700 10.000000 0.000000 2.493337 2.834496 -1.000000 -1.000000 -1.000000 -1.000000 -1.000000 0.000000 0.000000 -1.000000
0 90.013637 10.000000 0.000000 2.966998 3.070691 -1.000000 -1.000000 -1.000000 -1.000000 -1.000000 0.000000 0.000000 -1.000000
0 90.152352 10.000000 0.000000 2.425264 2.722051 -1.000000 -1.000000 -1.000000 -1.000000 -1.000000 0.000000 0.000000 -1.000000
0 90.293527 10.000000 0.000000 2.844744 3.147434 -1.000000 -1.000000 -1.000000 -1.000000 -1.000000 0.000000 0.000000 -1.000000
0 90.020121 10.000000 0.000000 2.831472 3.551938 -1.000000 -1.000000 -1.000000 -1.000000 -1.000000 0.000000 0.000000 -1.000000
0 90.113643 10.000000 0.000000 2.822240 3.340547 -1.000000 -1.000000 -1.000000 -1.000000 -1.000000 0.000000 0.000000 -1.000000
0 90.375256 10.000000 0.000000 3.007410 3.755112 -1.000000 -1.000000 -1.000000 -1.000000 -1.000000 0.000000 0.000000 -1.000000
0 90.151981 10.000000 0.000000 2.246871 3.070648 -1.000000 -1.000000 -1.000000 -1.000000 -1.000000 0.000000 0.000000 -1.000000
0 90.303799 10.000000 0.000000 2.718509 3.801207 -1.000000 -1.000000 -1.000000 -1.000000 -1.000000 0.000000 0.000000 -1.000000
0 90.021167 10.000000 0.000000 2.880522 2.842179 -1.000000 -1.000000 -1.000000 -1.000000 -1.000000 0.000000 0.000000 -1.000000
0 90.240214 10.000000 0.000000 2.495854 3.028200 -1.000000 -1.000000 -1.000000 -1.000000 -1.000000 0.000000 0.000000 -1.000000
0 90.191022 10.000000 0.000000 2.086080 2.541714 -1.000000 -1.000000 -1.000000 -1.000000 -1.000000 0.000000 0.000000 -1.000000
0 90.221437 10.000000 0.000000 2.369852 3.133457 -1.000000 -1.000000 -1.000000 -1.000000 -1.000000 0.000000 0.000000 -1.000000
0 90.053798 10.000000 0.000000 3.289609 4.623656 -1.000000 -1.000000 -1.000000 -1.000000 -1.000000 0.000000 0.000000 -1.000000
0 90.247242 10.000000 0.000000 2.305314 3.016870 -1.000000 -1.000000 -1.000000 -1.000000 -1.000000 0.000000 0.000000 -1.000000
0 90.015601 10.000000 0.000000 2.584940 2.964342 -1.000000 -1.000000 -1.000000 -1.000000 -1.000000 0.000000 0.000000 -1.000000
0 90.081432 10.000000 0.000000 3.040465 4.262322 -1.000000 -1.000000 -1.000000 -1.000000 -1.000000 0.000000 0.000000 -1.000000
0 90.107522 10.000000 0.000000 2.207050 3.006908 -1.000000 -1.000000 -1.000000 -1.000000 -1.000000 0.000000 0.000000 -1.000000
0 90.144206 10.000000 0.000000 2.733914 3.298681 -1.000000 -1.000000 -1.000000 -1.000000 -1.000000 0.000000 0.000000 -1.000000
0 90.179569 10.000000 0.000000 2.357604 3.079278 -1.000000 -1.000000 -1.000000 -1.000000 -1.000000 0.000000 0.000000 -1.000000
0 90.094704 10.000000 0.000000 2.356796 2.989667 -1.000000 -1.000000 -1.000000 -1.000000 -1.000000 0.000000 0.000000 -1.000000
0 90.020403 10.000000 0.000000 3.651320 5.861239 -1.000000 -1.000000 -1.000000 -1.000000 -1.000000 0.000000 0.000000 -1.000000
0 90.118399 10.000000 0.000000 3.393080 4.298003 -1.000000 -1.000000 -1.000000 -1.000000 -1.000000 0.000000 0.000000 -1.000000
0 90.220318 10.000000 0.000000 2.503235 2.703827 -1.000000 -1.000000 -1.000000 -1.000000 -1.000000 0.000000 0.000000 -1.000000
0 90.212973 10.000000 0.000000 2.245178 2.879624 -1.000000 -1.000000 -1.000000 -1.000000 -1.000000 0.000000 0.000000 -1.000000
0 90.153621 10.000000 0.000000 2.910000 3.723045 -1.000000 -1.000000 -1.000000 -1.000000 -1.000000 0.000000 0.000000 -1.000000
0 90.245874 10.000000 0.000000 2.063130 2.217796 -1.000000 -1.000000 -1.000000 -1.000000 -1.000000 0.000000 0.000000 -1.000000
0 90.001783 10.000000 0.000000 2.079824 2.708940 -1.000000 -1.000000 -1.000000 -1.000000 -1.000000 0.000000 0.000000 -1.000000
0 90.045880 10.000000 0.000000 3.513847 4.978872 -1.000000 -1.000000 -1.000000 -1.000000 -1.000000 0.000000 0.000000 -1.000000
0 90.272040 10.000000 0.000000 2.484042 2.882963 -1.000000 -1.000000 -1.000000 -1.000000 -1.000000 0.000000 0.000000 -1.000000
0 90.039584 10.000000 0.000000 2.912894 3.671926 -1.000000 -1.000000 -1.000000 -1.000000 -1.000000 0.000000 0.000000 -1.000000
0 90.222557 10.000000 0.000000 2.643587 2.773218 -1.000000 -1.000000 -1.000000 -1.000000 -1.000000 0.000000 0.000000 -1.000000
0 90.178756 10.000000 0.000000 3.309892 4.412478 -1.000000 -1.000000 -1.000000 -1.000000 -1.000000 0.000000 0.000000 -1.000000
0 90.095486 10.000000 0.000000 3.028955 3.872804 -1.000000 -1.000000 -1.000000 -1.000000 -1.000000 0.000000 0.000000 -1.000000
0 90.030793 10.000000 0.000000 3.132119 4.288931 -1.000000 -1.000000 -1.000000 -1.000000 -1.000000 0.000000 0.000000 -1.000000
0 90.131381 10.000000 0.000000 3.186124 3.449964 -1.000000 -1.000000 -1.000000 -1.000000 -1.000000 0.000000 0.000000 -1.000000
0 90.137150 10.000000 0.000000 2.172555 2.466197 -1.000000 -1.000000 -1.000000 -1.000000 -1.000000 0.000000 0.000000 -1.000000
0 90.192546 10.000000 0.000000 3.304229 2.604443 -1.000000 -1.000000 -1.000000 -1.000000 -1.000000 0.000000 0.000000 -1.000000
0 90.134061 10.000000 0.000000 3.349282 3.784127 -1.000000 -1.000000 -1.000000 -1.000000 -1.000000 0.000000 0.000000 -1.000000
