1 1.175171 1.000000 1.070505 0.034958 0.019196 0.001859 24.000000 0.000000 0.000000 12.000000 1.000000 1.000000 137.154075
1 1.134030 1.000000 1.049846 0.024613 0.014645 0.001735 25.000000 0.000000 0.000000 4.000000 1.000000 1.000000 142.281552
1 1.415295 1.000000 1.314301 0.026563 0.016377 0.002219 24.000000 0.000000 0.000000 6.000000 1.000000 1.000000 121.827902
1 1.897269 1.000000 1.811953 0.021171 0.013408 0.002241 23.000000 0.000000 0.000000 4.000000 1.000000 1.000000 133.750939
1 1.723956 1.000000 1.638556 0.024224 0.014477 0.001731 26.000000 0.000000 0.000000 16.000000 1.000000 1.000000 119.995558
1 1.134126 1.000000 1.063125 0.020311 0.013202 0.001576 24.000000 0.000000 0.000000 11.000000 1.000000 1.000000 129.324310
1 1.085992 1.000000 1.006999 0.022598 0.014074 0.001546 25.000000 0.000000 0.000000 14.000000 1.000000 1.000000 131.524608
1 1.117412 1.000000 1.034943 0.021644 0.012784 0.002357 35.000000 0.000000 0.000000 6.000000 1.000000 1.000000 206.921516
1 1.970652 1.000000 1.820975 0.048055 0.026789 0.002611 24.000000 0.000000 0.000000 4.000000 1.000000 1.000000 137.450331
1 2.107405 1.000000 1.964600 0.039849 0.022715 0.003156 28.000000 0.000000 0.000000 3.000000 1.000000 1.000000 152.435473
1 1.364839 1.000000 1.267612 0.029764 0.016955 0.001703 22.000000 0.000000 0.000000 10.000000 1.000000 1.000000 124.445599
1 1.317728 1.000000 1.246216 0.019074 0.011150 0.001822 22.000000 0.000000 0.000000 3.000000 1.000000 1.000000 113.581381
1 1.437208 1.000000 1.318042 0.033689 0.021830 0.002423 31.000000 0.000000 0.000000 27.000000 1.000000 1.000000 134.435102
1 1.427760 1.000000 1.290702 0.047898 0.026694 0.001888 23.000000 0.000000 0.000000 43.000000 1.000000 1.000000 137.882179
1 1.401399 1.000000 1.309131 0.025176 0.014707 0.002320 24.000000 0.000000 0.000000 0.000000 1.000000 1.000000 149.811746
1 1.383914 1.000000 1.283342 0.030103 0.019564 0.001666 24.000000 0.000000 0.000000 16.000000 1.000000 1.000000 122.012446
1 1.160517 1.000000 1.062708 0.028987 0.016344 0.002267 29.000000 0.000000 0.000000 5.000000 1.000000 1.000000 166.855669
1 1.196767 1.000000 1.119616 0.021711 0.012950 0.002009 26.000000 0.000000 0.000000 8.000000 1.000000 1.000000 142.876813
1 1.183879 1.000000 1.112938 0.019092 0.011178 0.001780 26.000000 0.000000 0.000000 4.000000 1.000000 1.000000 146.683033
1 1.194289 1.000000 1.129777 0.018021 0.010265 0.001567 21.000000 0.000000 0.000000 7.000000 1.000000 1.000000 125.484393
1 1.218586 1.000000 1.151156 0.018766 0.010661 0.001574 22.000000 0.000000 0.000000 9.000000 1.000000 1.000000 124.478653
1 1.226781 1.000000 1.122128 0.028166 0.016159 0.003096 32.000000 0.000000 0.000000 7.000000 1.000000 1.000000 207.407610
1 1.951577 1.000000 1.811657 0.040317 0.023688 0.002682 25.000000 0.000000 0.000000 7.000000 1.000000 1.000000 150.601969
1 2.014183 1.000000 1.904132 0.025123 0.014545 0.003331 30.000000 0.000000 0.000000 0.000000 1.000000 1.000000 143.422603
1 1.412568 1.000000 1.320954 0.025425 0.015252 0.002149 26.000000 0.000000 0.000000 8.000000 1.000000 1.000000 152.697483
1 1.206141 1.000000 1.126371 0.022087 0.012818 0.002130 25.000000 0.000000 0.000000 10.000000 1.000000 1.000000 173.801131
1 1.230685 1.000000 1.131632 0.030239 0.017678 0.002186 26.000000 0.000000 0.000000 10.000000 1.000000 1.000000 165.540654
1 1.915176 1.000000 1.784425 0.034591 0.021487 0.002911 25.000000 0.000000 0.000000 3.000000 1.000000 1.000000 118.805555
1 2.193897 1.000000 1.966588 0.070380 0.040876 0.004473 35.000000 0.000000 0.000000 25.000000 1.000000 1.000000 170.817224
1 1.253754 1.000000 1.142206 0.031956 0.020919 0.002040 27.000000 0.000000 0.000000 14.000000 1.000000 1.000000 126.783318
1 1.160773 1.000000 1.092471 0.018982 0.010176 0.002046 26.000000 0.000000 0.000000 5.000000 1.000000 1.000000 157.974730
1 1.176035 1.000000 1.091091 0.023785 0.015124 0.001815 23.000000 0.000000 0.000000 10.000000 1.000000 1.000000 134.490766
1 1.160171 1.000000 1.086954 0.020032 0.012481 0.001704 22.000000 0.000000 0.000000 3.000000 1.000000 1.000000 132.644318
1 1.170570 1.000000 1.101664 0.016666 0.009627 0.002365 29.000000 0.000000 0.000000 1.000000 1.000000 1.000000 165.008858
1 1.174556 1.000000 1.079304 0.025209 0.015164 0.002265 27.000000 0.000000 0.000000 5.000000 1.000000 1.000000 141.945422
1 1.181855 1.000000 1.102254 0.023762 0.013383 0.001833 22.000000 0.000000 0.000000 8.000000 1.000000 1.000000 125.608748
1 1.188841 1.000000 1.114977 0.020151 0.012000 0.001780 23.000000 0.000000 0.000000 6.000000 1.000000 1.000000 122.941880
1 1.250837 1.000000 1.167602 0.022416 0.013479 0.002024 28.000000 0.000000 0.000000 8.000000 1.000000 1.000000 160.831170
1 1.218824 1.000000 1.085183 0.033237 0.020552 0.003168 29.000000 0.000000 0.000000 2.000000 1.000000 1.000000 131.788836
1 2.421323 1.000000 2.214538 0.066766 0.038941 0.003500 27.000000 0.000000 0.000000 12.000000 1.000000 1.000000 170.451146
1 2.161157 1.000000 2.076815 0.020248 0.011721 0.002577 23.000000 0.000000 0.000000 2.000000 1.000000 1.000000 120.436623
1 2.018174 1.000000 1.892345 0.034059 0.020731 0.002893 25.000000 0.000000 0.000000 5.000000 1.000000 1.000000 143.852634
1 1.775386 1.000000 1.650150 0.034181 0.019837 0.003006 33.000000 0.000000 0.000000 4.000000 1.000000 1.000000 140.404004
1 1.188418 1.000000 1.116412 0.019803 0.010555 0.001998 26.000000 0.000000 0.000000 4.000000 1.000000 1.000000 140.490776
1 1.202698 1.000000 1.116251 0.022301 0.014343 0.002103 25.000000 0.000000 0.000000 4.000000 1.000000 1.000000 147.745142
1 1.589761 1.000000 1.338872 0.081280 0.045558 0.004149 33.000000 0.000000 0.000000 22.000000 1.000000 1.000000 145.979057
1 2.049409 1.000000 1.950242 0.025064 0.015203 0.002488 23.000000 0.000000 0.000000 6.000000 1.000000 1.000000 125.365709
1 1.692357 1.000000 1.613819 0.020123 0.012621 0.001942 22.000000 0.000000 0.000000 3.000000 1.000000 1.000000 119.474538
1 1.329661 1.000000 1.241155 0.024388 0.013847 0.002048 25.000000 0.000000 0.000000 4.000000 1.000000 1.000000 147.652508
1 1.322457 1.000000 1.247496 0.021259 0.012211 0.001752 21.000000 0.000000 0.000000 4.000000 1.000000 1.000000 124.216326
1 1.373033 1.000000 1.292005 0.022082 0.013073 0.001993 22.000000 0.000000 0.000000 5.000000 1.000000 1.000000 129.572929
1 1.339917 1.000000 1.242182 0.025411 0.016675 0.002179 27.000000 0.000000 0.000000 8.000000 1.000000 1.000000 139.913454
1 1.491505 1.000000 1.268340 0.074108 0.048331 0.002151 23.000000 0.000000 0.000000 37.000000 1.000000 1.000000 147.786085
1 1.337826 1.000000 1.265047 0.019381 0.010616 0.002012 25.000000 0.000000 0.000000 4.000000 1.000000 1.000000 138.837764
1 1.391453 1.000000 1.292256 0.027164 0.017563 0.002040 24.000000 0.000000 0.000000 18.000000 1.000000 1.000000 116.768813
1 1.290838 1.000000 1.128390 0.056608 0.033164 0.001764 25.000000 0.000000 0.000000 32.000000 1.000000 1.000000 163.909509
1 1.166927 1.000000 1.087050 0.022305 0.013755 0.001720 23.000000 0.000000 0.000000 2.000000 1.000000 1.000000 136.344067
1 1.181396 1.000000 1.091981 0.025127 0.015230 0.002053 26.000000 0.000000 0.000000 18.000000 1.000000 1.000000 123.890876
1 1.205366 1.000000 1.120302 0.027034 0.014562 0.001776 25.000000 0.000000 0.000000 9.000000 1.000000 1.000000 142.029962
1 1.607558 1.000000 1.452537 0.040757 0.026266 0.003733 29.000000 0.000000 0.000000 6.000000 1.000000 1.000000 154.458361
1 2.466717 2.000000 1.980464 0.150190 0.085472 0.017038 70.000000 0.000000 3.000000 16.000000 1.000000 1.000000 208.221495
1 3.178159 2.000000 1.337628 0.653113 0.400017 0.070467 154.000000 0.000000 74.000000 85.000000 1.000000 1.000000 197.686038
1 1.703624 2.000000 1.102952 0.199490 0.107022 0.026893 85.000000 0.000000 0.000000 26.000000 1.000000 1.000000 268.923664
1 2.442220 2.000000 1.960185 0.175374 0.088554 0.012539 54.000000 0.000000 3.000000 14.000000 1.000000 1.000000 262.715450
1 1.848718 2.000000 1.640951 0.062262 0.035131 0.006825 49.000000 0.000000 0.000000 21.000000 1.000000 1.000000 176.790671
1 1.315838 2.000000 1.144456 0.051516 0.028934 0.005786 51.000000 0.000000 0.000000 21.000000 1.000000 1.000000 142.571351
1 1.489606 2.000000 1.060056 0.152475 0.084666 0.013332 69.000000 0.000000 6.000000 37.000000 1.000000 1.000000 253.490030
1 2.866645 2.000000 1.679685 0.413124 0.245919 0.059463 105.000000 0.000000 20.000000 34.000000 1.000000 1.000000 213.585759
1 1.778188 2.000000 1.213868 0.195653 0.111617 0.015845 62.000000 0.000000 2.000000 43.000000 1.000000 1.000000 190.892070
1 5.236244 2.000000 2.547653 1.009993 0.581646 0.060701 127.000000 0.000000 34.000000 126.000000 1.000000 1.000000 233.788332
1 2.820503 2.000000 2.362966 0.143119 0.081115 0.026368 50.000000 0.000000 0.000000 16.000000 1.000000 1.000000 145.942244
1 2.981268 2.000000 2.650103 0.093905 0.055860 0.010319 41.000000 0.000000 0.000000 5.000000 1.000000 1.000000 134.555627
1 1.402829 2.000000 1.239994 0.046138 0.028422 0.005230 46.000000 0.000000 0.000000 17.000000 1.000000 1.000000 156.050189
1 1.397878 2.000000 1.072992 0.097610 0.054832 0.020536 76.000000 0.000000 0.000000 25.000000 1.000000 1.000000 236.791484
1 2.134769 2.000000 1.068194 0.400555 0.217714 0.039587 89.000000 0.000000 0.000000 65.000000 1.000000 1.000000 292.578667
1 2.181660 2.000000 1.939893 0.069082 0.043343 0.010328 42.000000 0.000000 0.000000 7.000000 1.000000 1.000000 124.307620
1 1.743154 2.000000 1.538654 0.059617 0.033337 0.008015 57.000000 0.000000 0.000000 14.000000 1.000000 1.000000 159.012286
1 2.315660 2.000000 1.259796 0.430075 0.213983 0.034433 118.000000 0.000000 34.000000 71.000000 1.000000 1.000000 285.836368
1 1.631332 2.000000 1.237338 0.140962 0.080299 0.009954 64.000000 0.000000 10.000000 30.000000 1.000000 1.000000 205.169671
1 1.453038 2.000000 1.281560 0.050210 0.029427 0.005529 41.000000 0.000000 0.000000 9.000000 1.000000 1.000000 125.883124
1 1.550031 2.000000 1.195945 0.122205 0.073591 0.007085 66.000000 0.000000 17.000000 40.000000 1.000000 1.000000 184.669650
1 1.911728 2.000000 1.089169 0.281614 0.177389 0.032975 91.000000 0.000000 8.000000 45.000000 1.000000 1.000000 237.073040
1 1.492873 2.000000 1.119890 0.126183 0.073278 0.011752 64.000000 0.000000 7.000000 37.000000 1.000000 1.000000 202.731801
1 2.273187 2.000000 1.934510 0.106814 0.059406 0.009415 43.000000 0.000000 0.000000 21.000000 1.000000 1.000000 145.163735
1 2.596173 2.000000 2.270799 0.105380 0.063283 0.008043 47.000000 0.000000 0.000000 22.000000 1.000000 1.000000 131.637275
1 2.432254 2.000000 1.887914 0.182880 0.100170 0.022918 85.000000 0.000000 21.000000 17.000000 1.000000 1.000000 258.945971
1 2.114904 2.000000 1.468039 0.226627 0.133002 0.022540 82.000000 0.000000 17.000000 33.000000 1.000000 1.000000 246.511750
1 1.441818 2.000000 1.277810 0.047986 0.025888 0.006402 50.000000 0.000000 0.000000 14.000000 1.000000 1.000000 150.386591
1 2.282527 2.000000 1.100136 0.447762 0.260199 0.030855 79.000000 0.000000 0.000000 31.000000 1.000000 1.000000 211.350952
1 2.161575 2.000000 1.880041 0.084034 0.049338 0.008556 52.000000 0.000000 0.000000 7.000000 1.000000 1.000000 143.290546
1 2.081120 2.000000 1.508406 0.192074 0.110453 0.028767 91.000000 0.000000 5.000000 28.000000 1.000000 1.000000 203.678480
1 1.308996 2.000000 1.107392 0.060073 0.037561 0.005863 55.000000 0.000000 0.000000 10.000000 1.000000 1.000000 182.637795
1 1.188682 2.000000 1.033920 0.046346 0.027952 0.004272 46.000000 0.000000 0.000000 13.000000 1.000000 1.000000 135.825945
1 2.527802 2.000000 1.757679 0.281860 0.157361 0.016336 82.000000 0.000000 15.000000 77.000000 1.000000 1.000000 183.603425
1 1.880507 2.000000 1.731607 0.044311 0.025473 0.005233 43.000000 0.000000 0.000000 12.000000 1.000000 1.000000 130.480708
1 1.373260 2.000000 1.218140 0.043288 0.024685 0.005788 47.000000 0.000000 0.000000 8.000000 1.000000 1.000000 138.376507
1 2.148040 2.000000 1.225414 0.331393 0.206323 0.009846 87.000000 0.000000 0.000000 198.000000 1.000000 1.000000 208.207415
1 2.684024 2.000000 1.609941 0.368619 0.223468 0.040003 132.000000 0.000000 19.000000 93.000000 1.000000 1.000000 278.304638
1 1.223446 2.000000 1.075119 0.044244 0.024573 0.005050 47.000000 0.000000 0.000000 12.000000 1.000000 1.000000 170.097008
1 1.729686 2.000000 1.139252 0.198990 0.114679 0.036343 93.000000 0.000000 6.000000 29.000000 1.000000 1.000000 208.718690
1 1.240257 2.000000 1.088152 0.050173 0.024274 0.004974 48.000000 0.000000 0.000000 76.000000 1.000000 1.000000 157.542093
1 1.541502 2.000000 1.189834 0.104575 0.061649 0.010125 49.000000 0.000000 0.000000 21.000000 1.000000 1.000000 155.015085
1 3.078593 2.000000 2.249728 0.290240 0.178735 0.017284 65.000000 0.000000 17.000000 58.000000 1.000000 1.000000 170.667469
1 2.206186 2.000000 1.933806 0.080619 0.043895 0.009341 49.000000 0.000000 0.000000 6.000000 1.000000 1.000000 158.447635
1 2.062268 2.000000 1.867532 0.063720 0.032556 0.006344 44.000000 0.000000 0.000000 16.000000 1.000000 1.000000 171.975835
1 1.545944 2.000000 1.291799 0.084152 0.045293 0.006514 53.000000 0.000000 0.000000 14.000000 1.000000 1.000000 189.166047
1 1.446620 2.000000 1.252642 0.058474 0.032491 0.006356 51.000000 0.000000 0.000000 10.000000 1.000000 1.000000 165.996711
1 2.011723 2.000000 1.268924 0.261285 0.148294 0.029481 83.000000 0.000000 0.000000 23.000000 1.000000 1.000000 198.731571
1 3.429750 2.000000 1.303429 0.793648 0.472797 0.069792 168.000000 0.000000 43.000000 194.000000 1.000000 1.000000 190.700700
1 2.258074 2.000000 1.102686 0.397078 0.269705 0.032799 113.000000 0.000000 0.000000 265.000000 1.000000 1.000000 167.177293
1 1.260311 2.000000 1.039986 0.071204 0.040280 0.006171 54.000000 0.000000 8.000000 18.000000 1.000000 1.000000 156.990111
1 1.258114 2.000000 1.096302 0.048099 0.028080 0.005316 46.000000 0.000000 0.000000 7.000000 1.000000 1.000000 130.423285
1 1.213708 2.000000 1.075533 0.041872 0.022996 0.004522 43.000000 0.000000 0.000000 12.000000 1.000000 1.000000 132.181477
1 1.546745 2.000000 1.094200 0.148544 0.085126 0.010376 63.000000 0.000000 0.000000 31.000000 1.000000 1.000000 210.880511
1 2.779467 2.000000 1.933696 0.301180 0.172352 0.019174 81.000000 0.000000 23.000000 25.000000 1.000000 1.000000 213.474819
1 1.695678 2.000000 1.497023 0.062534 0.034661 0.005894 46.000000 0.000000 0.000000 21.000000 1.000000 1.000000 135.749212
1 3.053746 2.000000 1.315294 0.640026 0.392312 0.040910 136.000000 0.000000 39.000000 171.000000 1.000000 1.000000 281.763999
1 2.439391 2.000000 1.840466 0.204682 0.119833 0.017003 78.000000 0.000000 15.000000 32.000000 1.000000 1.000000 189.508715
1 2.213337 2.000000 1.668968 0.194580 0.111179 0.035082 59.000000 0.000000 0.000000 60.000000 1.000000 1.000000 207.981455
1 1.755370 2.000000 1.242813 0.165983 0.096416 0.034434 82.000000 0.000000 0.000000 21.000000 1.000000 1.000000 188.334569
1 2.083551 4.000000 1.120840 0.340999 0.178056 0.072703 125.000000 0.000000 0.000000 30.000000 1.000000 1.000000 257.452835
1 2.886025 4.000000 1.920634 0.353471 0.170362 0.059914 116.000000 0.000000 5.000000 33.000000 1.000000 1.000000 254.652077
1 1.638072 4.000000 1.155197 0.181510 0.089976 0.016871 92.000000 0.000000 0.000000 52.000000 1.000000 1.000000 182.343145
1 4.487558 4.000000 1.074568 1.362194 0.749362 0.127217 301.000000 0.000000 116.000000 452.000000 1.000000 1.000000 233.220954
1 2.910920 4.000000 1.897160 0.414448 0.193981 0.047876 125.000000 0.000000 10.000000 205.000000 1.000000 1.000000 345.750879
1 5.264715 4.000000 2.210484 1.175623 0.630552 0.209926 203.000000 0.000000 0.000000 62.000000 1.000000 1.000000 300.104093
1 1.506027 4.000000 1.099194 0.156520 0.072564 0.015641 84.000000 0.000000 1.000000 197.000000 1.000000 1.000000 156.538841
1 1.480459 4.000000 1.100678 0.136683 0.066342 0.016757 84.000000 0.000000 0.000000 125.000000 1.000000 1.000000 191.583833
1 2.561892 4.000000 1.093622 0.571864 0.274805 0.105771 201.000000 0.000000 39.000000 55.000000 1.000000 1.000000 328.834050
1 1.709880 4.000000 1.118392 0.220468 0.115857 0.021846 113.000000 0.000000 5.000000 68.000000 1.000000 1.000000 156.136455
1 3.166462 4.000000 1.882872 0.518224 0.249515 0.041784 150.000000 0.000000 0.000000 291.000000 1.000000 1.000000 254.957876
1 2.737011 4.000000 1.944700 0.276750 0.146302 0.037850 93.000000 0.000000 20.000000 16.000000 1.000000 1.000000 201.818526
1 2.539674 4.000000 2.017984 0.193537 0.097812 0.018974 73.000000 0.000000 0.000000 24.000000 1.000000 1.000000 143.412024
1 3.166462 4.000000 1.882872 0.518224 0.249515 0.041784 150.000000 0.000000 0.000000 291.000000 1.000000 1.000000 254.957876
1 4.507902 4.000000 1.648277 1.168937 0.578263 0.146617 173.000000 0.000000 29.000000 77.000000 1.000000 1.000000 261.124659
1 1.477333 4.000000 1.121847 0.118579 0.060333 0.019289 90.000000 0.000000 13.000000 10.000000 1.000000 1.000000 162.913575
1 1.516860 4.000000 1.087820 0.164030 0.076459 0.020020 87.000000 0.000000 0.000000 162.000000 1.000000 1.000000 211.377517
1 4.507902 4.000000 1.648277 1.168937 0.578263 0.146617 173.000000 0.000000 29.000000 77.000000 1.000000 1.000000 261.124659
1 1.349308 4.000000 1.018725 0.119635 0.061970 0.012055 82.000000 0.000000 0.000000 47.000000 1.000000 1.000000 150.655004
1 1.310248 4.000000 1.023589 0.093404 0.048171 0.016443 90.000000 0.000000 0.000000 10.000000 1.000000 1.000000 179.450643
1 2.095193 4.000000 0.994319 0.435680 0.221497 0.045610 174.000000 0.000000 19.000000 165.000000 1.000000 1.000000 186.477153
1 1.340275 4.000000 0.954808 0.144049 0.066859 0.028792 83.000000 0.000000 0.000000 13.000000 1.000000 1.000000 288.783132
1 4.057610 4.000000 1.062183 1.191162 0.614289 0.182351 347.000000 0.000000 77.000000 276.000000 1.000000 1.000000 248.996446
1 5.264715 4.000000 2.210484 1.175623 0.630552 0.209926 203.000000 0.000000 0.000000 62.000000 1.000000 1.000000 300.104093
1 2.028773 4.000000 1.085739 0.390754 0.179272 0.031508 155.000000 0.000000 35.000000 351.000000 1.000000 1.000000 271.347265
1 1.520298 4.000000 1.104172 0.146014 0.076585 0.016739 97.000000 0.000000 6.000000 47.000000 1.000000 1.000000 184.732187
1 1.335003 4.000000 1.087224 0.081622 0.042596 0.012096 76.000000 0.000000 0.000000 15.000000 1.000000 1.000000 118.944476
1 4.507902 4.000000 1.648277 1.168937 0.578263 0.146617 173.000000 0.000000 29.000000 77.000000 1.000000 1.000000 261.124659
1 1.922036 4.000000 1.079624 0.298265 0.156378 0.061313 159.000000 0.000000 23.000000 48.000000 1.000000 1.000000 190.403420
1 4.507902 4.000000 1.648277 1.168937 0.578263 0.146617 173.000000 0.000000 29.000000 77.000000 1.000000 1.000000 261.124659
1 2.874966 4.000000 1.868162 0.369742 0.181064 0.063887 114.000000 0.000000 16.000000 9.000000 1.000000 1.000000 267.212911
1 2.024563 4.000000 1.582022 0.157800 0.079164 0.019553 93.000000 0.000000 11.000000 35.000000 1.000000 1.000000 182.461514
1 1.710586 4.000000 1.087294 0.232985 0.110353 0.039774 116.000000 0.000000 11.000000 18.000000 1.000000 1.000000 252.825503
1 1.883467 4.000000 1.136441 0.249711 0.130454 0.066415 96.000000 0.000000 0.000000 20.000000 1.000000 1.000000 175.801889
1 3.109142 4.000000 1.853128 0.526046 0.250181 0.038794 113.000000 0.000000 12.000000 372.000000 1.000000 1.000000 166.816901
1 1.370395 4.000000 1.076648 0.102208 0.050758 0.013242 80.000000 0.000000 0.000000 21.000000 1.000000 1.000000 148.660945
1 5.264715 4.000000 2.210484 1.175623 0.630552 0.209926 203.000000 0.000000 0.000000 62.000000 1.000000 1.000000 300.104093
1 2.916038 4.000000 1.576300 0.556714 0.273166 0.043132 116.000000 0.000000 30.000000 103.000000 1.000000 1.000000 185.890697
1 2.301948 4.000000 1.745498 0.218881 0.107791 0.019782 92.000000 0.000000 3.000000 45.000000 1.000000 1.000000 249.121586
1 1.514768 4.000000 1.110814 0.137694 0.068105 0.020225 107.000000 0.000000 0.000000 75.000000 1.000000 1.000000 196.309815
1 2.398076 4.000000 1.063861 0.505192 0.270711 0.072027 240.000000 0.000000 122.000000 88.000000 1.000000 1.000000 269.691366
1 1.304755 4.000000 0.970368 0.114568 0.061138 0.015292 97.000000 0.000000 0.000000 25.000000 1.000000 1.000000 179.204759
1 1.453539 4.000000 0.987883 0.182924 0.094024 0.013083 89.000000 0.000000 58.000000 95.000000 1.000000 1.000000 148.548573
1 1.471205 4.000000 1.027315 0.168501 0.085558 0.017129 96.000000 0.000000 14.000000 35.000000 1.000000 1.000000 175.992125
1 1.650759 4.000000 1.033112 0.231183 0.116200 0.035749 112.000000 0.000000 0.000000 49.000000 1.000000 1.000000 234.278623
1 2.320950 4.000000 1.331031 0.370170 0.182686 0.047451 102.000000 0.000000 0.000000 75.000000 1.000000 1.000000 205.600377
1 5.264715 4.000000 2.210484 1.175623 0.630552 0.209926 203.000000 0.000000 0.000000 62.000000 1.000000 1.000000 300.104093
1 2.136225 4.000000 1.571025 0.201456 0.099720 0.026482 111.000000 0.000000 16.000000 37.000000 1.000000 1.000000 204.718004
1 2.121811 4.000000 1.108538 0.392413 0.191170 0.057091 164.000000 0.000000 12.000000 28.000000 1.000000 1.000000 362.095636
1 1.473727 4.000000 1.090787 0.132126 0.067528 0.016138 94.000000 0.000000 6.000000 44.000000 1.000000 1.000000 169.900270
1 3.548117 4.000000 1.121499 1.086193 0.403755 0.149417 276.000000 0.000000 59.000000 6344.000000 1.000000 1.000000 244.259656
1 1.631388 4.000000 1.085412 0.193916 0.104922 0.024698 104.000000 0.000000 41.000000 38.000000 1.000000 1.000000 183.575957
1 6.837825 4.000000 1.106753 2.185524 1.138333 0.419034 586.000000 0.000000 112.000000 385.000000 1.000000 1.000000 167.178548
1 2.728320 4.000000 1.889028 0.315760 0.157295 0.043434 90.000000 0.000000 10.000000 89.000000 1.000000 1.000000 163.690550
1 2.944066 4.000000 1.119806 0.697733 0.368753 0.129090 214.000000 0.000000 66.000000 136.000000 1.000000 1.000000 254.441218
1 2.325576 4.000000 1.125002 0.441165 0.227383 0.101483 187.000000 0.000000 17.000000 80.000000 1.000000 1.000000 298.532207
1 1.833979 4.000000 1.102103 0.275114 0.143437 0.029207 135.000000 0.000000 5.000000 118.000000 1.000000 1.000000 175.289337
1 1.971727 4.000000 1.148500 0.302321 0.154960 0.051668 138.000000 0.000000 10.000000 40.000000 1.000000 1.000000 257.622231
1 1.500674 4.000000 1.146197 0.121527 0.061773 0.020026 83.000000 0.000000 0.000000 26.000000 1.000000 1.000000 133.690423
1 3.643494 4.000000 1.105598 1.003790 0.501245 0.141384 296.000000 0.000000 24.000000 104.000000 1.000000 1.000000 284.666175
1 3.121477 6.000000 1.066026 0.762969 0.408509 0.157350 342.000000 0.000000 77.000000 48.000000 1.000000 1.000000 350.834266
1 1.939254 6.000000 1.026585 0.348733 0.183727 0.051908 162.000000 0.000000 7.000000 30.000000 1.000000 1.000000 325.598982
1 7.867869 6.000000 2.052013 2.307948 1.254331 0.350605 380.000000 0.000000 258.000000 151.000000 1.000000 1.000000 370.078587
1 4.210827 6.000000 1.098303 1.250064 0.719204 0.111673 341.000000 0.000000 150.000000 399.000000 1.000000 1.000000 218.185934
1 3.743939 6.000000 0.970290 1.106349 0.597612 0.158728 355.000000 0.000000 102.000000 357.000000 1.000000 1.000000 317.479399
1 2.457841 6.000000 1.035211 0.510545 0.284635 0.118675 235.000000 0.000000 91.000000 86.000000 1.000000 1.000000 221.917311
1 5.926410 6.000000 1.026356 1.741942 0.997426 0.507584 400.000000 0.000000 65.000000 149.000000 1.000000 1.000000 439.733246
1 3.537574 6.000000 1.887922 0.569346 0.329035 0.144698 201.000000 0.000000 23.000000 83.000000 1.000000 1.000000 207.470007
1 2.470794 6.000000 1.169137 0.473051 0.263980 0.079266 235.000000 0.000000 46.000000 105.000000 1.000000 1.000000 240.550401
1 5.204608 6.000000 1.024045 1.613625 0.892333 0.271876 335.000000 0.000000 351.000000 86.000000 1.000000 1.000000 221.372832
1 3.175856 6.000000 1.223056 0.722421 0.386858 0.170327 287.000000 0.000000 39.000000 174.000000 1.000000 1.000000 308.784292
1 4.300954 6.000000 1.387285 1.104679 0.591150 0.181472 291.000000 0.000000 99.000000 121.000000 1.000000 1.000000 236.109480
1 2.170151 6.000000 1.118902 0.381906 0.203661 0.090942 188.000000 0.000000 25.000000 40.000000 1.000000 1.000000 270.073530
1 8.551677 6.000000 1.096632 3.323842 1.798155 0.179864 335.000000 0.000000 27.000000 1522.000000 1.000000 1.000000 242.833415
1 11.102910 6.000000 1.154922 4.078685 1.992887 0.615862 963.000000 0.000000 228.000000 291.000000 1.000000 1.000000 923.190746
1 2.878944 6.000000 1.020463 0.711779 0.369524 0.121170 270.000000 0.000000 83.000000 113.000000 1.000000 1.000000 317.199557
1 4.485022 6.000000 1.125113 1.381604 0.723836 0.178401 354.000000 0.000000 80.000000 340.000000 1.000000 1.000000 273.341554
1 1.600107 6.000000 1.081264 0.164879 0.091889 0.045204 131.000000 0.000000 4.000000 14.000000 1.000000 1.000000 165.205356
1 2.869771 6.000000 1.031066 0.624976 0.337874 0.197661 310.000000 0.000000 8.000000 133.000000 1.000000 1.000000 274.816295
1 3.502498 6.000000 1.093894 0.942244 0.511161 0.099668 219.000000 0.000000 52.000000 150.000000 1.000000 1.000000 282.513717
1 7.789251 6.000000 2.174530 2.022249 1.167667 0.398823 623.000000 0.000000 281.000000 212.000000 1.000000 1.000000 375.975060
1 2.831836 6.000000 1.076461 0.594342 0.332951 0.198549 265.000000 0.000000 114.000000 118.000000 1.000000 1.000000 230.750355
1 3.153278 6.000000 1.045888 0.806743 0.451095 0.117457 286.000000 0.000000 128.000000 136.000000 1.000000 1.000000 275.082614
1 3.049369 6.000000 1.122297 0.647711 0.347930 0.217531 305.000000 0.000000 31.000000 89.000000 1.000000 1.000000 222.931890
1 3.687646 6.000000 1.336334 0.835779 0.479679 0.230375 167.000000 0.000000 33.000000 44.000000 1.000000 1.000000 169.445269
1 9.962596 6.000000 2.090050 2.684426 1.553460 0.988063 793.000000 0.000000 131.000000 403.000000 1.000000 1.000000 416.874879
1 16.145592 6.000000 0.982500 5.986350 2.728627 0.043840 175.000000 0.000000 39.000000 5446.000000 1.000000 1.000000 252.261299
1 2.581943 6.000000 1.111945 0.567331 0.309715 0.074940 202.000000 0.000000 69.000000 97.000000 1.000000 1.000000 191.579586
1 2.368590 6.000000 1.016186 0.523529 0.280478 0.070234 231.000000 0.000000 42.000000 96.000000 1.000000 1.000000 276.873377
1 4.227488 6.000000 1.070567 1.200616 0.674449 0.173426 375.000000 0.000000 233.000000 210.000000 1.000000 1.000000 342.984429
1 2.283454 6.000000 1.119960 0.411515 0.223816 0.103534 179.000000 0.000000 29.000000 36.000000 1.000000 1.000000 268.049529
1 3.746950 6.000000 1.117708 0.894768 0.497531 0.337126 418.000000 0.000000 57.000000 106.000000 1.000000 1.000000 399.260302
1 2.946740 6.000000 1.109005 0.657533 0.376305 0.162059 260.000000 0.000000 130.000000 104.000000 1.000000 1.000000 221.506345
1 2.814359 6.000000 1.105113 0.643748 0.346631 0.103348 255.000000 0.000000 79.000000 96.000000 1.000000 1.000000 338.148707
1 3.118125 6.000000 1.593550 0.517133 0.295465 0.118701 244.000000 0.000000 76.000000 82.000000 1.000000 1.000000 212.917267
1 3.068089 6.000000 1.138791 0.759788 0.404403 0.089071 249.000000 0.000000 102.000000 139.000000 1.000000 1.000000 267.530722
1 2.911407 6.000000 1.083194 0.692470 0.385649 0.116404 243.000000 0.000000 59.000000 229.000000 1.000000 1.000000 246.689570
1 4.407129 6.000000 1.133180 1.128556 0.623346 0.444679 422.000000 0.000000 37.000000 114.000000 1.000000 1.000000 429.658421
1 2.360586 6.000000 1.085779 0.446706 0.239160 0.142605 207.000000 0.000000 12.000000 83.000000 1.000000 1.000000 268.343319
1 4.899909 6.000000 1.510419 1.213378 0.681204 0.384069 282.000000 0.000000 67.000000 123.000000 1.000000 1.000000 266.093766
1 2.706645 6.000000 1.213888 0.562234 0.294837 0.114708 218.000000 0.000000 44.000000 169.000000 1.000000 1.000000 288.205431
1 4.199841 6.000000 1.448078 0.969220 0.504094 0.311341 267.000000 0.000000 75.000000 50.000000 1.000000 1.000000 289.880260
1 2.899537 6.000000 1.838304 0.356531 0.202787 0.080875 191.000000 0.000000 14.000000 71.000000 1.000000 1.000000 213.989311
1 3.537790 6.000000 1.045411 0.967025 0.508296 0.174756 228.000000 0.000000 18.000000 136.000000 1.000000 1.000000 348.549247
1 2.767991 6.000000 1.811320 0.324772 0.182249 0.079023 181.000000 0.000000 6.000000 47.000000 1.000000 1.000000 253.073099
1 3.059897 6.000000 1.212682 0.675276 0.360850 0.131159 303.000000 0.000000 128.000000 143.000000 1.000000 1.000000 228.952379
1 1.665108 6.000000 0.984509 0.248271 0.129914 0.038211 143.000000 0.000000 22.000000 28.000000 1.000000 1.000000 216.446519
1 3.832774 6.000000 1.031535 1.041750 0.578320 0.205981 422.000000 0.000000 184.000000 198.000000 1.000000 1.000000 271.827214
1 5.021229 6.000000 1.085198 1.497181 0.845503 0.198394 356.000000 0.000000 20.000000 192.000000 1.000000 1.000000 420.373509
1 4.889970 6.000000 2.040126 1.098967 0.587924 0.173208 254.000000 0.000000 57.000000 122.000000 1.000000 1.000000 288.194757
1 7.760902 6.000000 1.276676 2.634917 1.341249 0.364463 577.000000 0.000000 274.000000 371.000000 1.000000 1.000000 476.699804
1 2.051742 6.000000 1.205202 0.284192 0.158894 0.064367 161.000000 0.000000 23.000000 35.000000 1.000000 1.000000 197.017942
1 2.659579 6.000000 1.245993 0.499034 0.293702 0.112965 205.000000 0.000000 35.000000 48.000000 1.000000 1.000000 279.394975
1 1.924730 6.000000 1.219116 0.248451 0.132746 0.049477 127.000000 0.000000 2.000000 35.000000 1.000000 1.000000 242.155546
1 2.816141 6.000000 1.267533 0.544940 0.285780 0.139605 239.000000 0.000000 35.000000 44.000000 1.000000 1.000000 304.397863
1 4.586740 6.000000 1.251764 1.291204 0.708496 0.184746 375.000000 0.000000 67.000000 232.000000 1.000000 1.000000 353.726452
1 2.114075 6.000000 1.200133 0.353363 0.179362 0.066194 176.000000 0.000000 17.000000 68.000000 1.000000 1.000000 276.129195
1 2.936364 6.000000 1.053931 0.697492 0.382865 0.126621 297.000000 0.000000 131.000000 145.000000 1.000000 1.000000 269.602959
1 7.167999 6.000000 1.120445 2.381907 1.286760 0.309186 623.000000 0.000000 190.000000 864.000000 1.000000 1.000000 221.770944
1 2.819040 6.000000 1.040375 0.636990 0.354881 0.174073 243.000000 0.000000 68.000000 91.000000 1.000000 1.000000 249.297178
1 8.792058 8.000000 1.132077 2.747588 1.577280 0.948582 800.000000 0.000000 287.000000 445.000000 1.000000 1.000000 409.516547
1 5.339596 8.000000 1.093091 1.509549 0.887611 0.457932 580.000000 0.000000 239.000000 191.000000 1.000000 1.000000 375.969275
1 4.608398 8.000000 1.041061 1.289271 0.739349 0.320456 535.000000 0.000000 248.000000 194.000000 1.000000 1.000000 281.831859
1 2.484426 8.000000 1.007163 0.538321 0.302779 0.117656 248.000000 0.000000 29.000000 105.000000 1.000000 1.000000 268.098476
1 7.911344 8.000000 1.057462 2.590531 1.466671 0.516678 644.000000 0.000000 207.000000 227.000000 1.000000 1.000000 329.746445
1 7.224541 8.000000 1.229601 2.276481 1.297764 0.550653 608.000000 0.000000 330.000000 293.000000 1.000000 1.000000 297.250986
1 6.451756 8.000000 1.459066 1.828752 1.042822 0.477639 577.000000 0.000000 369.000000 192.000000 1.000000 1.000000 253.006351
1 3.619601 8.000000 1.888101 0.655780 0.370343 0.097565 216.000000 0.000000 44.000000 102.000000 1.000000 1.000000 219.170464
1 6.812429 8.000000 1.183330 2.276342 1.275954 0.323745 547.000000 0.000000 141.000000 610.000000 1.000000 1.000000 331.318168
1 3.427169 8.000000 1.103252 0.863534 0.494693 0.184790 304.000000 0.000000 59.000000 145.000000 1.000000 1.000000 270.680595
1 7.296937 8.000000 2.380218 1.819964 1.039866 0.444994 381.000000 0.000000 82.000000 74.000000 1.000000 1.000000 485.586745
1 25.328201 8.000000 1.440094 8.709705 4.691237 3.852914 1698.000000 0.000000 1170.000000 1317.000000 1.000000 1.000000 472.481756
1 5.902429 8.000000 1.083686 1.789357 1.011777 0.458224 492.000000 0.000000 65.000000 281.000000 1.000000 1.000000 420.926703
1 5.150243 8.000000 1.448419 1.432538 0.791333 0.324034 441.000000 0.000000 183.000000 264.000000 1.000000 1.000000 277.908225
1 3.913722 8.000000 1.060005 1.089511 0.607376 0.224173 398.000000 0.000000 104.000000 259.000000 1.000000 1.000000 421.028331
1 21.704161 8.000000 1.082554 7.167405 4.048691 2.798473 1812.000000 0.000000 961.000000 593.000000 1.000000 1.000000 313.013224
1 4.188048 8.000000 1.019970 1.270880 0.714914 0.149952 294.000000 0.000000 67.000000 120.000000 1.000000 1.000000 339.743750
1 7.380190 8.000000 1.663714 1.833303 1.104783 1.053528 758.000000 0.000000 230.000000 340.000000 1.000000 1.000000 273.956517
1 8.716054 8.000000 1.031660 2.603448 1.480184 1.282692 784.000000 0.000000 265.000000 259.000000 1.000000 1.000000 483.070622
1 5.666831 8.000000 1.998937 1.437763 0.766186 0.303666 280.000000 0.000000 21.000000 162.000000 1.000000 1.000000 333.984160
1 3.432027 8.000000 1.260485 0.804656 0.445248 0.188635 265.000000 0.000000 41.000000 82.000000 1.000000 1.000000 323.267254
1 5.623602 8.000000 1.061276 1.702679 0.937394 0.501998 599.000000 0.000000 316.000000 163.000000 1.000000 1.000000 403.005851
1 5.254825 8.000000 1.179780 1.445838 0.822089 0.486531 546.000000 0.000000 152.000000 185.000000 1.000000 1.000000 321.721546
1 6.506051 8.000000 1.106370 2.038429 1.129101 0.468425 665.000000 0.000000 512.000000 214.000000 1.000000 1.000000 314.009871
1 19.911193 8.000000 1.111868 7.190168 4.248045 1.414458 1618.000000 0.000000 956.000000 1246.000000 1.000000 1.000000 316.145248
1 3.871517 8.000000 0.951266 1.095641 0.620147 0.222824 367.000000 0.000000 124.000000 155.000000 1.000000 1.000000 309.019680
1 4.285053 8.000000 1.385637 1.104181 0.615229 0.208202 320.000000 0.000000 125.000000 157.000000 1.000000 1.000000 249.033981
1 8.069789 8.000000 1.302404 2.642333 1.443321 0.485549 670.000000 0.000000 336.000000 304.000000 1.000000 1.000000 384.234842
1 8.706793 8.000000 1.328171 2.781750 1.541505 0.759431 577.000000 0.000000 221.000000 319.000000 1.000000 1.000000 329.347674
1 4.155846 8.000000 1.304420 0.994042 0.546999 0.343413 337.000000 0.000000 83.000000 106.000000 1.000000 1.000000 281.977333
1 5.592023 8.000000 1.152147 1.722003 0.930124 0.279618 473.000000 0.000000 79.000000 222.000000 1.000000 1.000000 374.426246
1 6.681166 8.000000 2.308783 1.562396 0.903780 0.534178 364.000000 0.000000 77.000000 190.000000 1.000000 1.000000 309.409444
1 7.847238 8.000000 1.040296 2.480306 1.371571 0.742363 707.000000 0.000000 238.000000 339.000000 1.000000 1.000000 313.732419
1 7.636891 8.000000 1.065179 2.549611 1.416124 0.382526 625.000000 0.000000 277.000000 296.000000 1.000000 1.000000 391.858311
1 8.158019 8.000000 1.088790 2.526987 1.483238 0.721443 776.000000 0.000000 317.000000 308.000000 1.000000 1.000000 338.932305
1 9.054822 8.000000 1.784208 2.465091 1.408033 0.869483 820.000000 0.000000 104.000000 265.000000 1.000000 1.000000 450.810181
1 3.649797 8.000000 1.287024 0.933134 0.515452 0.163338 276.000000 0.000000 59.000000 181.000000 1.000000 1.000000 281.483768
1 4.148663 8.000000 0.979751 1.249123 0.688474 0.209339 403.000000 0.000000 199.000000 214.000000 1.000000 1.000000 273.368807
1 3.642192 8.000000 1.098450 0.950937 0.545310 0.217439 341.000000 0.000000 68.000000 161.000000 1.000000 1.000000 334.710799
1 4.966002 8.000000 1.524556 1.280987 0.702017 0.256621 324.000000 0.000000 91.000000 98.000000 1.000000 1.000000 305.016307
1 5.499932 8.000000 1.623404 1.438220 0.809002 0.400118 485.000000 0.000000 170.000000 167.000000 1.000000 1.000000 335.080576
1 3.565666 8.000000 1.054862 0.944408 0.505121 0.284785 304.000000 0.000000 46.000000 74.000000 1.000000 1.000000 427.219029
1 8.180376 8.000000 1.150453 2.680064 1.551129 0.611892 528.000000 0.000000 252.000000 244.000000 1.000000 1.000000 306.258909
1 19.106896 8.000000 1.926271 6.004308 3.573152 2.009070 1897.000000 0.000000 1100.000000 913.000000 1.000000 1.000000 362.000894
1 3.058581 8.000000 1.046671 0.746139 0.429679 0.167402 301.000000 0.000000 132.000000 67.000000 1.000000 1.000000 278.365281
1 3.226551 8.000000 1.087119 0.794908 0.437699 0.196964 325.000000 0.000000 98.000000 66.000000 1.000000 1.000000 338.988191
1 4.224102 8.000000 1.039566 1.173902 0.672660 0.271611 300.000000 0.000000 63.000000 139.000000 1.000000 1.000000 274.931291
1 17.252913 8.000000 1.741831 6.408911 3.539046 1.057326 903.000000 0.000000 443.000000 524.000000 1.000000 1.000000 450.599778
1 3.401521 8.000000 0.955415 0.876442 0.505489 0.272227 339.000000 0.000000 82.000000 115.000000 1.000000 1.000000 262.644394
1 3.448330 8.000000 1.076161 0.910060 0.510898 0.135054 322.000000 0.000000 75.000000 119.000000 1.000000 1.000000 383.128559
1 6.355852 8.000000 1.254215 1.896220 1.090791 0.431125 484.000000 0.000000 189.000000 188.000000 1.000000 1.000000 309.075468
1 7.092324 8.000000 1.098918 2.131766 1.273125 0.649710 956.000000 0.000000 516.000000 313.000000 1.000000 1.000000 298.680550
1 9.305785 8.000000 1.017099 3.247343 1.802672 0.589925 770.000000 0.000000 252.000000 383.000000 1.000000 1.000000 379.342356
1 14.752169 8.000000 1.725016 5.055904 2.752675 0.935047 1327.000000 0.000000 1046.000000 320.000000 1.000000 1.000000 453.714235
1 2.952911 8.000000 0.996990 0.699940 0.402357 0.188131 296.000000 0.000000 89.000000 75.000000 1.000000 1.000000 244.260193
1 3.294500 8.000000 1.652777 0.427769 0.246997 0.410177 259.000000 0.000000 25.000000 38.000000 1.000000 1.000000 262.354293
1 10.238697 8.000000 1.116765 3.352551 1.858848 1.128876 755.000000 0.000000 627.000000 359.000000 1.000000 1.000000 344.515666
1 7.366958 8.000000 1.129117 2.258970 1.266096 0.776233 576.000000 0.000000 225.000000 238.000000 1.000000 1.000000 328.328477
1 4.250232 8.000000 1.049973 1.161961 0.687523 0.280134 340.000000 0.000000 84.000000 139.000000 1.000000 1.000000 253.771886
1 5.902997 8.000000 1.864710 1.532620 0.856700 0.364063 431.000000 0.000000 185.000000 211.000000 1.000000 1.000000 340.259180
1 9.403461 10.000000 1.012900 2.812824 1.623236 1.461225 904.000000 0.000000 353.000000 344.000000 1.000000 1.000000 360.414500
1 18.905476 10.000000 2.292624 5.868371 3.469406 2.515007 1406.000000 0.000000 451.000000 731.000000 1.000000 1.000000 391.121271
1 9.771284 10.000000 1.104525 3.342274 1.948417 0.767857 906.000000 0.000000 610.000000 524.000000 1.000000 1.000000 356.018326
1 16.089320 10.000000 1.033105 5.543140 3.344410 1.676146 1294.000000 0.000000 810.000000 519.000000 1.000000 1.000000 419.540956
1 18.398255 10.000000 1.378231 5.525674 3.258190 2.847129 1794.000000 0.000000 740.000000 746.000000 1.000000 1.000000 492.378284
1 12.869573 10.000000 1.105082 4.047291 2.456064 1.588159 1137.000000 0.000000 576.000000 440.000000 1.000000 1.000000 484.216302
1 15.597936 10.000000 1.037242 5.631223 3.219355 1.365593 1121.000000 0.000000 831.000000 647.000000 1.000000 1.000000 364.267902
1 12.551272 10.000000 1.081917 4.086655 2.433616 1.280916 1156.000000 0.000000 686.000000 469.000000 1.000000 1.000000 325.841877
1 19.814504 10.000000 2.819025 5.961280 3.449685 2.059914 1906.000000 0.000000 909.000000 456.000000 1.000000 1.000000 582.464025
1 9.916365 10.000000 1.040223 3.091983 1.829107 1.266094 839.000000 0.000000 238.000000 349.000000 1.000000 1.000000 361.474093
1 26.706847 10.000000 1.847071 8.230696 5.188294 3.950641 2302.000000 0.000000 1805.000000 684.000000 1.000000 1.000000 329.484783
1 20.647613 10.000000 1.041026 6.696684 3.914837 2.998661 2043.000000 0.000000 964.000000 1061.000000 1.000000 1.000000 469.102138
1 17.128046 10.000000 1.060392 5.593430 3.417377 2.223814 1409.000000 0.000000 633.000000 552.000000 1.000000 1.000000 362.224983
1 7.957261 10.000000 1.110207 2.497216 1.481150 0.777562 632.000000 0.000000 148.000000 262.000000 1.000000 1.000000 318.449137
1 25.456131 10.000000 1.101328 7.845705 4.827131 4.757024 2111.000000 0.000000 792.000000 832.000000 1.000000 1.000000 634.119560
1 17.875139 10.000000 1.090349 5.960986 3.493864 2.626840 1413.000000 0.000000 503.000000 997.000000 1.000000 1.000000 419.618906
1 45.855951 10.000000 0.996132 15.453276 8.797037 6.583921 3888.000000 0.000000 2107.000000 1960.000000 1.000000 1.000000 566.467327
1 8.512327 10.000000 1.077957 2.761893 1.633645 0.740817 915.000000 0.000000 532.000000 403.000000 1.000000 1.000000 325.452394
1 18.660380 10.000000 1.102220 6.540789 4.032418 1.538323 1450.000000 0.000000 1155.000000 898.000000 1.000000 1.000000 365.496158
1 7.984305 10.000000 1.688329 2.182455 1.245687 0.903506 596.000000 0.000000 179.000000 463.000000 1.000000 1.000000 417.655588
1 17.857177 10.000000 1.010465 4.825798 3.046086 4.184501 2013.000000 0.000000 415.000000 427.000000 1.000000 1.000000 341.591434
1 6.327931 10.000000 1.089398 1.881321 1.109716 0.545020 486.000000 0.000000 146.000000 101.000000 1.000000 1.000000 361.532979
1 9.148967 10.000000 1.178598 2.860623 1.665047 1.116314 774.000000 0.000000 186.000000 344.000000 1.000000 1.000000 427.962039
1 12.557468 10.000000 1.526937 3.497424 2.203299 1.637120 1222.000000 0.000000 496.000000 429.000000 1.000000 1.000000 357.939176
1 7.610597 10.000000 1.064676 2.297184 1.337893 0.927651 629.000000 0.000000 164.000000 142.000000 1.000000 1.000000 556.388392
1 9.850391 10.000000 2.329967 2.570299 1.541485 1.092205 728.000000 0.000000 300.000000 161.000000 1.000000 1.000000 343.506500
1 10.739056 10.000000 1.112773 3.507626 2.002582 1.026417 1077.000000 0.000000 282.000000 238.000000 1.000000 1.000000 564.223824
1 5.866850 10.000000 1.551764 1.425236 0.848285 0.604023 530.000000 0.000000 122.000000 278.000000 1.000000 1.000000 256.159650
1 8.509523 10.000000 1.103036 2.695945 1.531704 0.921777 654.000000 0.000000 329.000000 194.000000 1.000000 1.000000 275.173497
1 10.374556 10.000000 1.503962 2.907652 1.783083 1.179664 945.000000 0.000000 342.000000 343.000000 1.000000 1.000000 369.594260
1 14.234075 10.000000 1.082664 4.690429 2.563947 2.162250 1401.000000 0.000000 325.000000 507.000000 1.000000 1.000000 788.111450
1 10.530679 10.000000 1.215389 3.389143 1.988764 1.150899 660.000000 0.000000 493.000000 243.000000 1.000000 1.000000 299.357255
1 14.074397 10.000000 1.092219 4.472190 2.650924 1.937155 1248.000000 0.000000 580.000000 442.000000 1.000000 1.000000 365.157288
1 11.166271 10.000000 1.183822 3.565201 2.141455 1.113154 1024.000000 0.000000 794.000000 256.000000 1.000000 1.000000 288.899776
1 8.798358 10.000000 1.060631 2.816662 1.683242 0.840457 907.000000 0.000000 255.000000 484.000000 1.000000 1.000000 380.422307
1 9.575241 10.000000 1.527714 2.719812 1.530729 1.177316 952.000000 0.000000 328.000000 283.000000 1.000000 1.000000 425.444951
1 21.904490 10.000000 1.052264 6.745956 4.045930 4.148439 1705.000000 0.000000 986.000000 808.000000 1.000000 1.000000 485.693148
1 27.617015 10.000000 1.892360 10.517617 5.073555 2.487440 1978.000000 0.000000 1850.000000 9083.000000 1.000000 1.000000 346.620026
1 73.034069 10.000000 1.128028 18.764509 10.598739 25.640087 4857.000000 0.000000 3358.000000 2036.000000 1.000000 1.000000 788.775801
1 15.138061 10.000000 1.043400 4.865378 2.906176 1.901632 1535.000000 0.000000 639.000000 691.000000 1.000000 1.000000 355.009370
1 23.990246 10.000000 1.071508 8.557632 4.855016 2.168890 2430.000000 0.000000 974.000000 868.000000 1.000000 1.000000 561.928889
1 12.428361 10.000000 1.052812 3.831853 2.313695 1.799051 925.000000 0.000000 331.000000 328.000000 1.000000 1.000000 398.484414
1 15.685838 10.000000 1.113054 4.928347 2.891179 2.163081 1765.000000 0.000000 446.000000 446.000000 1.000000 1.000000 535.742536
1 36.533220 10.000000 1.086208 12.288763 7.207881 5.114587 3049.000000 0.000000 1593.000000 1399.000000 1.000000 1.000000 742.716782
1 17.080166 10.000000 1.879061 5.106506 3.080213 2.436565 1370.000000 0.000000 470.000000 727.000000 1.000000 1.000000 373.435535
1 19.233633 10.000000 0.998328 6.612896 4.059087 1.951746 1796.000000 0.000000 1140.000000 1120.000000 1.000000 1.000000 410.937056
1 11.942425 10.000000 1.078924 3.783712 2.335187 1.346830 866.000000 0.000000 286.000000 425.000000 1.000000 1.000000 421.184024
1 8.158703 10.000000 1.089557 2.538072 1.486486 0.850355 1012.000000 0.000000 358.000000 357.000000 1.000000 1.000000 424.851396
1 12.403686 10.000000 1.145387 3.783349 2.211586 2.012710 934.000000 0.000000 253.000000 344.000000 1.000000 1.000000 381.040898
1 5.182117 10.000000 0.987817 1.518681 0.895524 0.418430 603.000000 0.000000 354.000000 188.000000 1.000000 1.000000 308.932093
1 5.042697 10.000000 1.106563 1.235980 0.728640 0.851397 558.000000 0.000000 125.000000 154.000000 1.000000 1.000000 374.288847
1 19.561354 10.000000 1.474782 6.124554 3.713745 2.484390 1437.000000 0.000000 1101.000000 694.000000 1.000000 1.000000 396.216810
1 9.335282 10.000000 1.055670 2.937379 1.735536 0.921033 855.000000 0.000000 423.000000 194.000000 1.000000 1.000000 375.577924
1 8.374511 10.000000 1.996018 2.383559 1.410047 0.601948 591.000000 0.000000 224.000000 245.000000 1.000000 1.000000 366.491982
1 24.361238 10.000000 1.045238 8.509672 4.858400 2.803647 2162.000000 0.000000 542.000000 1039.000000 1.000000 1.000000 536.298984
1 11.983828 10.000000 1.581135 3.529104 2.155711 1.436071 973.000000 0.000000 427.000000 493.000000 1.000000 1.000000 318.145839
1 24.358369 10.000000 1.032791 8.111934 4.666597 3.588553 2291.000000 0.000000 922.000000 952.000000 1.000000 1.000000 625.437184
1 8.848094 10.000000 1.008544 2.734630 1.634704 0.965886 884.000000 0.000000 361.000000 215.000000 1.000000 1.000000 502.530628
1 17.826808 10.000000 1.080383 5.335350 3.109964 3.992501 1393.000000 0.000000 628.000000 520.000000 1.000000 1.000000 546.302715
1 16.953668 10.000000 0.946944 5.841055 3.474391 1.723249 1794.000000 0.000000 549.000000 384.000000 1.000000 1.000000 612.658760
