1 0.977009 1.000000 0.931280 0.018025 0.011054 0.000081 30.000000 2.000000 0.000000 9.000000 0.000000 1.000000 147.926706
1 1.873181 1.000000 1.779221 0.036137 0.023308 0.000127 27.000000 2.000000 0.000000 13.000000 0.000000 1.000000 158.165101
1 1.884068 1.000000 1.798685 0.035564 0.021051 0.000119 28.000000 2.000000 0.000000 8.000000 0.000000 1.000000 135.830678
1 1.197098 1.000000 1.140707 0.023359 0.013697 0.000069 24.000000 2.000000 0.000000 16.000000 0.000000 1.000000 131.722037
1 1.094048 1.000000 1.025995 0.027578 0.016805 0.000076 25.000000 2.000000 0.000000 9.000000 0.000000 1.000000 154.634497
1 1.147877 1.000000 1.098101 0.020005 0.012259 0.000069 23.000000 2.000000 0.000000 3.000000 0.000000 1.000000 135.198269
1 1.287985 1.000000 1.238725 0.019995 0.012103 0.000103 27.000000 2.000000 0.000000 5.000000 0.000000 1.000000 161.398170
1 1.831868 1.000000 1.770890 0.023793 0.014602 0.000104 24.000000 2.000000 0.000000 4.000000 0.000000 1.000000 130.292455
1 1.756570 1.000000 1.695261 0.023598 0.015361 0.000072 25.000000 2.000000 0.000000 8.000000 0.000000 1.000000 145.801093
1 1.068350 1.000000 1.009903 0.023498 0.014663 0.000055 25.000000 2.000000 0.000000 6.000000 0.000000 1.000000 133.089523
1 1.060740 1.000000 1.015557 0.017696 0.011141 0.000061 28.000000 2.000000 0.000000 2.000000 0.000000 1.000000 177.075552
1 1.102837 1.000000 1.022099 0.030261 0.020671 0.000085 36.000000 2.000000 0.000000 11.000000 0.000000 1.000000 125.478748
1 0.975346 1.000000 0.938001 0.015035 0.008916 0.000047 20.000000 2.000000 0.000000 5.000000 0.000000 1.000000 120.900201
1 1.035214 1.000000 1.006036 0.011640 0.006999 0.000044 23.000000 2.000000 0.000000 3.000000 0.000000 1.000000 119.108109
1 1.033906 1.000000 0.994578 0.015773 0.009506 0.000048 22.000000 2.000000 0.000000 3.000000 0.000000 1.000000 126.026026
1 1.030345 1.000000 0.978118 0.021225 0.012750 0.000067 32.000000 2.000000 0.000000 5.000000 0.000000 1.000000 150.455882
1 1.039849 1.000000 0.993751 0.018537 0.011132 0.000056 24.000000 2.000000 0.000000 4.000000 0.000000 1.000000 154.894781
1 1.078144 1.000000 1.027751 0.020869 0.012364 0.000072 26.000000 2.000000 0.000000 5.000000 0.000000 1.000000 167.115096
1 1.101634 1.000000 1.034803 0.026837 0.016717 0.000056 25.000000 2.000000 0.000000 16.000000 0.000000 1.000000 136.379127
1 1.114850 1.000000 1.036005 0.030700 0.019312 0.000113 23.000000 2.000000 0.000000 4.000000 0.000000 1.000000 125.168808
1 2.297055 1.000000 2.119926 0.071896 0.043389 0.000154 35.000000 2.000000 0.000000 12.000000 0.000000 1.000000 221.204830
1 2.083683 1.000000 2.025452 0.024988 0.013712 0.000080 24.000000 2.000000 0.000000 4.000000 0.000000 1.000000 146.486319
1 1.994078 1.000000 1.825233 0.071857 0.040567 0.000072 24.000000 2.000000 0.000000 30.000000 0.000000 1.000000 128.266295
1 1.698303 1.000000 1.659856 0.015713 0.009433 0.000052 25.000000 2.000000 0.000000 5.000000 0.000000 1.000000 119.675122
1 1.061790 1.000000 1.019509 0.016062 0.010482 0.000063 23.000000 2.000000 0.000000 9.000000 0.000000 1.000000 125.572065
1 1.073674 1.000000 1.034485 0.016173 0.009616 0.000055 25.000000 2.000000 0.000000 9.000000 0.000000 1.000000 136.455665
1 1.044779 1.000000 1.001099 0.018075 0.010546 0.000048 24.000000 2.000000 0.000000 7.000000 0.000000 1.000000 151.832983
1 1.614206 1.000000 1.475878 0.054775 0.034395 0.000105 27.000000 2.000000 0.000000 9.000000 0.000000 1.000000 146.384185
1 1.865348 1.000000 1.796281 0.029085 0.016314 0.000081 21.000000 2.000000 0.000000 4.000000 0.000000 1.000000 124.103475
1 1.481993 1.000000 1.390025 0.039334 0.022377 0.000061 30.000000 2.000000 0.000000 32.000000 0.000000 1.000000 192.068037
1 1.061295 1.000000 1.017245 0.017679 0.011242 0.000064 29.000000 2.000000 0.000000 20.000000 0.000000 1.000000 127.438980
1 1.127279 1.000000 1.020172 0.043877 0.026351 0.000065 24.000000 2.000000 0.000000 16.000000 0.000000 1.000000 121.636015
1 1.061063 1.000000 1.019296 0.016685 0.010297 0.000052 22.000000 2.000000 0.000000 8.000000 0.000000 1.000000 124.219094
1 1.865351 1.000000 1.790888 0.029699 0.018558 0.000115 27.000000 2.000000 0.000000 3.000000 0.000000 1.000000 144.399788
1 1.951745 1.000000 1.807200 0.057744 0.035065 0.000101 26.000000 2.000000 0.000000 12.000000 0.000000 1.000000 137.332440
1 1.206238 1.000000 1.165336 0.016465 0.009983 0.000049 23.000000 2.000000 0.000000 3.000000 0.000000 1.000000 130.729201
1 1.099068 1.000000 1.046046 0.021266 0.012938 0.000063 27.000000 2.000000 0.000000 11.000000 0.000000 1.000000 150.358789
1 1.063486 1.000000 1.018990 0.017918 0.010586 0.000065 28.000000 2.000000 0.000000 6.000000 0.000000 1.000000 149.786385
1 1.456146 1.000000 1.368985 0.033959 0.022503 0.000102 24.000000 2.000000 0.000000 4.000000 0.000000 1.000000 125.193243
1 1.925489 1.000000 1.822756 0.040602 0.025651 0.000082 24.000000 2.000000 0.000000 14.000000 0.000000 1.000000 148.827555
1 1.625690 1.000000 1.589148 0.015624 0.009119 0.000053 22.000000 2.000000 0.000000 2.000000 0.000000 1.000000 139.166489
1 1.092770 1.000000 1.052051 0.017527 0.009549 0.000056 23.000000 2.000000 0.000000 3.000000 0.000000 1.000000 137.245303
1 1.077978 1.000000 1.044742 0.013277 0.008214 0.000052 24.000000 2.000000 0.000000 4.000000 0.000000 1.000000 121.556406
1 1.086109 1.000000 1.040048 0.017840 0.011405 0.000058 24.000000 2.000000 0.000000 2.000000 0.000000 1.000000 137.969467
1 1.688044 1.000000 1.573382 0.045910 0.028798 0.000092 27.000000 2.000000 0.000000 9.000000 0.000000 1.000000 141.703083
1 1.851347 1.000000 1.795942 0.022446 0.013708 0.000100 31.000000 2.000000 0.000000 0.000000 0.000000 1.000000 187.447683
1 1.459836 1.000000 1.401070 0.025999 0.013965 0.000049 23.000000 2.000000 0.000000 6.000000 0.000000 1.000000 129.618627
1 1.197741 1.000000 1.144610 0.021006 0.013175 0.000066 27.000000 2.000000 0.000000 11.000000 0.000000 1.000000 136.888183
1 1.079480 1.000000 1.033925 0.018422 0.011247 0.000057 25.000000 2.000000 0.000000 4.000000 0.000000 1.000000 143.787621
1 1.171961 1.000000 1.103707 0.027656 0.017590 0.000075 28.000000 2.000000 0.000000 5.000000 0.000000 1.000000 169.370226
1 1.894150 1.000000 1.758042 0.057038 0.034128 0.000120 30.000000 2.000000 0.000000 23.000000 0.000000 1.000000 204.207305
1 1.773661 1.000000 1.715024 0.024105 0.014230 0.000063 21.000000 2.000000 0.000000 8.000000 0.000000 1.000000 124.287710
1 1.090384 1.000000 1.043110 0.019308 0.011396 0.000063 24.000000 2.000000 0.000000 1.000000 0.000000 1.000000 140.657756
1 1.062806 1.000000 1.024605 0.016208 0.009523 0.000050 25.000000 2.000000 0.000000 8.000000 0.000000 1.000000 156.738313
1 1.058126 1.000000 1.011073 0.019365 0.011483 0.000064 28.000000 2.000000 0.000000 6.000000 0.000000 1.000000 152.648129
1 1.387695 1.000000 1.316492 0.028906 0.017015 0.000082 22.000000 2.000000 0.000000 8.000000 0.000000 1.000000 124.884641
1 1.857992 1.000000 1.800709 0.024271 0.013963 0.000075 24.000000 2.000000 0.000000 1.000000 0.000000 1.000000 149.673009
1 1.676692 1.000000 1.621645 0.021582 0.013599 0.000058 27.000000 2.000000 0.000000 8.000000 0.000000 1.000000 138.914621
1 1.081856 1.000000 1.045197 0.014513 0.009228 0.000070 30.000000 2.000000 0.000000 3.000000 0.000000 1.000000 162.555948
1 1.093624 1.000000 1.042745 0.021590 0.012145 0.000048 23.000000 2.000000 0.000000 5.000000 0.000000 1.000000 120.611116
1 1.130478 2.000000 1.030016 0.041759 0.023903 0.003408 50.000000 2.000000 0.000000 13.000000 0.000000 1.000000 150.792520
1 2.132857 2.000000 1.673498 0.191941 0.113718 0.008704 65.000000 2.000000 0.000000 49.000000 0.000000 1.000000 202.410920
1 2.137615 2.000000 1.811305 0.127611 0.078990 0.008690 200.000000 2.000000 11.000000 39.000000 0.000000 1.000000 163.582857
1 1.185059 2.000000 1.082539 0.040302 0.024441 0.004515 189.000000 2.000000 5.000000 10.000000 0.000000 1.000000 128.693240
1 1.118373 2.000000 1.017819 0.044079 0.023821 0.003220 45.000000 2.000000 0.000000 32.000000 0.000000 1.000000 143.053403
1 1.082176 2.000000 1.010736 0.029540 0.016608 0.003415 49.000000 2.000000 0.000000 2.000000 0.000000 1.000000 162.551674
1 1.740846 2.000000 1.549501 0.082628 0.044439 0.007646 63.000000 2.000000 0.000000 9.000000 0.000000 1.000000 213.894920
1 2.166227 2.000000 1.869224 0.130966 0.070548 0.006730 58.000000 2.000000 0.000000 19.000000 0.000000 1.000000 215.310944
1 1.396387 2.000000 1.226447 0.069256 0.041233 0.004129 101.000000 2.000000 13.000000 22.000000 0.000000 1.000000 184.967414
1 1.105172 2.000000 0.999790 0.043878 0.025312 0.003660 55.000000 2.000000 5.000000 8.000000 0.000000 1.000000 151.496359
1 1.444282 2.000000 1.010536 0.187195 0.102849 0.007792 215.000000 2.000000 15.000000 94.000000 0.000000 1.000000 243.364404
1 1.799592 2.000000 1.598131 0.084174 0.048209 0.004450 40.000000 2.000000 0.000000 13.000000 0.000000 1.000000 124.543963
1 2.097215 2.000000 1.922047 0.073371 0.040795 0.006003 50.000000 2.000000 0.000000 5.000000 0.000000 1.000000 194.058647
1 1.381435 2.000000 1.227631 0.064039 0.036164 0.004007 57.000000 2.000000 0.000000 19.000000 0.000000 1.000000 190.159863
1 1.219668 2.000000 1.021869 0.080010 0.048670 0.003575 62.000000 2.000000 13.000000 18.000000 0.000000 1.000000 143.494881
1 1.081203 2.000000 0.999226 0.035263 0.019346 0.002941 45.000000 2.000000 0.000000 7.000000 0.000000 1.000000 144.733073
1 2.267327 2.000000 1.354149 0.368828 0.222951 0.025270 853.000000 2.000000 44.000000 58.000000 0.000000 1.000000 173.176448
1 2.104405 2.000000 1.822100 0.116325 0.066720 0.009256 166.000000 2.000000 3.000000 14.000000 0.000000 1.000000 203.461734
1 1.204625 2.000000 1.101151 0.043148 0.024636 0.003217 45.000000 2.000000 0.000000 10.000000 0.000000 1.000000 139.879802
1 1.141262 2.000000 1.031369 0.049588 0.024834 0.003576 57.000000 2.000000 0.000000 10.000000 0.000000 1.000000 151.374151
1 1.144577 2.000000 1.032670 0.044037 0.028493 0.003273 50.000000 2.000000 0.000000 21.000000 0.000000 1.000000 138.120503
1 1.141959 2.000000 0.964402 0.071200 0.043005 0.004382 67.000000 2.000000 0.000000 34.000000 0.000000 1.000000 194.639561
1 1.351233 2.000000 0.954800 0.166963 0.096629 0.007950 301.000000 2.000000 23.000000 61.000000 0.000000 1.000000 206.413285
1 1.054023 2.000000 0.970952 0.035334 0.020449 0.002645 45.000000 2.000000 0.000000 12.000000 0.000000 1.000000 138.925847
1 1.206820 2.000000 0.964530 0.097795 0.058204 0.006453 255.000000 2.000000 17.000000 35.000000 0.000000 1.000000 158.387056
1 1.119792 2.000000 1.007039 0.046730 0.027528 0.003109 47.000000 2.000000 2.000000 15.000000 0.000000 1.000000 156.463268
1 1.227101 2.000000 1.015235 0.087687 0.052206 0.006691 301.000000 2.000000 18.000000 22.000000 0.000000 1.000000 127.226259
1 1.154633 2.000000 1.025095 0.057243 0.030131 0.003976 58.000000 2.000000 0.000000 21.000000 0.000000 1.000000 250.142685
1 1.350677 2.000000 0.913638 0.203154 0.103405 0.008149 264.000000 2.000000 8.000000 222.000000 0.000000 1.000000 217.209329
1 1.576905 2.000000 0.961749 0.235491 0.155451 0.011004 554.000000 2.000000 60.000000 33.000000 0.000000 1.000000 183.142643
1 1.073357 2.000000 0.977140 0.038874 0.023323 0.003142 49.000000 2.000000 0.000000 19.000000 0.000000 1.000000 151.770457
1 1.198092 2.000000 1.009076 0.083174 0.044912 0.004322 99.000000 2.000000 3.000000 38.000000 0.000000 1.000000 209.962938
1 1.157413 2.000000 1.020974 0.057576 0.032438 0.003851 55.000000 2.000000 0.000000 31.000000 0.000000 1.000000 180.826340
1 1.106527 2.000000 1.014783 0.037434 0.021973 0.003449 52.000000 2.000000 0.000000 4.000000 0.000000 1.000000 149.581155
1 2.644474 2.000000 1.851725 0.306303 0.202566 0.019878 506.000000 2.000000 28.000000 40.000000 0.000000 1.000000 204.272513
1 2.347937 2.000000 2.039333 0.120393 0.075332 0.010642 131.000000 2.000000 2.000000 14.000000 0.000000 1.000000 237.504722
1 2.070900 2.000000 1.793821 0.113203 0.065140 0.009375 160.000000 2.000000 4.000000 11.000000 0.000000 1.000000 169.020401
1 2.013706 2.000000 1.555973 0.192820 0.113788 0.013673 657.000000 2.000000 31.000000 15.000000 0.000000 1.000000 180.893829
1 1.111949 2.000000 1.012231 0.040706 0.024171 0.003165 49.000000 2.000000 0.000000 18.000000 0.000000 1.000000 142.082181
1 1.150091 2.000000 1.024458 0.055898 0.029226 0.003475 49.000000 2.000000 0.000000 27.000000 0.000000 1.000000 180.133863
1 1.099887 2.000000 0.986474 0.044563 0.027575 0.003158 47.000000 2.000000 6.000000 16.000000 0.000000 1.000000 140.749099
1 1.953492 2.000000 1.014046 0.361005 0.234582 0.022572 1448.000000 2.000000 90.000000 78.000000 0.000000 1.000000 171.395461
1 1.066024 2.000000 0.977564 0.035300 0.021771 0.002902 44.000000 2.000000 0.000000 13.000000 0.000000 1.000000 127.288496
1 1.077210 2.000000 0.995991 0.032444 0.019518 0.003397 48.000000 2.000000 0.000000 7.000000 0.000000 1.000000 148.439364
1 1.117645 2.000000 1.009194 0.045876 0.025825 0.003053 45.000000 2.000000 0.000000 12.000000 0.000000 1.000000 142.317894
1 1.123690 2.000000 1.035935 0.035326 0.021060 0.003453 49.000000 2.000000 0.000000 18.000000 0.000000 1.000000 135.120321
1 1.202163 2.000000 1.018421 0.073785 0.044576 0.006572 45.000000 2.000000 0.000000 8.000000 0.000000 1.000000 131.301963
1 2.432375 2.000000 2.153602 0.117793 0.065640 0.007154 51.000000 2.000000 0.000000 13.000000 0.000000 1.000000 186.571682
1 2.371132 2.000000 2.117413 0.105904 0.062061 0.005137 43.000000 2.000000 4.000000 10.000000 0.000000 1.000000 140.071276
1 1.993551 2.000000 1.793904 0.081803 0.048433 0.007114 91.000000 2.000000 1.000000 7.000000 0.000000 1.000000 175.460907
1 1.571718 2.000000 1.480650 0.039814 0.021463 0.003138 45.000000 2.000000 0.000000 18.000000 0.000000 1.000000 128.537337
1 1.127478 2.000000 1.013296 0.048359 0.027324 0.003433 85.000000 2.000000 2.000000 17.000000 0.000000 1.000000 175.515585
1 1.241745 2.000000 1.053074 0.076671 0.045971 0.004740 162.000000 2.000000 11.000000 34.000000 0.000000 1.000000 227.155317
1 1.379557 2.000000 1.195486 0.077711 0.042750 0.006444 55.000000 2.000000 0.000000 7.000000 0.000000 1.000000 203.096947
1 1.951410 2.000000 1.779244 0.069485 0.042479 0.004815 42.000000 2.000000 0.000000 18.000000 0.000000 1.000000 127.163844
1 1.970827 2.000000 1.696436 0.106897 0.065775 0.010196 515.000000 2.000000 21.000000 22.000000 0.000000 1.000000 197.540908
1 1.122950 2.000000 1.031275 0.037842 0.021915 0.003218 46.000000 2.000000 0.000000 10.000000 0.000000 1.000000 140.387013
1 1.109830 2.000000 1.013275 0.041255 0.023498 0.003211 48.000000 2.000000 0.000000 15.000000 0.000000 1.000000 141.048415
1 1.817965 2.000000 1.006934 0.317912 0.195070 0.021588 1478.000000 2.000000 84.000000 86.000000 0.000000 1.000000 265.185282
1 1.372476 2.000000 0.951725 0.171860 0.104725 0.008564 342.000000 2.000000 42.000000 37.000000 0.000000 1.000000 175.234347
1 1.307265 4.000000 0.998511 0.137950 0.067913 0.020768 102.000000 2.000000 19.000000 19.000000 0.000000 1.000000 203.830520
1 1.350315 4.000000 1.044435 0.144350 0.067960 0.017658 89.000000 2.000000 0.000000 100.000000 0.000000 1.000000 221.130239
1 1.252096 4.000000 1.033416 0.097223 0.049253 0.016602 87.000000 2.000000 12.000000 16.000000 0.000000 1.000000 136.754743
1 5.938826 4.000000 0.997902 2.502768 1.079784 0.078123 242.000000 2.000000 499.000000 109.000000 0.000000 1.000000 195.407095
1 2.279854 4.000000 1.743778 0.244321 0.121711 0.034614 106.000000 2.000000 0.000000 31.000000 0.000000 1.000000 216.499494
1 2.054923 4.000000 1.614021 0.205798 0.103217 0.019727 93.000000 2.000000 28.000000 30.000000 0.000000 1.000000 156.464796
1 1.506108 4.000000 1.162466 0.162550 0.075578 0.020995 97.000000 2.000000 0.000000 23.000000 0.000000 1.000000 274.316030
1 1.300182 4.000000 1.045030 0.111939 0.058360 0.018628 99.000000 2.000000 21.000000 25.000000 0.000000 1.000000 146.672236
1 1.914710 4.000000 1.637285 0.122874 0.063069 0.023156 73.000000 2.000000 0.000000 13.000000 0.000000 1.000000 135.993102
1 2.547017 4.000000 1.787166 0.375975 0.180233 0.020973 91.000000 2.000000 8.000000 154.000000 0.000000 1.000000 191.574594
1 1.414521 4.000000 1.066965 0.164738 0.078748 0.018258 101.000000 2.000000 0.000000 67.000000 0.000000 1.000000 175.802901
1 1.421955 4.000000 1.021888 0.180458 0.090100 0.022085 113.000000 2.000000 7.000000 45.000000 0.000000 1.000000 267.154916
1 3.055700 4.000000 1.325699 0.793946 0.405215 0.071268 214.000000 2.000000 127.000000 66.000000 0.000000 1.000000 299.290630
1 2.133608 4.000000 1.650992 0.216127 0.113974 0.027163 130.000000 2.000000 16.000000 75.000000 0.000000 1.000000 170.354090
1 1.234915 4.000000 1.036578 0.086787 0.046157 0.015611 86.000000 2.000000 0.000000 39.000000 0.000000 1.000000 142.804678
1 1.408171 4.000000 0.995960 0.188497 0.095734 0.021152 113.000000 2.000000 0.000000 57.000000 0.000000 1.000000 202.003853
1 2.238139 4.000000 1.493889 0.343129 0.170901 0.044359 132.000000 2.000000 34.000000 94.000000 0.000000 1.000000 178.682294
1 2.491588 4.000000 1.774746 0.334874 0.171110 0.032953 150.000000 2.000000 66.000000 92.000000 0.000000 1.000000 178.194059
1 1.311371 4.000000 0.991469 0.151419 0.073304 0.017375 88.000000 2.000000 31.000000 26.000000 0.000000 1.000000 174.209588
1 1.685008 4.000000 1.069180 0.289724 0.142509 0.024428 139.000000 2.000000 54.000000 232.000000 0.000000 1.000000 202.317697
1 2.367377 4.000000 1.563762 0.367502 0.189320 0.042718 128.000000 2.000000 30.000000 112.000000 0.000000 1.000000 250.449223
1 2.318216 4.000000 1.792182 0.239064 0.122873 0.026224 116.000000 2.000000 62.000000 19.000000 0.000000 1.000000 180.903322
1 1.304966 4.000000 0.997702 0.137194 0.070529 0.020635 105.000000 2.000000 27.000000 23.000000 0.000000 1.000000 196.515475
1 1.230976 4.000000 1.015609 0.101205 0.047493 0.015715 86.000000 2.000000 0.000000 125.000000 0.000000 1.000000 155.800984
1 1.474213 4.000000 1.122589 0.157728 0.079916 0.024969 85.000000 2.000000 0.000000 26.000000 0.000000 1.000000 172.111297
1 2.911402 4.000000 1.742730 0.549936 0.268673 0.049420 149.000000 2.000000 40.000000 143.000000 0.000000 1.000000 246.812481
1 1.773786 4.000000 1.164980 0.283401 0.136977 0.034219 193.000000 2.000000 30.000000 82.000000 0.000000 1.000000 255.220992
1 1.774513 4.000000 1.048098 0.326905 0.167560 0.030740 163.000000 2.000000 85.000000 58.000000 0.000000 1.000000 299.612180
1 4.639920 4.000000 1.287995 1.581794 0.775167 0.096426 281.000000 2.000000 104.000000 448.000000 0.000000 1.000000 243.695584
1 1.484817 4.000000 0.995912 0.229423 0.113058 0.021387 110.000000 2.000000 32.000000 49.000000 0.000000 1.000000 265.411649
1 1.240317 4.000000 0.983085 0.114489 0.060148 0.016987 92.000000 2.000000 0.000000 39.000000 0.000000 1.000000 153.631677
1 1.692584 4.000000 1.010265 0.319432 0.155708 0.024482 147.000000 2.000000 58.000000 45.000000 0.000000 1.000000 239.727303
1 1.216505 4.000000 0.971198 0.114930 0.055960 0.015181 87.000000 2.000000 0.000000 23.000000 0.000000 1.000000 205.632543
1 1.237360 4.000000 1.012975 0.101258 0.050858 0.016642 88.000000 2.000000 0.000000 33.000000 0.000000 1.000000 133.750819
1 1.219451 4.000000 0.972478 0.111719 0.055932 0.017344 92.000000 2.000000 13.000000 23.000000 0.000000 1.000000 148.431396
1 1.350110 4.000000 1.016648 0.153308 0.077810 0.017232 93.000000 2.000000 0.000000 50.000000 0.000000 1.000000 210.530023
1 1.408185 4.000000 1.038213 0.169847 0.084872 0.022048 113.000000 2.000000 35.000000 77.000000 0.000000 1.000000 195.408126
1 1.956038 4.000000 1.487182 0.211067 0.103823 0.035667 88.000000 2.000000 3.000000 16.000000 0.000000 1.000000 180.337333
1 2.757792 4.000000 2.094525 0.303114 0.153239 0.038157 109.000000 2.000000 0.000000 41.000000 0.000000 1.000000 203.053461
1 2.448480 4.000000 1.783798 0.323452 0.148694 0.032240 102.000000 2.000000 7.000000 109.000000 0.000000 1.000000 206.837264
1 1.743066 4.000000 1.563806 0.079789 0.039176 0.017047 79.000000 2.000000 0.000000 7.000000 0.000000 1.000000 176.374560
1 1.708084 4.000000 1.025301 0.310713 0.161218 0.029243 149.000000 2.000000 59.000000 57.000000 0.000000 1.000000 229.143430
1 1.548793 4.000000 1.014205 0.248904 0.123466 0.024873 115.000000 2.000000 30.000000 373.000000 0.000000 1.000000 176.891491
1 2.167068 4.000000 1.744134 0.191191 0.094994 0.031934 93.000000 2.000000 0.000000 25.000000 0.000000 1.000000 204.000532
1 1.941983 4.000000 1.727219 0.095357 0.048896 0.017106 82.000000 2.000000 0.000000 28.000000 0.000000 1.000000 154.633051
1 1.256861 4.000000 0.992771 0.119180 0.059805 0.017594 100.000000 2.000000 8.000000 27.000000 0.000000 1.000000 165.368257
1 1.280293 4.000000 1.013267 0.124160 0.060181 0.015837 86.000000 2.000000 0.000000 106.000000 0.000000 1.000000 168.685402
1 1.548320 4.000000 1.063772 0.211488 0.107498 0.036138 105.000000 2.000000 14.000000 28.000000 0.000000 1.000000 174.419705
1 2.465217 4.000000 1.777892 0.338779 0.151332 0.029463 92.000000 2.000000 0.000000 518.000000 0.000000 1.000000 144.753050
1 1.689315 4.000000 1.389794 0.137183 0.068379 0.017247 84.000000 2.000000 7.000000 34.000000 0.000000 1.000000 178.740348
1 1.623622 4.000000 1.146604 0.220577 0.112186 0.022857 107.000000 2.000000 23.000000 41.000000 0.000000 1.000000 225.456386
1 1.480934 4.000000 1.106979 0.173285 0.084218 0.020962 87.000000 2.000000 0.000000 24.000000 0.000000 1.000000 228.870467
1 2.665189 4.000000 1.813383 0.407677 0.197951 0.031198 100.000000 2.000000 31.000000 47.000000 0.000000 1.000000 162.718508
1 1.855529 4.000000 1.503387 0.170853 0.076145 0.019642 91.000000 2.000000 4.000000 215.000000 0.000000 1.000000 163.372898
1 1.511454 4.000000 1.044820 0.207140 0.107668 0.026926 132.000000 2.000000 35.000000 38.000000 0.000000 1.000000 205.670148
1 1.211717 4.000000 1.038236 0.074004 0.039122 0.016274 84.000000 2.000000 0.000000 13.000000 0.000000 1.000000 135.913671
1 1.197788 4.000000 0.948178 0.110678 0.056749 0.018413 104.000000 2.000000 8.000000 50.000000 0.000000 1.000000 187.032806
1 1.390661 4.000000 0.991067 0.195795 0.088015 0.017860 97.000000 2.000000 0.000000 445.000000 0.000000 1.000000 177.332283
1 1.481098 4.000000 0.986146 0.230330 0.114224 0.022808 126.000000 2.000000 51.000000 26.000000 0.000000 1.000000 196.526847
1 1.470597 4.000000 0.998240 0.209362 0.111331 0.020241 114.000000 2.000000 33.000000 123.000000 0.000000 1.000000 207.263487
1 1.870782 6.000000 1.418535 0.205185 0.099897 0.037761 119.000000 2.000000 0.000000 289.000000 0.000000 1.000000 158.138400
1 3.685979 6.000000 1.687767 0.934201 0.471917 0.103832 159.000000 2.000000 0.000000 493.000000 0.000000 1.000000 224.473961
1 3.226035 6.000000 1.898492 0.611353 0.312437 0.081581 150.000000 2.000000 52.000000 167.000000 0.000000 1.000000 217.430470
1 2.146570 6.000000 1.645304 0.210203 0.120885 0.047341 131.000000 2.000000 3.000000 18.000000 0.000000 1.000000 191.636643
1 2.881551 6.000000 1.176048 0.755146 0.423512 0.100501 284.000000 2.000000 57.000000 173.000000 0.000000 1.000000 292.814497
1 3.457634 6.000000 1.831959 0.760075 0.386127 0.085743 154.000000 2.000000 77.000000 70.000000 0.000000 1.000000 227.518035
1 1.791609 6.000000 1.323673 0.198000 0.109947 0.046460 128.000000 2.000000 7.000000 38.000000 0.000000 1.000000 156.674687
1 1.912560 6.000000 1.169998 0.326600 0.178787 0.056312 191.000000 2.000000 17.000000 58.000000 0.000000 1.000000 303.336055
1 1.870843 6.000000 1.064401 0.359288 0.187434 0.062530 145.000000 2.000000 2.000000 92.000000 0.000000 1.000000 167.011578
1 2.636513 6.000000 1.801546 0.362972 0.193308 0.078555 162.000000 2.000000 45.000000 73.000000 0.000000 1.000000 182.420135
1 6.953052 6.000000 1.112355 3.102967 1.147025 0.175793 361.000000 2.000000 10.000000 14091.000000 0.000000 1.000000 157.271738
1 2.893554 6.000000 1.449723 0.657873 0.342540 0.090684 251.000000 2.000000 44.000000 147.000000 0.000000 1.000000 232.399725
1 2.916460 6.000000 1.008759 0.900370 0.453679 0.056452 190.000000 2.000000 142.000000 98.000000 0.000000 1.000000 213.671639
1 1.614643 6.000000 0.945818 0.307773 0.158865 0.045006 153.000000 2.000000 2.000000 316.000000 0.000000 1.000000 187.713178
1 1.687803 6.000000 0.967282 0.314956 0.175705 0.046213 155.000000 2.000000 0.000000 111.000000 0.000000 1.000000 180.072493
1 1.533843 6.000000 1.015233 0.227294 0.121854 0.042036 142.000000 2.000000 0.000000 65.000000 0.000000 1.000000 169.618120
1 1.845742 6.000000 1.055864 0.367027 0.182848 0.047048 148.000000 2.000000 0.000000 43.000000 0.000000 1.000000 256.882987
1 3.246125 6.000000 2.145631 0.473583 0.254646 0.101342 160.000000 2.000000 35.000000 89.000000 0.000000 1.000000 182.505328
1 2.927321 6.000000 1.837855 0.472004 0.262787 0.082035 148.000000 2.000000 69.000000 40.000000 0.000000 1.000000 185.645901
1 3.813376 6.000000 1.623353 0.973453 0.529604 0.120426 348.000000 2.000000 157.000000 215.000000 0.000000 1.000000 307.198416
1 1.451773 6.000000 1.017787 0.180382 0.099245 0.049240 125.000000 2.000000 17.000000 26.000000 0.000000 1.000000 152.815889
1 4.798739 6.000000 2.532100 0.993947 0.550419 0.137835 293.000000 2.000000 102.000000 243.000000 0.000000 1.000000 215.721766
1 2.667703 6.000000 1.193871 0.663502 0.347805 0.084170 231.000000 2.000000 117.000000 114.000000 0.000000 1.000000 257.137196
1 1.865364 6.000000 1.152141 0.311243 0.173416 0.053505 156.000000 2.000000 54.000000 50.000000 0.000000 1.000000 167.636572
1 1.754262 6.000000 1.167185 0.254770 0.135891 0.048994 162.000000 2.000000 16.000000 50.000000 0.000000 1.000000 240.423523
1 1.904733 6.000000 0.967573 0.421241 0.220762 0.058667 200.000000 2.000000 18.000000 129.000000 0.000000 1.000000 249.079469
1 3.920112 6.000000 0.995280 1.327800 0.695003 0.126793 284.000000 2.000000 290.000000 142.000000 0.000000 1.000000 257.345895
1 6.975615 6.000000 2.135350 2.318540 1.128348 0.165268 299.000000 2.000000 232.000000 363.000000 0.000000 1.000000 198.984905
1 2.131599 6.000000 1.151987 0.435159 0.238618 0.052757 172.000000 2.000000 113.000000 83.000000 0.000000 1.000000 164.377491
1 1.630813 6.000000 0.988500 0.285209 0.154623 0.043811 151.000000 2.000000 11.000000 46.000000 0.000000 1.000000 263.759469
1 1.515084 6.000000 1.003927 0.220135 0.120150 0.047712 159.000000 2.000000 1.000000 60.000000 0.000000 1.000000 196.351633
1 1.370002 6.000000 0.940061 0.185191 0.101503 0.039448 133.000000 2.000000 23.000000 34.000000 0.000000 1.000000 190.795367
1 1.518723 6.000000 1.003040 0.227488 0.123241 0.039912 131.000000 2.000000 3.000000 54.000000 0.000000 1.000000 182.178586
1 1.634602 6.000000 1.037932 0.263624 0.139836 0.044651 146.000000 2.000000 40.000000 49.000000 0.000000 1.000000 181.369090
1 3.339382 6.000000 1.171211 1.000730 0.518911 0.130447 184.000000 2.000000 65.000000 93.000000 0.000000 1.000000 266.117107
1 3.313730 6.000000 1.972495 0.578100 0.339751 0.089855 165.000000 2.000000 54.000000 87.000000 0.000000 1.000000 153.338153
1 2.119402 6.000000 1.739951 0.159072 0.087808 0.040486 114.000000 2.000000 0.000000 34.000000 0.000000 1.000000 172.101701
1 2.936802 6.000000 1.181883 0.790417 0.433544 0.076906 246.000000 2.000000 138.000000 322.000000 0.000000 1.000000 180.269167
1 2.254126 6.000000 1.323850 0.425047 0.209945 0.075090 136.000000 2.000000 8.000000 228.000000 0.000000 1.000000 262.621027
1 2.482435 6.000000 1.821118 0.281819 0.162095 0.054202 130.000000 2.000000 0.000000 60.000000 0.000000 1.000000 165.958364
1 1.655618 6.000000 1.152799 0.221265 0.115387 0.042885 122.000000 2.000000 24.000000 144.000000 0.000000 1.000000 196.069416
1 2.144060 6.000000 1.037408 0.512758 0.265040 0.048736 157.000000 2.000000 77.000000 99.000000 0.000000 1.000000 174.646063
1 1.663041 6.000000 0.957210 0.313372 0.164472 0.052664 170.000000 2.000000 38.000000 40.000000 0.000000 1.000000 273.663021
1 2.307158 6.000000 0.960619 0.599003 0.322739 0.077847 247.000000 2.000000 189.000000 140.000000 0.000000 1.000000 245.849074
1 1.789993 6.000000 1.030534 0.336899 0.183252 0.051620 167.000000 2.000000 45.000000 62.000000 0.000000 1.000000 197.923587
1 5.987454 6.000000 1.017264 2.388916 1.157818 0.107308 232.000000 2.000000 144.000000 117.000000 0.000000 1.000000 262.799491
1 3.466439 6.000000 1.860325 0.725125 0.395990 0.099332 192.000000 2.000000 53.000000 132.000000 0.000000 1.000000 223.011259
1 3.027165 6.000000 1.156570 0.813566 0.449966 0.114039 319.000000 2.000000 226.000000 179.000000 0.000000 1.000000 180.235462
1 2.013800 6.000000 1.164532 0.389446 0.193508 0.059497 161.000000 2.000000 57.000000 245.000000 0.000000 1.000000 241.987601
1 3.537025 6.000000 1.152077 1.120278 0.554324 0.090743 247.000000 2.000000 198.000000 74.000000 0.000000 1.000000 210.573466
1 2.143545 6.000000 0.863821 0.661618 0.238343 0.044594 175.000000 2.000000 25.000000 3551.000000 0.000000 1.000000 218.163022
1 2.141740 6.000000 0.860987 0.575054 0.317544 0.057713 209.000000 2.000000 17.000000 268.000000 0.000000 1.000000 196.597212
1 1.616352 6.000000 0.891034 0.315451 0.174206 0.044246 173.000000 2.000000 76.000000 57.000000 0.000000 1.000000 241.648925
1 5.523845 6.000000 0.902558 2.123575 1.130004 0.160662 306.000000 2.000000 51.000000 593.000000 0.000000 1.000000 235.471341
1 2.010090 6.000000 1.168924 0.367435 0.207341 0.059128 159.000000 2.000000 27.000000 125.000000 0.000000 1.000000 182.062058
1 1.744792 6.000000 1.023993 0.319771 0.173586 0.047295 176.000000 2.000000 20.000000 117.000000 0.000000 1.000000 211.878494
1 1.577642 6.000000 0.886824 0.304698 0.169871 0.049768 185.000000 2.000000 73.000000 141.000000 0.000000 1.000000 185.148550
1 2.191035 6.000000 0.896533 0.589889 0.315345 0.059603 208.000000 2.000000 94.000000 135.000000 0.000000 1.000000 229.682773
1 1.317891 6.000000 1.009779 0.132371 0.070277 0.034361 115.000000 2.000000 10.000000 18.000000 0.000000 1.000000 164.270296
1 1.313280 6.000000 0.998304 0.133463 0.074019 0.031273 109.000000 2.000000 4.000000 28.000000 0.000000 1.000000 161.826646
1 2.522629 8.000000 0.970297 0.697750 0.386858 0.094367 241.000000 2.000000 37.000000 227.000000 0.000000 1.000000 223.599486
1 2.133779 8.000000 0.908249 0.540592 0.307905 0.088222 224.000000 2.000000 109.000000 92.000000 0.000000 1.000000 225.694082
1 5.010795 8.000000 1.017997 1.791757 1.000522 0.196735 452.000000 2.000000 379.000000 386.000000 0.000000 1.000000 224.589275
1 3.678103 8.000000 0.902130 1.207853 0.672339 0.244428 470.000000 2.000000 315.000000 178.000000 0.000000 1.000000 205.261847
1 1.653592 8.000000 0.996293 0.279986 0.154451 0.075569 176.000000 2.000000 19.000000 91.000000 0.000000 1.000000 192.839000
1 20.070608 8.000000 1.009449 8.816800 4.902029 0.583095 930.000000 2.000000 886.000000 2864.000000 0.000000 1.000000 280.746171
1 4.636315 8.000000 1.144610 1.640590 0.853054 0.171325 335.000000 2.000000 141.000000 180.000000 0.000000 1.000000 344.760645
1 2.481005 8.000000 0.910361 0.670224 0.409378 0.100337 259.000000 2.000000 64.000000 280.000000 0.000000 1.000000 138.980916
1 1.934416 8.000000 1.266370 0.270331 0.158419 0.083907 207.000000 2.000000 27.000000 36.000000 0.000000 1.000000 229.211295
1 5.174310 8.000000 0.882126 1.882892 1.120954 0.219423 536.000000 2.000000 278.000000 847.000000 0.000000 1.000000 174.003732
1 8.027883 8.000000 0.913432 3.127159 1.811916 0.425783 648.000000 2.000000 227.000000 588.000000 0.000000 1.000000 262.260871
1 4.123134 8.000000 1.808595 1.012432 0.560093 0.188869 226.000000 2.000000 26.000000 120.000000 0.000000 1.000000 233.705015
1 4.084290 8.000000 1.789305 1.005817 0.574522 0.207563 272.000000 2.000000 106.000000 120.000000 0.000000 1.000000 209.355422
1 2.769414 8.000000 1.747993 0.439966 0.240452 0.116167 152.000000 2.000000 22.000000 82.000000 0.000000 1.000000 185.218869
1 5.821307 8.000000 1.812633 1.702279 1.039221 0.246786 316.000000 2.000000 170.000000 299.000000 0.000000 1.000000 233.509256
1 2.346528 8.000000 1.237777 0.474907 0.282788 0.095755 255.000000 2.000000 62.000000 99.000000 0.000000 1.000000 201.991166
1 5.733841 8.000000 0.840990 2.106893 1.288772 0.243491 581.000000 2.000000 783.000000 582.000000 0.000000 1.000000 227.124090
1 4.330761 8.000000 0.872238 1.546771 0.907804 0.142063 383.000000 2.000000 280.000000 963.000000 0.000000 1.000000 245.477774
1 1.653262 8.000000 0.859221 0.335896 0.194362 0.074971 208.000000 2.000000 19.000000 107.000000 0.000000 1.000000 222.310150
1 2.268349 8.000000 0.851214 0.610835 0.357365 0.110302 260.000000 2.000000 104.000000 123.000000 0.000000 1.000000 246.485872
1 2.978279 8.000000 0.888236 0.931452 0.519042 0.127659 335.000000 2.000000 111.000000 550.000000 0.000000 1.000000 253.557849
1 2.794393 8.000000 0.857969 0.863265 0.486807 0.120460 321.000000 2.000000 36.000000 337.000000 0.000000 1.000000 264.265894
1 1.981312 8.000000 0.859429 0.493697 0.276557 0.092838 250.000000 2.000000 60.000000 148.000000 0.000000 1.000000 231.278678
1 1.333501 8.000000 0.890405 0.183173 0.102576 0.061283 163.000000 2.000000 18.000000 17.000000 0.000000 1.000000 189.977662
1 1.440027 8.000000 0.932243 0.206825 0.119654 0.066522 168.000000 2.000000 18.000000 33.000000 0.000000 1.000000 173.597446
1 7.728751 8.000000 1.275461 3.074063 1.570683 0.300218 444.000000 2.000000 291.000000 267.000000 0.000000 1.000000 324.483337
1 2.963030 8.000000 1.032500 0.866453 0.454202 0.146927 370.000000 2.000000 108.000000 339.000000 0.000000 1.000000 337.455471
1 6.079247 8.000000 0.918369 2.274811 1.366606 0.224527 615.000000 2.000000 188.000000 856.000000 0.000000 1.000000 270.102778
1 2.555866 8.000000 0.897176 0.772921 0.414893 0.085132 216.000000 2.000000 30.000000 483.000000 0.000000 1.000000 264.085714
1 5.755566 8.000000 1.058871 2.064207 1.262479 0.242637 375.000000 2.000000 159.000000 483.000000 0.000000 1.000000 242.210919
1 2.768671 8.000000 1.013766 0.809581 0.424857 0.104875 239.000000 2.000000 94.000000 66.000000 0.000000 1.000000 261.196660
1 14.224120 8.000000 0.888296 6.292268 3.413959 0.264568 736.000000 2.000000 397.000000 2928.000000 0.000000 1.000000 257.200090
1 2.181464 8.000000 0.852558 0.583363 0.323182 0.111670 297.000000 2.000000 118.000000 157.000000 0.000000 1.000000 208.777883
1 4.641944 8.000000 0.833453 1.685645 0.966169 0.230815 630.000000 2.000000 513.000000 507.000000 0.000000 1.000000 210.952972
1 2.011960 8.000000 0.847958 0.510705 0.296812 0.080722 225.000000 2.000000 89.000000 156.000000 0.000000 1.000000 197.991691
1 1.942224 8.000000 0.852904 0.457721 0.273360 0.089043 251.000000 2.000000 89.000000 91.000000 0.000000 1.000000 203.455257
1 1.736767 8.000000 0.866945 0.379107 0.214883 0.075391 205.000000 2.000000 79.000000 106.000000 0.000000 1.000000 191.470339
1 2.164968 8.000000 0.826156 0.600880 0.339478 0.081148 236.000000 2.000000 41.000000 312.000000 0.000000 1.000000 208.494040
1 1.916628 8.000000 0.855237 0.473045 0.263626 0.080690 233.000000 2.000000 70.000000 110.000000 0.000000 1.000000 225.824530
1 2.002540 8.000000 0.853723 0.510207 0.292416 0.077613 208.000000 2.000000 143.000000 143.000000 0.000000 1.000000 161.234219
1 2.311837 8.000000 0.836143 0.624474 0.373052 0.125022 335.000000 2.000000 171.000000 153.000000 0.000000 1.000000 189.198808
1 1.821765 8.000000 0.827105 0.420910 0.253299 0.084014 242.000000 2.000000 53.000000 136.000000 0.000000 1.000000 217.530476
1 2.884948 8.000000 1.211352 0.707729 0.423467 0.138601 336.000000 2.000000 247.000000 276.000000 0.000000 1.000000 178.981938
1 5.540231 8.000000 0.831744 2.025357 1.227013 0.257430 639.000000 2.000000 609.000000 530.000000 0.000000 1.000000 275.848158
1 1.405506 8.000000 0.829662 0.241941 0.138665 0.064447 185.000000 2.000000 27.000000 49.000000 0.000000 1.000000 177.056938
1 2.990105 8.000000 0.872131 0.903785 0.548352 0.126780 364.000000 2.000000 276.000000 232.000000 0.000000 1.000000 191.286531
1 2.302501 8.000000 0.829717 0.636357 0.364378 0.116011 316.000000 2.000000 142.000000 175.000000 0.000000 1.000000 204.546490
1 1.829150 8.000000 0.852292 0.408313 0.245937 0.095031 255.000000 2.000000 102.000000 100.000000 0.000000 1.000000 194.000587
1 1.773459 8.000000 0.821865 0.423461 0.228831 0.074550 216.000000 2.000000 35.000000 446.000000 0.000000 1.000000 180.509944
1 2.316974 8.000000 0.844689 0.629831 0.391096 0.099280 286.000000 2.000000 49.000000 305.000000 0.000000 1.000000 187.637604
1 5.847197 8.000000 0.836726 2.290105 1.334073 0.207932 614.000000 2.000000 705.000000 594.000000 0.000000 1.000000 235.489719
1 2.596711 8.000000 0.851884 0.770208 0.433872 0.125227 347.000000 2.000000 120.000000 227.000000 0.000000 1.000000 263.335178
1 2.203161 8.000000 0.842212 0.588704 0.340817 0.102135 290.000000 2.000000 152.000000 128.000000 0.000000 1.000000 223.409853
1 4.087521 8.000000 0.835956 1.474281 0.835364 0.180463 517.000000 2.000000 181.000000 355.000000 0.000000 1.000000 323.716838
1 3.837688 8.000000 0.826508 1.671255 0.485600 0.103470 291.000000 2.000000 41.000000 9629.000000 0.000000 1.000000 197.868033
1 3.093527 8.000000 0.838728 1.026284 0.549707 0.126083 352.000000 2.000000 135.000000 551.000000 0.000000 1.000000 356.473352
1 1.847779 8.000000 0.846663 0.425102 0.245010 0.103945 280.000000 2.000000 79.000000 94.000000 0.000000 1.000000 238.306335
1 1.601490 8.000000 0.859223 0.313894 0.189388 0.065518 185.000000 2.000000 50.000000 57.000000 0.000000 1.000000 196.007055
1 2.712152 8.000000 0.839289 0.854638 0.464340 0.100197 278.000000 2.000000 115.000000 189.000000 0.000000 1.000000 224.587874
1 3.602377 8.000000 0.872690 1.229590 0.701340 0.126438 358.000000 2.000000 117.000000 581.000000 0.000000 1.000000 219.976062
1 11.640190 10.000000 0.886677 4.628420 2.708759 0.727459 1589.000000 2.000000 1771.000000 1131.000000 0.000000 1.000000 362.869807
1 7.428670 10.000000 0.874109 2.859388 1.671805 0.462712 863.000000 2.000000 599.000000 876.000000 0.000000 1.000000 284.515508
1 3.457300 10.000000 0.842905 1.113502 0.662116 0.222445 459.000000 2.000000 347.000000 315.000000 0.000000 1.000000 230.126225
1 6.082652 10.000000 0.863611 2.330011 1.329458 0.352100 736.000000 2.000000 848.000000 309.000000 0.000000 1.000000 338.080861
1 2.463339 10.000000 0.836830 0.695943 0.420593 0.149291 319.000000 2.000000 148.000000 140.000000 0.000000 1.000000 214.192502
1 5.927507 10.000000 0.851598 2.256036 1.316504 0.301149 683.000000 2.000000 553.000000 578.000000 0.000000 1.000000 295.769101
1 2.421235 10.000000 0.851630 0.716054 0.397178 0.108104 240.000000 2.000000 34.000000 138.000000 0.000000 1.000000 316.300678
1 6.630071 10.000000 0.848879 2.540168 1.500110 0.407320 887.000000 2.000000 597.000000 455.000000 0.000000 1.000000 358.150914
1 3.559713 10.000000 0.846237 1.167380 0.720629 0.223300 478.000000 2.000000 170.000000 313.000000 0.000000 1.000000 288.576631
1 6.444025 10.000000 0.874883 2.470757 1.432707 0.385133 819.000000 2.000000 809.000000 518.000000 0.000000 1.000000 249.117477
1 2.573161 10.000000 0.833543 0.674155 0.418487 0.253264 385.000000 2.000000 158.000000 127.000000 0.000000 1.000000 176.972232
1 4.844281 10.000000 0.841473 1.718842 1.064926 0.278096 632.000000 2.000000 263.000000 461.000000 0.000000 1.000000 237.557927
1 3.783767 10.000000 0.885518 1.264639 0.752643 0.221408 493.000000 2.000000 272.000000 217.000000 0.000000 1.000000 262.821978
1 5.601123 10.000000 0.845321 2.034849 1.250924 0.326544 734.000000 2.000000 702.000000 491.000000 0.000000 1.000000 221.121364
1 7.260916 10.000000 0.859540 2.859771 1.655651 0.417642 919.000000 2.000000 749.000000 482.000000 0.000000 1.000000 351.530702
1 3.621992 10.000000 0.832612 1.219112 0.721556 0.200508 431.000000 2.000000 262.000000 229.000000 0.000000 1.000000 265.514701
1 10.705084 10.000000 0.835253 4.373509 2.581995 0.478273 1007.000000 2.000000 1788.000000 1280.000000 0.000000 1.000000 228.983142
1 6.316353 10.000000 0.838759 2.459311 1.363504 0.374974 734.000000 2.000000 390.000000 314.000000 0.000000 1.000000 296.414718
1 2.387099 10.000000 0.840213 0.657923 0.387382 0.154689 329.000000 2.000000 103.000000 78.000000 0.000000 1.000000 289.309611
1 7.388055 10.000000 1.191997 2.519845 1.662314 0.474740 999.000000 2.000000 655.000000 892.000000 0.000000 1.000000 269.122797
1 2.065166 10.000000 0.828291 0.520448 0.307205 0.129560 278.000000 2.000000 50.000000 127.000000 0.000000 1.000000 204.366396
1 1.937738 10.000000 0.875082 0.431577 0.263102 0.126912 278.000000 2.000000 39.000000 110.000000 0.000000 1.000000 211.366919
1 6.077670 10.000000 1.201392 2.099528 1.271474 0.341745 702.000000 2.000000 657.000000 471.000000 0.000000 1.000000 254.159564
1 4.637297 10.000000 0.883220 1.668399 0.949119 0.267206 514.000000 2.000000 438.000000 316.000000 0.000000 1.000000 213.200160
1 2.684756 10.000000 0.828945 0.768815 0.458059 0.232942 427.000000 2.000000 233.000000 121.000000 0.000000 1.000000 239.197253
1 12.552590 10.000000 0.854870 5.863302 2.434793 0.469623 926.000000 2.000000 662.000000 16909.000000 0.000000 1.000000 184.923730
1 5.707410 10.000000 0.862810 2.087598 1.284550 0.320607 704.000000 2.000000 619.000000 337.000000 0.000000 1.000000 258.649620
1 3.522202 10.000000 0.838063 1.171348 0.703946 0.174658 379.000000 2.000000 240.000000 685.000000 0.000000 1.000000 183.207375
1 20.178589 10.000000 0.825150 8.353324 5.138170 0.916646 1990.000000 2.000000 1385.000000 3322.000000 0.000000 1.000000 266.129312
1 18.842830 10.000000 0.838819 7.718479 4.814125 1.069174 2214.000000 2.000000 2019.000000 2253.000000 0.000000 1.000000 426.326606
1 4.219237 10.000000 1.142208 1.316403 0.797409 0.255259 551.000000 2.000000 329.000000 250.000000 0.000000 1.000000 308.986626
1 2.826140 10.000000 0.846494 0.837337 0.507396 0.176314 364.000000 2.000000 188.000000 152.000000 0.000000 1.000000 221.786859
1 5.892266 10.000000 0.831971 2.150518 1.331462 0.382059 809.000000 2.000000 620.000000 609.000000 0.000000 1.000000 203.891841
1 3.118086 10.000000 1.174570 0.799545 0.485709 0.215098 435.000000 2.000000 97.000000 164.000000 0.000000 1.000000 341.788077
1 2.809952 10.000000 0.835134 0.855444 0.483791 0.188049 408.000000 2.000000 126.000000 294.000000 0.000000 1.000000 279.933981
1 3.015281 10.000000 0.870343 0.926657 0.548007 0.187546 391.000000 2.000000 261.000000 239.000000 0.000000 1.000000 262.453118
1 7.621608 10.000000 0.824147 2.988160 1.777111 0.409540 870.000000 2.000000 894.000000 500.000000 0.000000 1.000000 289.688405
1 10.258430 10.000000 0.840099 4.140476 2.498149 0.513262 1174.000000 2.000000 857.000000 1413.000000 0.000000 1.000000 338.920082
1 2.207107 10.000000 0.845146 0.587123 0.344979 0.120639 272.000000 2.000000 134.000000 67.000000 0.000000 1.000000 245.102541
1 5.468542 10.000000 0.846374 2.043677 1.191237 0.329569 720.000000 2.000000 562.000000 421.000000 0.000000 1.000000 259.532665
1 6.285705 10.000000 0.848092 2.339281 1.401463 0.424188 818.000000 2.000000 721.000000 411.000000 0.000000 1.000000 240.919260
1 4.563630 10.000000 0.842249 1.600539 0.971331 0.246664 528.000000 2.000000 416.000000 581.000000 0.000000 1.000000 199.543644
1 3.113794 10.000000 0.843952 0.977689 0.586361 0.184359 410.000000 2.000000 166.000000 205.000000 0.000000 1.000000 247.073181
1 6.288021 10.000000 0.832962 2.487028 1.367546 0.344354 739.000000 2.000000 436.000000 323.000000 0.000000 1.000000 376.169433
1 4.326534 10.000000 0.853675 1.497538 0.887703 0.283928 595.000000 2.000000 475.000000 314.000000 0.000000 1.000000 222.731421
1 6.271050 10.000000 0.827737 2.445178 1.436408 0.269543 594.000000 2.000000 674.000000 840.000000 0.000000 1.000000 253.233932
1 6.542610 10.000000 0.837369 2.434105 1.540383 0.404679 890.000000 2.000000 821.000000 567.000000 0.000000 1.000000 172.164402
1 3.702968 10.000000 0.849854 1.219799 0.745272 0.239899 518.000000 2.000000 254.000000 242.000000 0.000000 1.000000 263.257991
1 3.278539 10.000000 0.835344 1.045760 0.625206 0.208390 417.000000 2.000000 194.000000 235.000000 0.000000 1.000000 225.741470
1 7.987069 10.000000 0.858118 3.167896 1.883670 0.412335 835.000000 2.000000 848.000000 776.000000 0.000000 1.000000 235.538240
1 4.374413 10.000000 0.830183 1.548929 0.919964 0.265587 591.000000 2.000000 392.000000 498.000000 0.000000 1.000000 207.424942
1 3.292438 10.000000 0.828695 1.068093 0.614802 0.218160 447.000000 2.000000 334.000000 165.000000 0.000000 1.000000 231.198492
1 11.796049 10.000000 0.843865 4.841125 2.798328 0.657026 1371.000000 2.000000 2084.000000 972.000000 0.000000 1.000000 341.704037
1 4.101952 10.000000 0.849246 1.394459 0.851268 0.225962 513.000000 2.000000 396.000000 232.000000 0.000000 1.000000 217.380743
1 4.334707 10.000000 0.839375 1.522248 0.890718 0.267065 573.000000 2.000000 434.000000 293.000000 0.000000 1.000000 258.541352
1 17.818931 10.000000 1.196428 8.095885 3.478252 0.761991 1516.000000 2.000000 1393.000000 21417.000000 0.000000 1.000000 335.139629
1 4.419392 10.000000 0.878723 1.482454 0.929880 0.277965 581.000000 2.000000 396.000000 373.000000 0.000000 1.000000 261.238254
1 7.165675 10.000000 0.879391 2.795865 1.625865 0.394581 876.000000 2.000000 843.000000 778.000000 0.000000 1.000000 264.793013
1 9.817390 10.000000 1.176570 3.708831 2.177356 0.725798 1302.000000 2.000000 809.000000 1194.000000 0.000000 1.000000 346.855688
