1 0.947385 1.000000 0.920735 0.001910 0.011295 0.000105 26.000000 10.000000 0.000000 6.000000 0.000000 0.000000 119.822581
1 0.965197 1.000000 0.939298 0.002438 0.010311 0.000140 27.000000 10.000000 0.000000 7.000000 0.000000 0.000000 147.958557
1 0.947226 1.000000 0.927507 0.001303 0.007648 0.000086 21.000000 10.000000 0.000000 3.000000 0.000000 0.000000 112.380071
1 0.938120 1.000000 0.909058 0.001924 0.011573 0.000120 27.000000 10.000000 0.000000 6.000000 0.000000 0.000000 144.919359
1 0.906257 1.000000 0.882979 0.001515 0.009516 0.000116 25.000000 10.000000 0.000000 3.000000 0.000000 0.000000 132.434206
1 0.912576 1.000000 0.890656 0.001560 0.009073 0.000091 21.000000 10.000000 0.000000 7.000000 0.000000 0.000000 123.185369
1 0.972390 1.000000 0.955315 0.001170 0.006985 0.000090 22.000000 10.000000 0.000000 2.000000 0.000000 0.000000 127.513610
1 0.916380 1.000000 0.897844 0.001310 0.007333 0.000106 26.000000 10.000000 0.000000 3.000000 0.000000 0.000000 118.813595
1 0.929910 1.000000 0.901359 0.001583 0.011160 0.000114 28.000000 10.000000 0.000000 12.000000 0.000000 0.000000 134.957849
1 0.942108 1.000000 0.914322 0.002071 0.011606 0.000090 22.000000 10.000000 0.000000 16.000000 0.000000 0.000000 117.884905
1 0.953048 1.000000 0.920672 0.002227 0.013530 0.000102 24.000000 10.000000 0.000000 12.000000 0.000000 0.000000 134.044881
1 0.911120 1.000000 0.887692 0.001604 0.009599 0.000094 23.000000 10.000000 0.000000 7.000000 0.000000 0.000000 114.518775
1 0.918264 1.000000 0.891635 0.001841 0.011229 0.000102 25.000000 10.000000 0.000000 10.000000 0.000000 0.000000 147.794357
1 0.931384 1.000000 0.914717 0.001167 0.006404 0.000101 24.000000 10.000000 0.000000 5.000000 0.000000 0.000000 130.662635
1 0.940635 1.000000 0.913660 0.001885 0.011689 0.000113 28.000000 10.000000 0.000000 6.000000 0.000000 0.000000 150.345821
1 0.940787 1.000000 0.913156 0.002097 0.011276 0.000103 24.000000 10.000000 0.000000 5.000000 0.000000 0.000000 124.394482
1 0.920580 1.000000 0.894285 0.001944 0.011178 0.000113 26.000000 10.000000 0.000000 21.000000 0.000000 0.000000 143.391489
1 0.945901 1.000000 0.905725 0.002789 0.017403 0.000102 23.000000 10.000000 0.000000 11.000000 0.000000 0.000000 116.653668
1 0.903112 1.000000 0.881417 0.001465 0.009206 0.000096 24.000000 10.000000 0.000000 2.000000 0.000000 0.000000 145.996062
1 0.966811 1.000000 0.945754 0.001501 0.008281 0.000116 25.000000 10.000000 0.000000 1.000000 0.000000 0.000000 122.907087
1 0.984956 1.000000 0.959110 0.001912 0.010841 0.000098 22.000000 10.000000 0.000000 3.000000 0.000000 0.000000 122.615065
1 1.020560 1.000000 0.985427 0.002554 0.015115 0.000104 26.000000 10.000000 0.000000 15.000000 0.000000 0.000000 125.724971
1 0.980208 1.000000 0.950087 0.002277 0.012020 0.000108 25.000000 10.000000 0.000000 5.000000 0.000000 0.000000 124.281257
1 0.942589 1.000000 0.926522 0.001138 0.007087 0.000110 26.000000 10.000000 0.000000 7.000000 0.000000 0.000000 140.528222
1 0.940569 1.000000 0.916760 0.001664 0.010604 0.000101 23.000000 10.000000 0.000000 6.000000 0.000000 0.000000 116.687942
1 0.946809 1.000000 0.925203 0.001527 0.008926 0.000095 21.000000 10.000000 0.000000 2.000000 0.000000 0.000000 116.883734
1 0.927999 1.000000 0.906057 0.001456 0.008743 0.000106 24.000000 10.000000 0.000000 7.000000 0.000000 0.000000 131.040432
1 0.974244 1.000000 0.949640 0.001516 0.010004 0.000114 25.000000 10.000000 0.000000 13.000000 0.000000 0.000000 125.596063
1 0.987699 1.000000 0.946440 0.002405 0.016596 0.000134 29.000000 10.000000 0.000000 19.000000 0.000000 0.000000 128.550723
1 0.955397 1.000000 0.932843 0.001718 0.009033 0.000107 25.000000 10.000000 0.000000 5.000000 0.000000 0.000000 139.075796
1 0.974376 1.000000 0.960925 0.000928 0.005966 0.000112 26.000000 10.000000 0.000000 3.000000 0.000000 0.000000 145.723395
1 0.992037 1.000000 0.959611 0.002091 0.013209 0.000113 22.000000 10.000000 0.000000 7.000000 0.000000 0.000000 126.737211
1 1.058291 1.000000 1.023874 0.002177 0.013973 0.000151 27.000000 10.000000 0.000000 3.000000 0.000000 0.000000 148.105916
1 1.028959 1.000000 0.990943 0.002337 0.015322 0.000127 27.000000 10.000000 0.000000 7.000000 0.000000 0.000000 163.765615
1 1.024283 1.000000 0.990258 0.002276 0.014048 0.000108 23.000000 10.000000 0.000000 8.000000 0.000000 0.000000 130.225061
1 1.022713 1.000000 1.001684 0.001370 0.008216 0.000105 23.000000 10.000000 0.000000 2.000000 0.000000 0.000000 121.852253
1 1.074137 1.000000 0.983061 0.006431 0.037821 0.000125 28.000000 10.000000 0.000000 24.000000 0.000000 0.000000 150.768155
1 1.014713 1.000000 0.985921 0.002060 0.012143 0.000105 23.000000 10.000000 0.000000 8.000000 0.000000 0.000000 140.711404
1 1.007803 1.000000 0.984393 0.001586 0.009466 0.000104 24.000000 10.000000 0.000000 2.000000 0.000000 0.000000 129.699798
1 1.037894 1.000000 0.997000 0.002704 0.015891 0.000127 26.000000 10.000000 0.000000 15.000000 0.000000 0.000000 141.765831
1 1.023792 1.000000 0.998700 0.001420 0.010553 0.000114 24.000000 10.000000 0.000000 2.000000 0.000000 0.000000 124.228810
1 1.019993 1.000000 0.993663 0.001815 0.011067 0.000101 22.000000 10.000000 0.000000 3.000000 0.000000 0.000000 121.630853
1 1.005972 1.000000 0.975940 0.002216 0.012571 0.000110 25.000000 10.000000 0.000000 12.000000 0.000000 0.000000 119.650277
1 1.019224 1.000000 0.979817 0.002759 0.016391 0.000153 30.000000 10.000000 0.000000 23.000000 0.000000 0.000000 172.209547
1 1.047639 1.000000 1.027224 0.001493 0.008509 0.000125 28.000000 10.000000 0.000000 7.000000 0.000000 0.000000 143.806867
1 1.002338 1.000000 0.981069 0.001413 0.008342 0.000096 21.000000 10.000000 0.000000 4.000000 0.000000 0.000000 127.163581
1 1.044280 1.000000 1.000887 0.002351 0.017350 0.000113 23.000000 10.000000 0.000000 20.000000 0.000000 0.000000 132.030696
1 1.024658 1.000000 1.001665 0.001549 0.008912 0.000113 24.000000 10.000000 0.000000 3.000000 0.000000 0.000000 121.910172
1 1.015757 1.000000 0.990809 0.001708 0.010527 0.000102 22.000000 10.000000 0.000000 3.000000 0.000000 0.000000 119.500832
1 1.046432 1.000000 1.018833 0.001951 0.011523 0.000110 24.000000 10.000000 0.000000 5.000000 0.000000 0.000000 139.168794
1 1.268181 1.000000 1.232986 0.002308 0.013840 0.000182 23.000000 10.000000 0.000000 5.000000 0.000000 0.000000 118.475942
1 1.809123 1.000000 1.763769 0.003251 0.019695 0.000235 30.000000 10.000000 0.000000 16.000000 0.000000 0.000000 150.927112
1 1.745964 1.000000 1.703652 0.002929 0.018161 0.000136 22.000000 10.000000 0.000000 12.000000 0.000000 0.000000 120.585415
1 1.088654 1.000000 1.063007 0.001883 0.010670 0.000112 22.000000 10.000000 0.000000 2.000000 0.000000 0.000000 140.977537
1 1.078277 1.000000 1.045536 0.002068 0.014927 0.000101 23.000000 10.000000 0.000000 11.000000 0.000000 0.000000 116.719661
1 1.042893 1.000000 1.014641 0.002036 0.011856 0.000126 25.000000 10.000000 0.000000 10.000000 0.000000 0.000000 141.628649
1 1.050003 1.000000 1.006011 0.002850 0.017704 0.000126 25.000000 10.000000 0.000000 21.000000 0.000000 0.000000 123.928752
1 1.050801 1.000000 1.014606 0.002483 0.015296 0.000101 23.000000 10.000000 0.000000 9.000000 0.000000 0.000000 116.548055
1 1.019052 1.000000 0.991191 0.001807 0.011347 0.000141 30.000000 10.000000 0.000000 5.000000 0.000000 0.000000 148.564066
1 1.003497 1.000000 0.979441 0.001616 0.009561 0.000090 20.000000 10.000000 0.000000 4.000000 0.000000 0.000000 109.033503
1 1.110047 2.000000 0.999469 0.006533 0.038217 0.022286 82.000000 10.000000 3.000000 10.000000 0.000000 0.000000 132.373029
1 1.099331 2.000000 1.026294 0.004662 0.028052 0.011825 44.000000 10.000000 0.000000 8.000000 0.000000 0.000000 123.251305
1 1.143747 2.000000 1.028584 0.007414 0.044116 0.015168 77.000000 10.000000 0.000000 13.000000 0.000000 0.000000 157.065744
1 1.117863 2.000000 1.011077 0.006924 0.038077 0.019039 47.000000 10.000000 0.000000 11.000000 0.000000 0.000000 134.471350
1 2.335000 2.000000 2.126675 0.015549 0.076158 0.040900 154.000000 10.000000 0.000000 10.000000 0.000000 0.000000 154.857301
1 2.398893 2.000000 2.030438 0.026994 0.139929 0.048501 210.000000 10.000000 0.000000 43.000000 0.000000 0.000000 179.723485
1 2.000005 2.000000 1.806018 0.012951 0.065258 0.033167 62.000000 10.000000 0.000000 5.000000 0.000000 0.000000 181.509657
1 1.689864 2.000000 1.569266 0.007233 0.039887 0.027995 63.000000 10.000000 0.000000 23.000000 0.000000 0.000000 173.562264
1 1.066249 2.000000 1.001176 0.003987 0.020351 0.017556 52.000000 10.000000 0.000000 6.000000 0.000000 0.000000 137.435733
1 1.117926 2.000000 1.009392 0.007667 0.040442 0.019752 61.000000 10.000000 0.000000 19.000000 0.000000 0.000000 154.380383
1 1.099254 2.000000 0.997147 0.006815 0.037173 0.019939 55.000000 10.000000 0.000000 21.000000 0.000000 0.000000 137.728968
1 1.889429 2.000000 1.776762 0.008574 0.041033 0.019920 44.000000 10.000000 0.000000 9.000000 0.000000 0.000000 126.757833
1 1.868300 2.000000 1.786880 0.005968 0.026608 0.022115 46.000000 10.000000 0.000000 7.000000 0.000000 0.000000 143.220679
1 1.353460 2.000000 1.280221 0.004426 0.025738 0.013416 47.000000 10.000000 0.000000 15.000000 0.000000 0.000000 128.892915
1 1.129042 2.000000 1.074754 0.003428 0.019257 0.012058 48.000000 10.000000 0.000000 14.000000 0.000000 0.000000 129.329352
1 1.081851 2.000000 1.019083 0.004150 0.024155 0.010060 43.000000 10.000000 0.000000 11.000000 0.000000 0.000000 120.467471
1 1.522573 2.000000 1.243141 0.022528 0.117415 0.022692 47.000000 10.000000 0.000000 75.000000 0.000000 0.000000 126.940874
1 2.098058 2.000000 1.848681 0.017506 0.098426 0.024025 57.000000 10.000000 0.000000 37.000000 0.000000 0.000000 132.525564
1 1.589300 2.000000 1.521826 0.004732 0.024974 0.012432 47.000000 10.000000 0.000000 3.000000 0.000000 0.000000 123.948497
1 1.183929 2.000000 1.027473 0.009888 0.054236 0.027686 153.000000 10.000000 6.000000 26.000000 0.000000 0.000000 170.630005
1 1.146736 2.000000 1.022693 0.007878 0.044990 0.021541 54.000000 10.000000 4.000000 13.000000 0.000000 0.000000 143.773216
1 1.160204 2.000000 1.004980 0.010829 0.057237 0.022681 342.000000 10.000000 12.000000 14.000000 0.000000 0.000000 158.921794
1 1.095512 2.000000 0.995292 0.007536 0.037588 0.014656 64.000000 10.000000 0.000000 25.000000 0.000000 0.000000 166.428797
1 1.084427 2.000000 1.015032 0.004397 0.023988 0.012215 46.000000 10.000000 0.000000 4.000000 0.000000 0.000000 131.518880
1 1.257578 2.000000 1.030020 0.015621 0.082577 0.028722 85.000000 10.000000 4.000000 23.000000 0.000000 0.000000 219.696109
1 1.113912 2.000000 1.010924 0.007287 0.041370 0.013245 48.000000 10.000000 0.000000 18.000000 0.000000 0.000000 138.368620
1 1.247028 2.000000 1.108581 0.009359 0.050896 0.025349 63.000000 10.000000 0.000000 27.000000 0.000000 0.000000 142.142633
1 1.131005 2.000000 1.039245 0.006805 0.030590 0.023176 55.000000 10.000000 0.000000 9.000000 0.000000 0.000000 183.598569
1 1.332836 2.000000 1.106357 0.016825 0.088664 0.038101 59.000000 10.000000 4.000000 25.000000 0.000000 0.000000 144.341543
1 2.434602 2.000000 2.211501 0.017085 0.095085 0.025827 44.000000 10.000000 0.000000 38.000000 0.000000 0.000000 127.179938
1 2.321954 2.000000 1.940264 0.024153 0.151937 0.043960 162.000000 10.000000 8.000000 31.000000 0.000000 0.000000 159.965337
1 1.914644 2.000000 1.780781 0.009014 0.047773 0.025268 57.000000 10.000000 0.000000 8.000000 0.000000 0.000000 160.586072
1 1.578818 2.000000 1.485017 0.005786 0.035062 0.014759 60.000000 10.000000 1.000000 21.000000 0.000000 0.000000 135.965252
1 1.126825 2.000000 1.018856 0.006537 0.038698 0.019223 50.000000 10.000000 3.000000 13.000000 0.000000 0.000000 139.659701
1 1.178987 2.000000 1.012905 0.010470 0.064245 0.021480 70.000000 10.000000 5.000000 38.000000 0.000000 0.000000 138.092341
1 1.288386 2.000000 1.188929 0.007746 0.037476 0.019769 47.000000 10.000000 0.000000 11.000000 0.000000 0.000000 138.085965
1 1.944133 2.000000 1.780021 0.010037 0.059593 0.033397 51.000000 10.000000 0.000000 21.000000 0.000000 0.000000 128.685115
1 1.787078 2.000000 1.713121 0.005016 0.024081 0.017871 53.000000 10.000000 0.000000 8.000000 0.000000 0.000000 155.960154
1 1.225353 2.000000 1.053124 0.010506 0.063635 0.018538 70.000000 10.000000 6.000000 25.000000 0.000000 0.000000 140.825457
1 1.109428 2.000000 1.023144 0.006650 0.029273 0.019149 49.000000 10.000000 0.000000 11.000000 0.000000 0.000000 160.836223
1 1.217598 2.000000 1.029850 0.014245 0.076483 0.015142 61.000000 10.000000 0.000000 61.000000 0.000000 0.000000 160.031235
1 1.003230 2.000000 0.937677 0.004237 0.022960 0.012401 49.000000 10.000000 0.000000 10.000000 0.000000 0.000000 131.154208
1 1.039759 2.000000 0.972523 0.004406 0.024015 0.012112 48.000000 10.000000 0.000000 9.000000 0.000000 0.000000 135.940172
1 1.128765 2.000000 0.993596 0.008436 0.050451 0.017941 49.000000 10.000000 0.000000 21.000000 0.000000 0.000000 144.754619
1 1.193630 2.000000 1.021305 0.011402 0.068136 0.018081 61.000000 10.000000 0.000000 35.000000 0.000000 0.000000 135.661778
1 1.054880 2.000000 1.002592 0.003610 0.018031 0.011843 48.000000 10.000000 0.000000 9.000000 0.000000 0.000000 139.188722
1 1.077582 2.000000 1.010186 0.004243 0.025121 0.011212 48.000000 10.000000 0.000000 15.000000 0.000000 0.000000 131.938427
1 1.259033 2.000000 1.009222 0.016919 0.105169 0.019375 68.000000 10.000000 0.000000 67.000000 0.000000 0.000000 143.580899
1 1.746601 2.000000 1.575095 0.010289 0.056389 0.039801 49.000000 10.000000 0.000000 4.000000 0.000000 0.000000 133.112250
1 2.315603 2.000000 2.221184 0.006199 0.032226 0.020778 44.000000 10.000000 0.000000 13.000000 0.000000 0.000000 125.416659
1 1.953145 2.000000 1.865735 0.006478 0.033523 0.014335 42.000000 10.000000 0.000000 7.000000 0.000000 0.000000 127.177906
1 1.908712 2.000000 1.799763 0.007577 0.040912 0.020939 52.000000 10.000000 0.000000 5.000000 0.000000 0.000000 141.096314
1 1.346834 2.000000 1.228511 0.007992 0.045086 0.013907 58.000000 10.000000 0.000000 37.000000 0.000000 0.000000 138.453415
1 1.039911 2.000000 0.976758 0.004467 0.022299 0.011347 41.000000 10.000000 0.000000 6.000000 0.000000 0.000000 118.105426
1 1.177590 2.000000 1.015531 0.011424 0.060427 0.023575 62.000000 10.000000 0.000000 34.000000 0.000000 0.000000 133.044037
1 1.298258 2.000000 1.175869 0.007369 0.037979 0.032329 59.000000 10.000000 0.000000 12.000000 0.000000 0.000000 131.548696
1 1.926008 2.000000 1.814834 0.007063 0.037097 0.025291 42.000000 10.000000 0.000000 8.000000 0.000000 0.000000 122.354424
1 1.841275 2.000000 1.759596 0.005926 0.029373 0.013946 47.000000 10.000000 0.000000 7.000000 0.000000 0.000000 133.842253
1 1.184151 2.000000 1.101273 0.004805 0.027876 0.017844 56.000000 10.000000 0.000000 4.000000 0.000000 0.000000 148.948360
1 1.122127 2.000000 1.045830 0.005138 0.028617 0.010947 42.000000 10.000000 0.000000 16.000000 0.000000 0.000000 125.807141
1 1.144046 4.000000 1.003322 0.008341 0.038239 0.063959 83.000000 10.000000 0.000000 17.000000 0.000000 0.000000 119.815197
1 3.244296 4.000000 2.836448 0.025510 0.111426 0.170620 121.000000 10.000000 0.000000 20.000000 0.000000 0.000000 152.962370
1 1.672872 4.000000 1.507808 0.009832 0.047322 0.066240 77.000000 10.000000 1.000000 4.000000 0.000000 0.000000 129.793533
1 1.205816 4.000000 1.015656 0.012813 0.057764 0.071844 83.000000 10.000000 0.000000 11.000000 0.000000 0.000000 132.242760
1 1.204017 4.000000 0.997075 0.014216 0.059341 0.082245 88.000000 10.000000 3.000000 23.000000 0.000000 0.000000 133.052634
1 1.266084 4.000000 1.021725 0.015776 0.072825 0.097790 78.000000 10.000000 0.000000 6.000000 0.000000 0.000000 124.785121
1 2.075393 4.000000 1.832152 0.015499 0.070388 0.100865 79.000000 10.000000 0.000000 22.000000 0.000000 0.000000 117.260414
1 1.880209 4.000000 1.738337 0.008460 0.035690 0.067035 74.000000 10.000000 0.000000 8.000000 0.000000 0.000000 119.027200
1 1.210779 4.000000 1.027275 0.013629 0.054752 0.070961 95.000000 10.000000 0.000000 6.000000 0.000000 0.000000 148.546221
1 1.174307 4.000000 0.994502 0.011790 0.049005 0.075848 93.000000 10.000000 0.000000 10.000000 0.000000 0.000000 149.363089
1 1.130717 4.000000 1.009612 0.007369 0.034250 0.049152 71.000000 10.000000 0.000000 12.000000 0.000000 0.000000 110.732310
1 2.258496 4.000000 1.662387 0.045894 0.214847 0.151736 108.000000 10.000000 8.000000 65.000000 0.000000 0.000000 125.411264
1 2.049393 4.000000 1.749755 0.020378 0.088193 0.116783 88.000000 10.000000 3.000000 17.000000 0.000000 0.000000 140.188949
1 1.263040 4.000000 1.050611 0.014712 0.063037 0.080343 108.000000 10.000000 0.000000 21.000000 0.000000 0.000000 170.336457
1 1.147853 4.000000 0.996569 0.008817 0.048522 0.055377 73.000000 10.000000 0.000000 18.000000 0.000000 0.000000 114.959510
1 1.340787 4.000000 1.015295 0.024953 0.107503 0.095101 134.000000 10.000000 0.000000 64.000000 0.000000 0.000000 162.673648
1 1.966851 4.000000 1.712940 0.014838 0.063846 0.122431 86.000000 10.000000 0.000000 5.000000 0.000000 0.000000 123.453261
1 2.064062 4.000000 1.798139 0.015486 0.070260 0.114830 76.000000 10.000000 0.000000 12.000000 0.000000 0.000000 114.015830
1 1.277744 4.000000 1.080585 0.013362 0.057828 0.078149 86.000000 10.000000 0.000000 20.000000 0.000000 0.000000 127.609159
1 1.133497 4.000000 1.021476 0.007317 0.030681 0.048902 71.000000 10.000000 0.000000 5.000000 0.000000 0.000000 124.191551
1 1.171751 4.000000 0.993861 0.013523 0.057418 0.059657 82.000000 10.000000 0.000000 22.000000 0.000000 0.000000 129.681197
1 1.962711 4.000000 1.610700 0.022128 0.090738 0.151140 107.000000 10.000000 0.000000 29.000000 0.000000 0.000000 162.238657
1 2.163862 4.000000 1.739390 0.030542 0.132010 0.151222 120.000000 10.000000 0.000000 44.000000 0.000000 0.000000 146.023969
1 1.359199 4.000000 1.160021 0.012960 0.058398 0.080378 100.000000 10.000000 0.000000 22.000000 0.000000 0.000000 138.600578
1 1.159497 4.000000 0.997312 0.010529 0.045798 0.066421 78.000000 10.000000 0.000000 45.000000 0.000000 0.000000 121.004235
1 1.167759 4.000000 1.001789 0.011575 0.047244 0.063816 87.000000 10.000000 0.000000 28.000000 0.000000 0.000000 138.424417
1 1.668673 4.000000 1.401834 0.017027 0.073150 0.115898 89.000000 10.000000 0.000000 13.000000 0.000000 0.000000 127.203591
1 2.153255 4.000000 1.784129 0.026335 0.114505 0.127829 92.000000 10.000000 0.000000 26.000000 0.000000 0.000000 134.063575
1 1.814635 4.000000 1.366820 0.031938 0.146715 0.154029 152.000000 10.000000 10.000000 126.000000 0.000000 0.000000 198.643771
1 1.148959 4.000000 1.008968 0.008612 0.037944 0.060742 81.000000 10.000000 0.000000 10.000000 0.000000 0.000000 123.981100
1 1.176543 4.000000 1.011452 0.011611 0.046951 0.062788 84.000000 10.000000 0.000000 10.000000 0.000000 0.000000 142.880966
1 1.654839 4.000000 1.406941 0.016559 0.075215 0.095644 78.000000 10.000000 0.000000 15.000000 0.000000 0.000000 115.175531
1 1.999384 4.000000 1.739904 0.015722 0.069928 0.115099 94.000000 10.000000 0.000000 10.000000 0.000000 0.000000 139.097275
1 1.593575 4.000000 1.376797 0.015491 0.062592 0.084986 93.000000 10.000000 0.000000 14.000000 0.000000 0.000000 164.164356
1 1.153536 4.000000 1.017299 0.009240 0.038437 0.058555 81.000000 10.000000 3.000000 6.000000 0.000000 0.000000 128.193714
1 1.197883 4.000000 1.045825 0.009608 0.041825 0.064255 88.000000 10.000000 0.000000 20.000000 0.000000 0.000000 137.995902
1 1.534751 4.000000 1.245807 0.018182 0.083997 0.105081 85.000000 10.000000 0.000000 17.000000 0.000000 0.000000 126.584280
1 2.040033 4.000000 1.790892 0.015599 0.066724 0.106063 78.000000 10.000000 0.000000 3.000000 0.000000 0.000000 125.008571
1 1.775514 4.000000 1.562251 0.013105 0.054784 0.094103 105.000000 10.000000 4.000000 12.000000 0.000000 0.000000 159.218403
1 1.127977 4.000000 0.991485 0.008664 0.039282 0.055448 77.000000 10.000000 0.000000 22.000000 0.000000 0.000000 115.656540
1 1.440640 4.000000 1.060757 0.025451 0.126769 0.112283 124.000000 10.000000 4.000000 67.000000 0.000000 0.000000 129.507772
1 1.399836 4.000000 1.185492 0.013417 0.057992 0.091680 78.000000 10.000000 2.000000 9.000000 0.000000 0.000000 126.684739
1 2.151721 4.000000 1.855047 0.018805 0.084265 0.121525 95.000000 10.000000 0.000000 18.000000 0.000000 0.000000 138.613669
1 1.743534 4.000000 1.594878 0.009814 0.041882 0.059926 74.000000 10.000000 0.000000 11.000000 0.000000 0.000000 117.451632
1 1.361956 4.000000 1.032483 0.025965 0.129091 0.072732 92.000000 10.000000 0.000000 86.000000 0.000000 0.000000 127.106777
1 1.306539 4.000000 1.004407 0.020316 0.105599 0.089853 128.000000 10.000000 28.000000 51.000000 0.000000 0.000000 132.130278
1 1.476574 4.000000 1.253464 0.013011 0.062334 0.093770 71.000000 10.000000 0.000000 5.000000 0.000000 0.000000 113.658027
1 2.387453 4.000000 1.801129 0.037162 0.158142 0.237598 132.000000 10.000000 0.000000 17.000000 0.000000 0.000000 210.600007
1 1.543115 4.000000 1.395128 0.010358 0.046616 0.053700 78.000000 10.000000 0.000000 17.000000 0.000000 0.000000 128.729834
1 1.146788 4.000000 1.005639 0.009251 0.041654 0.053228 77.000000 10.000000 0.000000 7.000000 0.000000 0.000000 119.154915
1 1.169603 4.000000 1.038300 0.008104 0.037582 0.057429 82.000000 10.000000 0.000000 11.000000 0.000000 0.000000 124.345415
1 1.624802 4.000000 1.128944 0.035155 0.151410 0.178834 110.000000 10.000000 18.000000 11.000000 0.000000 0.000000 167.802491
1 2.155370 4.000000 1.792834 0.026080 0.112282 0.125987 85.000000 10.000000 0.000000 21.000000 0.000000 0.000000 140.255269
1 1.711242 4.000000 1.523508 0.010975 0.053719 0.078431 92.000000 10.000000 0.000000 22.000000 0.000000 0.000000 119.290572
1 1.585391 4.000000 1.407054 0.010914 0.051774 0.069957 90.000000 10.000000 0.000000 23.000000 0.000000 0.000000 113.490672
1 1.122810 4.000000 1.009078 0.006231 0.029911 0.052975 74.000000 10.000000 0.000000 9.000000 0.000000 0.000000 121.132011
1 1.531078 4.000000 1.269785 0.016199 0.075916 0.104174 77.000000 10.000000 0.000000 7.000000 0.000000 0.000000 119.550252
1 2.135291 4.000000 1.753458 0.021744 0.111296 0.165012 109.000000 10.000000 0.000000 24.000000 0.000000 0.000000 150.244933
1 1.687710 4.000000 1.460968 0.017803 0.079161 0.064349 92.000000 10.000000 0.000000 48.000000 0.000000 0.000000 129.679809
1 1.141717 4.000000 0.989971 0.009962 0.046856 0.058237 84.000000 10.000000 0.000000 21.000000 0.000000 0.000000 116.261066
1 1.376080 6.000000 1.043159 0.018896 0.086765 0.158881 112.000000 10.000000 0.000000 26.000000 0.000000 0.000000 121.256414
1 1.829854 6.000000 1.246941 0.032304 0.160556 0.260135 121.000000 10.000000 0.000000 26.000000 0.000000 0.000000 116.982621
1 2.341811 6.000000 1.783618 0.029091 0.137019 0.274944 113.000000 10.000000 0.000000 29.000000 0.000000 0.000000 116.805860
1 1.852211 6.000000 1.347702 0.029899 0.142759 0.210339 144.000000 10.000000 6.000000 54.000000 0.000000 0.000000 134.797004
1 1.410906 6.000000 1.029561 0.022283 0.109517 0.164461 133.000000 10.000000 0.000000 33.000000 0.000000 0.000000 139.239935
1 1.657715 6.000000 1.030298 0.044730 0.188342 0.243611 129.000000 10.000000 6.000000 28.000000 0.000000 0.000000 129.077387
1 2.366313 6.000000 1.760625 0.030655 0.154932 0.292532 122.000000 10.000000 0.000000 52.000000 0.000000 0.000000 107.398713
1 2.809741 6.000000 1.588775 0.077117 0.425307 0.370240 279.000000 10.000000 0.000000 228.000000 0.000000 0.000000 159.253489
1 1.875112 6.000000 1.440398 0.023022 0.111541 0.204211 144.000000 10.000000 0.000000 28.000000 0.000000 0.000000 133.319711
1 1.559601 6.000000 0.983801 0.031054 0.153136 0.261667 167.000000 10.000000 0.000000 87.000000 0.000000 0.000000 140.756386
1 1.300067 6.000000 0.988174 0.015901 0.077957 0.156003 120.000000 10.000000 0.000000 21.000000 0.000000 0.000000 127.098147
1 1.302212 6.000000 0.967167 0.019437 0.100386 0.134838 114.000000 10.000000 0.000000 41.000000 0.000000 0.000000 119.698946
1 1.319130 6.000000 1.024803 0.015545 0.078183 0.134719 104.000000 10.000000 4.000000 24.000000 0.000000 0.000000 116.808483
1 1.355174 6.000000 1.018403 0.018177 0.091469 0.154474 127.000000 10.000000 0.000000 40.000000 0.000000 0.000000 133.253150
1 1.313984 6.000000 1.019428 0.016421 0.076099 0.145169 119.000000 10.000000 0.000000 9.000000 0.000000 0.000000 132.977522
1 2.662734 6.000000 1.852139 0.043670 0.222648 0.379893 122.000000 10.000000 1.000000 47.000000 0.000000 0.000000 131.204059
1 2.578356 6.000000 2.041600 0.026730 0.134777 0.258130 105.000000 10.000000 5.000000 33.000000 0.000000 0.000000 106.040917
1 2.337035 6.000000 1.801558 0.026266 0.140295 0.257865 117.000000 10.000000 0.000000 24.000000 0.000000 0.000000 114.276485
1 1.688081 6.000000 1.296278 0.022389 0.103607 0.179970 122.000000 10.000000 0.000000 17.000000 0.000000 0.000000 149.217952
1 1.530976 6.000000 1.025824 0.034542 0.170254 0.174210 130.000000 10.000000 9.000000 194.000000 0.000000 0.000000 131.078891
1 1.465978 6.000000 1.030172 0.024704 0.116854 0.200197 138.000000 10.000000 0.000000 32.000000 0.000000 0.000000 134.146271
1 2.404427 6.000000 1.738580 0.043085 0.195189 0.266012 121.000000 10.000000 12.000000 26.000000 0.000000 0.000000 127.408501
1 2.251273 6.000000 1.649453 0.031960 0.157381 0.278383 179.000000 10.000000 27.000000 50.000000 0.000000 0.000000 142.785580
1 1.277931 6.000000 0.989268 0.014873 0.073155 0.146136 123.000000 10.000000 4.000000 14.000000 0.000000 0.000000 125.036437
1 2.101558 6.000000 1.497690 0.036204 0.168598 0.255820 156.000000 10.000000 1.000000 43.000000 0.000000 0.000000 150.045458
1 2.426114 6.000000 1.776297 0.036122 0.161679 0.317948 120.000000 10.000000 12.000000 12.000000 0.000000 0.000000 128.800141
1 2.042926 6.000000 1.611625 0.022515 0.117136 0.199989 125.000000 10.000000 7.000000 27.000000 0.000000 0.000000 126.197515
1 1.454245 6.000000 1.063274 0.022535 0.110128 0.173172 122.000000 10.000000 2.000000 31.000000 0.000000 0.000000 137.687931
1 1.437727 6.000000 1.051321 0.019792 0.102922 0.178950 135.000000 10.000000 0.000000 37.000000 0.000000 0.000000 129.256613
1 2.377607 6.000000 1.556162 0.051730 0.240658 0.329127 134.000000 10.000000 6.000000 33.000000 0.000000 0.000000 147.676001
1 2.233884 6.000000 1.774761 0.025197 0.119149 0.221095 130.000000 10.000000 0.000000 15.000000 0.000000 0.000000 130.866680
1 1.837667 6.000000 1.018068 0.048182 0.237069 0.343307 230.000000 10.000000 19.000000 86.000000 0.000000 0.000000 162.961526
1 1.383534 6.000000 1.011120 0.023294 0.104321 0.154426 126.000000 10.000000 1.000000 19.000000 0.000000 0.000000 148.099014
1 1.929148 6.000000 1.472322 0.023869 0.116548 0.227452 103.000000 10.000000 5.000000 10.000000 0.000000 0.000000 115.630757
1 2.501802 6.000000 1.886790 0.036468 0.164063 0.276552 131.000000 10.000000 0.000000 23.000000 0.000000 0.000000 150.744388
1 1.393953 6.000000 1.040851 0.021931 0.102548 0.152156 132.000000 10.000000 4.000000 32.000000 0.000000 0.000000 144.270377
1 1.397690 6.000000 1.008616 0.023715 0.106466 0.169845 126.000000 10.000000 13.000000 20.000000 0.000000 0.000000 133.349689
1 1.716389 6.000000 1.015272 0.038712 0.179959 0.327779 149.000000 10.000000 0.000000 33.000000 0.000000 0.000000 141.201315
1 2.581040 6.000000 1.858304 0.043552 0.195055 0.330564 145.000000 10.000000 16.000000 20.000000 0.000000 0.000000 147.474232
1 1.767081 6.000000 1.395066 0.021297 0.092466 0.185215 135.000000 10.000000 16.000000 14.000000 0.000000 0.000000 141.902338
1 1.984207 6.000000 1.017990 0.066358 0.316050 0.300758 210.000000 10.000000 2.000000 162.000000 0.000000 0.000000 141.611480
1 2.121689 6.000000 1.040036 0.072031 0.321062 0.406761 166.000000 10.000000 23.000000 56.000000 0.000000 0.000000 149.366229
1 2.968683 6.000000 2.474472 0.024141 0.121167 0.249714 119.000000 10.000000 0.000000 23.000000 0.000000 0.000000 112.730362
1 1.900141 6.000000 1.030125 0.073753 0.288276 0.258603 181.000000 10.000000 36.000000 46.000000 0.000000 0.000000 167.851592
1 1.449553 6.000000 1.002779 0.023683 0.110461 0.222856 156.000000 10.000000 0.000000 31.000000 0.000000 0.000000 149.087532
1 1.823956 6.000000 1.341984 0.026048 0.132528 0.222456 98.000000 10.000000 0.000000 13.000000 0.000000 0.000000 118.035860
1 2.467128 6.000000 1.860179 0.037770 0.182182 0.249651 111.000000 10.000000 9.000000 74.000000 0.000000 0.000000 122.033369
1 1.573516 6.000000 1.178104 0.021213 0.099475 0.192406 124.000000 10.000000 0.000000 25.000000 0.000000 0.000000 136.967488
1 1.320647 6.000000 1.018692 0.016319 0.085522 0.133431 111.000000 10.000000 0.000000 33.000000 0.000000 0.000000 104.761375
1 2.395805 6.000000 1.508993 0.050105 0.255270 0.379338 136.000000 10.000000 4.000000 81.000000 0.000000 0.000000 118.221628
1 2.650317 6.000000 1.816278 0.044597 0.202544 0.425385 166.000000 10.000000 0.000000 29.000000 0.000000 0.000000 179.131429
1 1.708735 6.000000 1.067284 0.040791 0.185279 0.265204 175.000000 10.000000 21.000000 74.000000 0.000000 0.000000 172.822111
1 1.307595 6.000000 1.002745 0.017163 0.085838 0.135765 113.000000 10.000000 0.000000 18.000000 0.000000 0.000000 124.299342
1 1.529412 6.000000 1.009231 0.030372 0.135406 0.234744 126.000000 10.000000 9.000000 18.000000 0.000000 0.000000 134.670079
1 2.448612 6.000000 1.831560 0.031650 0.157914 0.296916 116.000000 10.000000 5.000000 17.000000 0.000000 0.000000 123.649970
1 1.932496 6.000000 1.524508 0.023483 0.108675 0.182925 127.000000 10.000000 0.000000 22.000000 0.000000 0.000000 137.149108
1 1.480502 6.000000 1.032121 0.025932 0.123001 0.200543 140.000000 10.000000 6.000000 23.000000 0.000000 0.000000 153.142548
1 1.399909 6.000000 1.028177 0.020914 0.097330 0.175851 133.000000 10.000000 0.000000 20.000000 0.000000 0.000000 139.698691
1 2.168750 6.000000 1.540677 0.034688 0.162326 0.291427 119.000000 10.000000 12.000000 17.000000 0.000000 0.000000 131.167283
1 2.300946 6.000000 1.803598 0.023245 0.118654 0.257433 117.000000 10.000000 0.000000 18.000000 0.000000 0.000000 126.525137
1 1.670909 8.000000 1.019341 0.035861 0.171553 0.315333 153.000000 10.000000 0.000000 41.000000 0.000000 0.000000 133.269437
1 2.150746 8.000000 1.007218 0.066778 0.311154 0.522589 243.000000 10.000000 15.000000 60.000000 0.000000 0.000000 189.323265
1 3.500338 8.000000 1.826479 0.092387 0.459641 0.773801 243.000000 10.000000 5.000000 101.000000 0.000000 0.000000 157.128802
1 2.176569 8.000000 1.274604 0.042028 0.225911 0.469291 228.000000 10.000000 1.000000 125.000000 0.000000 0.000000 126.684557
1 1.639694 8.000000 1.005784 0.027537 0.137162 0.366825 158.000000 10.000000 4.000000 15.000000 0.000000 0.000000 125.946304
1 5.063363 8.000000 1.395667 0.239853 1.177795 1.392265 390.000000 10.000000 45.000000 193.000000 0.000000 0.000000 227.917422
1 1.750985 8.000000 1.028338 0.035202 0.176021 0.378314 200.000000 10.000000 0.000000 42.000000 0.000000 0.000000 143.110218
1 2.390996 8.000000 1.027610 0.077763 0.385048 0.620226 243.000000 10.000000 19.000000 106.000000 0.000000 0.000000 149.705696
1 2.827589 8.000000 1.733620 0.048381 0.251309 0.615746 155.000000 10.000000 0.000000 28.000000 0.000000 0.000000 122.080043
1 2.390938 8.000000 1.354708 0.047507 0.259931 0.545956 221.000000 10.000000 24.000000 76.000000 0.000000 0.000000 129.012766
1 2.244741 8.000000 1.480888 0.038719 0.201376 0.373390 181.000000 10.000000 20.000000 56.000000 0.000000 0.000000 126.814189
1 2.847053 8.000000 1.773198 0.050453 0.236978 0.609494 163.000000 10.000000 0.000000 23.000000 0.000000 0.000000 139.164147
1 2.213527 8.000000 1.468471 0.039356 0.209969 0.327319 171.000000 10.000000 68.000000 56.000000 0.000000 0.000000 117.756950
1 1.751212 8.000000 1.060583 0.032193 0.171005 0.357689 166.000000 10.000000 11.000000 62.000000 0.000000 0.000000 116.572745
1 3.104090 8.000000 1.058938 0.113230 0.575971 0.899619 236.000000 10.000000 49.000000 140.000000 0.000000 0.000000 128.037110
1 2.680159 8.000000 1.833559 0.043678 0.244448 0.378625 197.000000 10.000000 24.000000 88.000000 0.000000 0.000000 121.180827
1 1.706402 8.000000 1.025393 0.031856 0.150754 0.380843 170.000000 10.000000 17.000000 12.000000 0.000000 0.000000 133.668968
1 2.623365 8.000000 1.010855 0.087607 0.468632 0.711576 258.000000 10.000000 40.000000 103.000000 0.000000 0.000000 138.163095
1 2.998967 8.000000 1.820634 0.059178 0.303748 0.575041 159.000000 10.000000 2.000000 54.000000 0.000000 0.000000 121.731120
1 1.775290 8.000000 1.038922 0.043485 0.218402 0.326012 175.000000 10.000000 7.000000 479.000000 0.000000 0.000000 131.358057
1 1.740142 8.000000 1.013321 0.036627 0.186406 0.366537 176.000000 10.000000 4.000000 65.000000 0.000000 0.000000 127.314243
1 4.041750 8.000000 1.648480 0.153651 0.714919 0.975752 265.000000 10.000000 16.000000 203.000000 0.000000 0.000000 151.311928
1 2.235421 8.000000 1.098427 0.052824 0.298653 0.566430 234.000000 10.000000 15.000000 102.000000 0.000000 0.000000 140.392547
1 1.623739 8.000000 1.045982 0.024852 0.123931 0.338081 170.000000 10.000000 3.000000 17.000000 0.000000 0.000000 142.618783
1 2.839839 8.000000 1.697094 0.060564 0.302461 0.539861 155.000000 10.000000 19.000000 54.000000 0.000000 0.000000 112.509559
1 2.808290 8.000000 1.651774 0.057407 0.291506 0.570797 228.000000 10.000000 36.000000 35.000000 0.000000 0.000000 152.102872
1 2.165710 8.000000 1.023358 0.067279 0.340638 0.497002 254.000000 10.000000 25.000000 141.000000 0.000000 0.000000 140.107010
1 2.890445 8.000000 1.545180 0.082462 0.396023 0.567099 182.000000 10.000000 27.000000 112.000000 0.000000 0.000000 131.568964
1 2.930554 8.000000 1.659140 0.057204 0.325706 0.658507 244.000000 10.000000 5.000000 98.000000 0.000000 0.000000 158.287971
1 1.578276 8.000000 1.011618 0.025211 0.127502 0.324293 163.000000 10.000000 2.000000 40.000000 0.000000 0.000000 127.502968
1 3.503056 8.000000 1.149503 0.131583 0.624232 1.112894 267.000000 10.000000 14.000000 106.000000 0.000000 0.000000 173.613198
1 2.554681 8.000000 1.653514 0.040916 0.222184 0.475874 201.000000 10.000000 4.000000 75.000000 0.000000 0.000000 119.043156
1 2.062334 8.000000 1.098421 0.052895 0.266359 0.451477 220.000000 10.000000 6.000000 98.000000 0.000000 0.000000 146.293501
1 3.073357 8.000000 1.214075 0.103219 0.461711 0.948635 240.000000 10.000000 3.000000 42.000000 0.000000 0.000000 208.503639
1 2.977159 8.000000 1.759084 0.065271 0.307057 0.617938 255.000000 10.000000 9.000000 117.000000 0.000000 0.000000 167.623665
1 1.630257 8.000000 1.057144 0.023814 0.122193 0.336439 170.000000 10.000000 0.000000 24.000000 0.000000 0.000000 121.119374
1 2.767531 8.000000 1.083254 0.088111 0.433911 0.837590 207.000000 10.000000 1.000000 65.000000 0.000000 0.000000 141.636883
1 2.971936 8.000000 1.806115 0.072371 0.344446 0.501114 192.000000 10.000000 1.000000 90.000000 0.000000 0.000000 125.977594
1 1.643365 8.000000 1.052817 0.025101 0.141414 0.321794 163.000000 10.000000 0.000000 27.000000 0.000000 0.000000 127.015556
1 3.019052 8.000000 1.053469 0.136048 0.639940 0.722223 244.000000 10.000000 25.000000 108.000000 0.000000 0.000000 169.032262
1 3.184528 8.000000 1.892808 0.066174 0.352149 0.629131 233.000000 10.000000 25.000000 48.000000 0.000000 0.000000 163.953178
1 1.913668 8.000000 1.064860 0.048343 0.241190 0.385160 193.000000 10.000000 15.000000 95.000000 0.000000 0.000000 127.563421
1 2.436869 8.000000 1.014676 0.076044 0.371181 0.692190 226.000000 10.000000 20.000000 29.000000 0.000000 0.000000 180.506757
1 3.191422 8.000000 1.876613 0.057816 0.309624 0.720563 198.000000 10.000000 7.000000 75.000000 0.000000 0.000000 130.903570
1 1.660007 8.000000 1.033299 0.028930 0.153730 0.328008 173.000000 10.000000 2.000000 33.000000 0.000000 0.000000 122.580293
1 1.618598 8.000000 1.002867 0.028914 0.143660 0.338441 175.000000 10.000000 14.000000 43.000000 0.000000 0.000000 125.607799
1 2.805381 8.000000 1.486650 0.060094 0.313952 0.718914 204.000000 10.000000 16.000000 53.000000 0.000000 0.000000 136.460535
1 2.373495 8.000000 1.719623 0.028858 0.154585 0.356376 164.000000 10.000000 16.000000 47.000000 0.000000 0.000000 124.866514
1 1.813356 8.000000 1.010705 0.042504 0.213766 0.387085 193.000000 10.000000 31.000000 69.000000 0.000000 0.000000 123.910019
1 2.306386 8.000000 1.014231 0.072157 0.327630 0.658300 223.000000 10.000000 19.000000 49.000000 0.000000 0.000000 166.609050
1 3.432326 8.000000 1.746968 0.077360 0.388013 0.938728 228.000000 10.000000 3.000000 79.000000 0.000000 0.000000 158.074070
1 1.714838 8.000000 1.020559 0.035673 0.179619 0.342533 177.000000 10.000000 7.000000 35.000000 0.000000 0.000000 147.384433
1 3.983057 8.000000 1.018672 0.276289 1.101853 0.790456 307.000000 10.000000 85.000000 59.000000 0.000000 0.000000 154.756678
1 2.815211 8.000000 1.827836 0.045455 0.239266 0.530153 204.000000 10.000000 10.000000 53.000000 0.000000 0.000000 144.442726
1 1.763770 8.000000 1.173056 0.029278 0.154496 0.296627 162.000000 10.000000 0.000000 50.000000 0.000000 0.000000 123.060034
1 2.270408 8.000000 1.037140 0.081134 0.388478 0.480034 173.000000 10.000000 0.000000 57.000000 0.000000 0.000000 137.615783
1 3.131384 8.000000 1.784758 0.063844 0.355330 0.674618 201.000000 10.000000 0.000000 77.000000 0.000000 0.000000 130.391616
1 1.866520 8.000000 1.023972 0.044452 0.220598 0.415586 204.000000 10.000000 11.000000 68.000000 0.000000 0.000000 148.538192
1 1.609398 8.000000 1.021407 0.033976 0.164046 0.275692 154.000000 10.000000 6.000000 48.000000 0.000000 0.000000 120.491280
1 2.853086 8.000000 1.537468 0.061228 0.343876 0.666119 179.000000 10.000000 18.000000 51.000000 0.000000 0.000000 131.145678
1 3.209580 10.000000 1.665861 0.066617 0.338423 0.892266 297.000000 10.000000 2.000000 62.000000 0.000000 0.000000 192.825917
1 2.834961 10.000000 1.048652 0.080369 0.444938 0.955488 301.000000 10.000000 70.000000 82.000000 0.000000 0.000000 139.127045
1 4.209659 10.000000 1.929008 0.110579 0.560871 1.196111 272.000000 10.000000 44.000000 196.000000 0.000000 0.000000 163.007874
1 2.630304 10.000000 1.024480 0.072008 0.385408 0.885497 291.000000 10.000000 19.000000 104.000000 0.000000 0.000000 155.381339
1 5.152798 10.000000 1.467031 0.131555 0.714946 2.355841 437.000000 10.000000 27.000000 149.000000 0.000000 0.000000 173.645228
1 3.515390 10.000000 2.041619 0.041649 0.234133 1.015250 324.000000 10.000000 22.000000 50.000000 0.000000 0.000000 128.995919
1 1.696115 10.000000 0.968742 0.026511 0.140727 0.465674 191.000000 10.000000 0.000000 17.000000 0.000000 0.000000 132.189238
1 2.270616 10.000000 0.993510 0.055339 0.295516 0.720315 280.000000 10.000000 98.000000 60.000000 0.000000 0.000000 131.811991
1 3.598009 10.000000 1.436258 0.099841 0.486159 1.230291 356.000000 10.000000 58.000000 89.000000 0.000000 0.000000 188.717278
1 4.530984 10.000000 1.994614 0.140592 0.720639 1.202699 240.000000 10.000000 8.000000 121.000000 0.000000 0.000000 140.539083
1 4.145253 10.000000 1.812028 0.099925 0.485739 1.400908 251.000000 10.000000 5.000000 51.000000 0.000000 0.000000 159.880485
1 2.136233 10.000000 1.129381 0.042208 0.224769 0.581188 238.000000 10.000000 44.000000 35.000000 0.000000 0.000000 136.671997
1 2.043518 10.000000 1.001654 0.046466 0.237708 0.588906 239.000000 10.000000 34.000000 46.000000 0.000000 0.000000 143.293553
1 2.613990 10.000000 0.978956 0.077802 0.360797 0.934705 331.000000 10.000000 35.000000 20.000000 0.000000 0.000000 212.010810
1 4.180965 10.000000 1.009792 0.159073 0.868319 1.544675 556.000000 10.000000 49.000000 372.000000 0.000000 0.000000 195.049128
1 4.510672 10.000000 1.739322 0.115573 0.577518 1.663081 281.000000 10.000000 13.000000 66.000000 0.000000 0.000000 160.016066
1 3.559087 10.000000 1.784668 0.058364 0.310584 1.186601 216.000000 10.000000 0.000000 26.000000 0.000000 0.000000 138.576106
1 3.235410 10.000000 1.265847 0.089089 0.497197 1.044659 331.000000 10.000000 23.000000 150.000000 0.000000 0.000000 146.644559
1 2.166421 10.000000 1.030582 0.042967 0.228935 0.693579 249.000000 10.000000 28.000000 49.000000 0.000000 0.000000 146.918339
1 2.165005 10.000000 0.995410 0.054827 0.285766 0.620588 254.000000 10.000000 7.000000 80.000000 0.000000 0.000000 136.849684
1 3.350525 10.000000 1.470005 0.088800 0.448220 1.021863 344.000000 10.000000 107.000000 117.000000 0.000000 0.000000 145.206690
1 3.594451 10.000000 0.998320 0.128366 0.650149 1.346298 263.000000 10.000000 55.000000 74.000000 0.000000 0.000000 152.624448
1 5.003386 10.000000 2.073907 0.129981 0.678065 1.640222 301.000000 10.000000 19.000000 90.000000 0.000000 0.000000 167.268800
1 3.902910 10.000000 1.386215 0.129329 0.650500 1.234227 417.000000 10.000000 44.000000 326.000000 0.000000 0.000000 173.697797
1 2.080588 10.000000 1.007847 0.042755 0.237828 0.617586 239.000000 10.000000 8.000000 62.000000 0.000000 0.000000 139.791641
1 2.557302 10.000000 1.022584 0.071573 0.397842 0.777870 296.000000 10.000000 5.000000 167.000000 0.000000 0.000000 139.365162
1 2.582154 10.000000 1.039089 0.066143 0.333137 0.920219 316.000000 10.000000 38.000000 83.000000 0.000000 0.000000 158.724943
1 5.212700 10.000000 1.049369 0.181904 1.034563 2.200266 382.000000 10.000000 82.000000 166.000000 0.000000 0.000000 152.995488
1 5.528136 10.000000 2.601123 0.124498 0.636112 1.685682 350.000000 10.000000 39.000000 57.000000 0.000000 0.000000 188.388987
1 2.520292 10.000000 1.018407 0.063455 0.329844 0.885488 302.000000 10.000000 13.000000 70.000000 0.000000 0.000000 163.285493
1 5.237038 10.000000 1.715137 0.165625 0.831417 1.900820 422.000000 10.000000 122.000000 125.000000 0.000000 0.000000 181.661126
1 4.095022 10.000000 1.002347 0.143215 0.760015 1.568893 489.000000 10.000000 185.000000 256.000000 0.000000 0.000000 144.361125
1 6.760450 10.000000 1.805171 0.268411 1.374324 2.347798 678.000000 10.000000 110.000000 681.000000 0.000000 0.000000 174.241864
1 4.332405 10.000000 1.832975 0.103026 0.575300 1.405207 282.000000 10.000000 44.000000 102.000000 0.000000 0.000000 143.869640
1 2.384267 10.000000 1.043222 0.053649 0.270676 0.818281 259.000000 10.000000 7.000000 42.000000 0.000000 0.000000 154.766302
1 2.587708 10.000000 1.034354 0.070240 0.371472 0.853937 338.000000 10.000000 34.000000 131.000000 0.000000 0.000000 171.636705
1 3.089825 10.000000 0.948788 0.111142 0.552767 1.082183 374.000000 10.000000 35.000000 155.000000 0.000000 0.000000 177.117369
1 2.561163 10.000000 1.026326 0.069086 0.348716 0.847374 299.000000 10.000000 8.000000 67.000000 0.000000 0.000000 156.709850
1 4.655388 10.000000 1.183247 0.159285 0.874900 1.813590 335.000000 10.000000 8.000000 173.000000 0.000000 0.000000 139.535548
1 3.970826 10.000000 1.806273 0.092743 0.484509 1.237082 239.000000 10.000000 16.000000 75.000000 0.000000 0.000000 143.647970
1 2.353509 10.000000 1.252689 0.049495 0.242275 0.634083 207.000000 10.000000 7.000000 49.000000 0.000000 0.000000 137.733234
1 2.627088 10.000000 1.004160 0.071268 0.385649 0.890091 251.000000 10.000000 31.000000 76.000000 0.000000 0.000000 138.911924
1 3.339471 10.000000 1.855874 0.054792 0.302695 0.919597 211.000000 10.000000 4.000000 27.000000 0.000000 0.000000 135.847335
1 3.615295 10.000000 1.204811 0.109987 0.539215 1.354900 406.000000 10.000000 42.000000 129.000000 0.000000 0.000000 195.085411
1 3.269269 10.000000 1.701160 0.055737 0.284536 1.035980 201.000000 10.000000 7.000000 16.000000 0.000000 0.000000 140.479112
1 2.687533 10.000000 1.433188 0.061618 0.312409 0.659950 238.000000 10.000000 54.000000 69.000000 0.000000 0.000000 138.644428
1 2.367364 10.000000 1.028037 0.064297 0.325066 0.725240 256.000000 10.000000 34.000000 50.000000 0.000000 0.000000 150.809685
1 4.451046 10.000000 1.842346 0.096862 0.477430 1.697908 308.000000 10.000000 56.000000 64.000000 0.000000 0.000000 173.804697
1 2.418280 10.000000 1.045438 0.065621 0.340584 0.723996 266.000000 10.000000 40.000000 105.000000 0.000000 0.000000 137.504307
1 4.566809 10.000000 1.090200 0.160573 0.858787 1.876652 367.000000 10.000000 78.000000 107.000000 0.000000 0.000000 157.066389
1 2.534186 10.000000 1.253565 0.050286 0.265821 0.777122 262.000000 10.000000 40.000000 52.000000 0.000000 0.000000 147.554014
1 2.347005 10.000000 1.027585 0.054009 0.261909 0.804137 262.000000 10.000000 16.000000 44.000000 0.000000 0.000000 165.111130
1 1.903906 10.000000 0.971433 0.040223 0.223585 0.519477 211.000000 10.000000 13.000000 69.000000 0.000000 0.000000 122.889857
1 3.130607 10.000000 1.405222 0.065299 0.353801 1.040444 327.000000 10.000000 24.000000 77.000000 0.000000 0.000000 152.558012
1 2.784119 10.000000 1.037158 0.080810 0.429954 0.925732 298.000000 10.000000 36.000000 131.000000 0.000000 0.000000 133.882165
1 4.274264 10.000000 2.154592 0.082706 0.454064 1.276537 232.000000 10.000000 25.000000 43.000000 0.000000 0.000000 138.060353
1 4.585487 10.000000 1.825433 0.118354 0.642424 1.526146 338.000000 10.000000 121.000000 99.000000 0.000000 0.000000 153.372519
1 2.518154 10.000000 1.025253 0.060085 0.302553 0.908843 307.000000 10.000000 28.000000 79.000000 0.000000 0.000000 158.394364
1 4.651878 10.000000 2.566289 0.069644 0.391071 1.338946 308.000000 10.000000 62.000000 40.000000 0.000000 0.000000 141.271363
1 1.901170 10.000000 1.060303 0.034848 0.181340 0.497813 188.000000 10.000000 3.000000 42.000000 0.000000 0.000000 120.535002
