1 1.138355 1.000000 1.072011 0.002496 0.015892 0.001757 25.000000 0.000000 0.000000 4.000000 1.000000 0.000000 137.771697
1 1.127916 1.000000 1.086562 0.001103 0.006463 0.001740 24.000000 0.000000 0.000000 6.000000 1.000000 0.000000 119.745841
1 1.171254 1.000000 1.118521 0.002119 0.011582 0.001553 20.000000 0.000000 0.000000 5.000000 1.000000 0.000000 124.397580
1 1.554663 1.000000 1.127864 0.023417 0.165230 0.001796 27.000000 0.000000 0.000000 79.000000 1.000000 0.000000 133.497072
1 1.130592 1.000000 1.075011 0.001839 0.011609 0.001837 24.000000 0.000000 0.000000 2.000000 1.000000 0.000000 126.680558
1 1.162497 1.000000 1.097068 0.002129 0.013142 0.002089 26.000000 0.000000 0.000000 1.000000 1.000000 0.000000 142.796241
1 1.146363 1.000000 1.087981 0.001827 0.012081 0.001871 24.000000 0.000000 0.000000 2.000000 1.000000 0.000000 132.456633
1 1.171409 1.000000 1.106207 0.002471 0.015480 0.002008 27.000000 0.000000 0.000000 16.000000 1.000000 0.000000 146.663253
1 1.145515 1.000000 1.094659 0.001245 0.009073 0.002125 28.000000 0.000000 0.000000 5.000000 1.000000 0.000000 150.219657
1 1.197023 1.000000 1.113161 0.003511 0.021086 0.002488 32.000000 0.000000 0.000000 8.000000 1.000000 0.000000 133.793936
1 1.178581 1.000000 1.113322 0.002735 0.018073 0.001598 22.000000 0.000000 0.000000 15.000000 1.000000 0.000000 115.779600
1 1.196599 1.000000 1.131640 0.002528 0.014697 0.001937 23.000000 0.000000 0.000000 3.000000 1.000000 0.000000 129.972133
1 1.162568 1.000000 1.108009 0.001346 0.010196 0.002160 28.000000 0.000000 0.000000 7.000000 1.000000 0.000000 146.117645
1 1.207224 1.000000 1.152059 0.001994 0.012436 0.001676 23.000000 0.000000 0.000000 7.000000 1.000000 0.000000 133.405428
1 1.175631 1.000000 1.111543 0.002394 0.014940 0.001981 27.000000 0.000000 0.000000 11.000000 1.000000 0.000000 146.591503
1 1.831741 1.000000 1.681725 0.005697 0.039051 0.003777 30.000000 0.000000 0.000000 7.000000 1.000000 0.000000 158.554028
1 2.009946 1.000000 1.924908 0.003514 0.019095 0.002434 21.000000 0.000000 0.000000 3.000000 1.000000 0.000000 120.001310
1 1.554146 1.000000 1.499145 0.001820 0.010559 0.002013 24.000000 0.000000 0.000000 3.000000 1.000000 0.000000 121.724094
1 1.377464 1.000000 1.273451 0.004370 0.024051 0.002952 34.000000 0.000000 0.000000 19.000000 1.000000 0.000000 162.411966
1 1.328431 1.000000 1.265583 0.002527 0.015759 0.001613 23.000000 0.000000 0.000000 10.000000 1.000000 0.000000 119.622959
1 1.099178 1.000000 1.043206 0.002222 0.012265 0.001791 24.000000 0.000000 0.000000 3.000000 1.000000 0.000000 128.974636
1 1.169064 1.000000 1.112306 0.002273 0.012967 0.001623 23.000000 0.000000 0.000000 2.000000 1.000000 0.000000 120.076010
1 1.124693 1.000000 1.068358 0.001896 0.012848 0.001786 24.000000 0.000000 0.000000 2.000000 1.000000 0.000000 137.482204
1 1.220655 1.000000 1.154207 0.002365 0.014622 0.002323 29.000000 0.000000 0.000000 6.000000 1.000000 0.000000 152.477468
1 1.110382 1.000000 1.054417 0.002135 0.013078 0.001636 25.000000 0.000000 0.000000 13.000000 1.000000 0.000000 129.714143
1 1.174223 1.000000 1.118075 0.002365 0.013886 0.001560 21.000000 0.000000 0.000000 11.000000 1.000000 0.000000 120.100783
1 1.221273 1.000000 1.156991 0.002664 0.015926 0.001846 24.000000 0.000000 0.000000 10.000000 1.000000 0.000000 126.100746
1 2.303630 1.000000 2.174143 0.005393 0.032942 0.003093 25.000000 0.000000 0.000000 5.000000 1.000000 0.000000 134.199346
1 2.332318 1.000000 2.224204 0.003541 0.024437 0.003086 27.000000 0.000000 0.000000 7.000000 1.000000 0.000000 136.748239
1 1.997277 1.000000 1.898096 0.003576 0.023974 0.002615 25.000000 0.000000 0.000000 0.000000 1.000000 0.000000 140.388282
1 1.810315 1.000000 1.742618 0.002945 0.017799 0.001640 22.000000 0.000000 0.000000 8.000000 1.000000 0.000000 123.964836
1 1.140176 1.000000 1.092955 0.001424 0.009016 0.001729 25.000000 0.000000 0.000000 9.000000 1.000000 0.000000 142.105370
1 1.123339 1.000000 1.074394 0.001655 0.009429 0.001761 23.000000 0.000000 0.000000 1.000000 1.000000 0.000000 126.396248
1 1.200027 1.000000 1.125680 0.002830 0.017135 0.002094 28.000000 0.000000 0.000000 8.000000 1.000000 0.000000 142.201869
1 1.920622 1.000000 1.857676 0.001956 0.012674 0.002450 24.000000 0.000000 0.000000 9.000000 1.000000 0.000000 138.468105
1 2.055741 1.000000 1.945714 0.004564 0.027170 0.002819 26.000000 0.000000 0.000000 11.000000 1.000000 0.000000 136.526000
1 1.313498 1.000000 1.254673 0.002304 0.013632 0.001794 23.000000 0.000000 0.000000 4.000000 1.000000 0.000000 117.637888
1 1.222978 1.000000 1.165493 0.001621 0.010229 0.002122 27.000000 0.000000 0.000000 6.000000 1.000000 0.000000 128.736309
1 1.169691 1.000000 1.122783 0.001527 0.009263 0.001673 22.000000 0.000000 0.000000 0.000000 1.000000 0.000000 114.290752
1 1.799080 1.000000 1.719467 0.002314 0.014291 0.002927 25.000000 0.000000 0.000000 3.000000 1.000000 0.000000 129.672530
1 2.013977 1.000000 1.913517 0.003412 0.023021 0.002765 24.000000 0.000000 0.000000 5.000000 1.000000 0.000000 125.384246
1 1.521118 1.000000 1.451354 0.002130 0.015098 0.002163 26.000000 0.000000 0.000000 2.000000 1.000000 0.000000 140.500649
1 1.372814 1.000000 1.307729 0.002925 0.016551 0.001734 21.000000 0.000000 0.000000 9.000000 1.000000 0.000000 115.837759
1 1.460169 1.000000 1.368938 0.003703 0.022713 0.002662 32.000000 0.000000 0.000000 6.000000 1.000000 0.000000 179.988565
1 1.354596 1.000000 1.278408 0.002546 0.015547 0.002482 27.000000 0.000000 0.000000 3.000000 1.000000 0.000000 149.893567
1 1.359731 1.000000 1.297447 0.002251 0.013377 0.001943 22.000000 0.000000 0.000000 0.000000 1.000000 0.000000 125.629868
1 1.410830 1.000000 1.332335 0.002993 0.021018 0.001764 20.000000 0.000000 0.000000 11.000000 1.000000 0.000000 126.655196
1 1.356147 1.000000 1.304548 0.001373 0.008573 0.002077 24.000000 0.000000 0.000000 5.000000 1.000000 0.000000 141.497958
1 1.426201 1.000000 1.356996 0.002283 0.015781 0.002077 22.000000 0.000000 0.000000 9.000000 1.000000 0.000000 112.844719
1 1.360911 1.000000 1.298251 0.002098 0.011887 0.002170 26.000000 0.000000 0.000000 4.000000 1.000000 0.000000 145.084090
1 1.235645 1.000000 1.182263 0.001541 0.009286 0.001925 27.000000 0.000000 0.000000 4.000000 1.000000 0.000000 120.967144
1 1.135059 1.000000 1.074138 0.002460 0.014629 0.001748 23.000000 0.000000 0.000000 12.000000 1.000000 0.000000 126.527023
1 1.280056 1.000000 1.222903 0.002177 0.011920 0.001915 23.000000 0.000000 0.000000 5.000000 1.000000 0.000000 137.795480
1 1.233427 1.000000 1.171925 0.002045 0.013537 0.002196 27.000000 0.000000 0.000000 5.000000 1.000000 0.000000 143.004086
1 1.189654 1.000000 1.127330 0.002210 0.013892 0.001740 21.000000 0.000000 0.000000 5.000000 1.000000 0.000000 122.031088
1 1.139059 1.000000 1.099730 0.001358 0.007835 0.001307 21.000000 0.000000 0.000000 5.000000 1.000000 0.000000 120.433143
1 1.101965 1.000000 1.043172 0.002116 0.014215 0.001577 24.000000 0.000000 0.000000 4.000000 1.000000 0.000000 135.042572
1 1.140642 1.000000 1.082271 0.001909 0.012667 0.002067 22.000000 0.000000 0.000000 2.000000 1.000000 0.000000 122.545187
1 1.225656 1.000000 1.173207 0.001676 0.010212 0.001986 25.000000 0.000000 0.000000 3.000000 1.000000 0.000000 130.137995
1 1.388728 1.000000 1.271391 0.003411 0.020619 0.004224 38.000000 0.000000 0.000000 6.000000 1.000000 0.000000 197.218187
1 2.187955 2.000000 1.938588 0.012323 0.069363 0.011713 59.000000 0.000000 0.000000 25.000000 1.000000 0.000000 136.420213
1 1.932066 2.000000 1.673198 0.014620 0.076908 0.010462 65.000000 0.000000 0.000000 15.000000 1.000000 0.000000 190.046349
1 1.328979 2.000000 1.164981 0.008248 0.045518 0.009062 57.000000 0.000000 1.000000 21.000000 1.000000 0.000000 153.980190
1 1.547026 2.000000 1.114786 0.025805 0.152869 0.011943 91.000000 0.000000 18.000000 82.000000 1.000000 0.000000 178.126173
1 1.983865 2.000000 1.580046 0.023047 0.107383 0.035099 78.000000 0.000000 4.000000 15.000000 1.000000 0.000000 188.575186
1 2.075680 2.000000 1.883023 0.007691 0.045414 0.008659 50.000000 0.000000 0.000000 7.000000 1.000000 0.000000 155.575762
1 1.514144 2.000000 1.358518 0.007760 0.039506 0.008262 53.000000 0.000000 0.000000 4.000000 1.000000 0.000000 153.005642
1 1.204208 2.000000 1.084624 0.004916 0.027899 0.006321 51.000000 0.000000 0.000000 10.000000 1.000000 0.000000 136.965972
1 1.696552 2.000000 1.085817 0.036213 0.226456 0.012134 76.000000 0.000000 33.000000 39.000000 1.000000 0.000000 142.331903
1 3.060841 2.000000 1.956739 0.070332 0.364738 0.062903 126.000000 0.000000 13.000000 89.000000 1.000000 0.000000 190.809220
1 2.186126 2.000000 1.573647 0.035318 0.201841 0.036562 90.000000 0.000000 4.000000 46.000000 1.000000 0.000000 163.474922
1 1.294659 2.000000 1.133512 0.007798 0.047596 0.006381 50.000000 0.000000 4.000000 26.000000 1.000000 0.000000 131.160873
1 1.247251 2.000000 1.133079 0.004687 0.030521 0.004729 46.000000 0.000000 0.000000 11.000000 1.000000 0.000000 133.227623
1 2.375974 2.000000 1.844127 0.029938 0.198694 0.017468 54.000000 0.000000 0.000000 73.000000 1.000000 0.000000 118.773833
1 2.302636 2.000000 1.897773 0.029561 0.151190 0.012276 67.000000 0.000000 27.000000 38.000000 1.000000 0.000000 157.429694
1 1.234771 2.000000 1.097290 0.005729 0.032986 0.006520 53.000000 0.000000 1.000000 10.000000 1.000000 0.000000 138.445401
1 1.286670 2.000000 1.174961 0.004764 0.025629 0.005241 45.000000 0.000000 0.000000 4.000000 1.000000 0.000000 128.429772
1 2.258849 2.000000 1.320081 0.059696 0.316332 0.055802 96.000000 0.000000 0.000000 42.000000 1.000000 0.000000 218.536460
1 2.106995 2.000000 1.935293 0.006288 0.036724 0.008892 49.000000 0.000000 0.000000 4.000000 1.000000 0.000000 134.748111
1 1.851901 2.000000 1.324926 0.031607 0.187427 0.022741 78.000000 0.000000 19.000000 63.000000 1.000000 0.000000 145.275457
1 1.795008 2.000000 1.202956 0.036881 0.221359 0.023770 90.000000 0.000000 19.000000 74.000000 1.000000 0.000000 188.516764
1 1.500510 2.000000 1.150018 0.023050 0.118578 0.007782 57.000000 0.000000 0.000000 39.000000 1.000000 0.000000 136.992799
1 1.555267 2.000000 1.081985 0.031953 0.159134 0.024340 94.000000 0.000000 0.000000 46.000000 1.000000 0.000000 244.180887
1 1.309004 2.000000 1.040769 0.013586 0.081888 0.017883 77.000000 0.000000 3.000000 14.000000 1.000000 0.000000 147.922845
1 1.179167 2.000000 1.060812 0.005062 0.028421 0.005442 47.000000 0.000000 0.000000 12.000000 1.000000 0.000000 132.457706
1 1.671940 2.000000 1.149002 0.025989 0.136865 0.099129 115.000000 0.000000 3.000000 47.000000 1.000000 0.000000 169.690774
1 1.239859 2.000000 1.087892 0.005741 0.035775 0.007114 57.000000 0.000000 1.000000 17.000000 1.000000 0.000000 139.109149
1 2.565737 2.000000 2.011884 0.032052 0.174605 0.022486 73.000000 0.000000 21.000000 27.000000 1.000000 0.000000 152.579199
1 4.363262 2.000000 2.146992 0.145286 0.848984 0.069263 150.000000 0.000000 26.000000 139.000000 1.000000 0.000000 224.036311
1 1.939627 2.000000 1.642785 0.017890 0.087349 0.016559 73.000000 0.000000 0.000000 23.000000 1.000000 0.000000 173.306188
1 1.146050 2.000000 1.051867 0.003578 0.019892 0.005325 44.000000 0.000000 0.000000 4.000000 1.000000 0.000000 135.216555
1 1.208647 2.000000 1.069325 0.005820 0.031196 0.006829 63.000000 0.000000 0.000000 9.000000 1.000000 0.000000 172.950459
1 1.393942 2.000000 1.197203 0.008821 0.049922 0.008472 49.000000 0.000000 0.000000 4.000000 1.000000 0.000000 136.654002
1 3.676487 2.000000 1.884773 0.127566 0.684362 0.035119 117.000000 0.000000 48.000000 45.000000 1.000000 0.000000 157.538054
1 1.581642 2.000000 1.133292 0.029534 0.143437 0.021636 107.000000 0.000000 25.000000 43.000000 1.000000 0.000000 175.124452
1 1.574756 2.000000 1.092307 0.031577 0.150693 0.023471 107.000000 0.000000 37.000000 23.000000 1.000000 0.000000 162.971752
1 1.881940 2.000000 1.442005 0.026848 0.155596 0.014847 65.000000 0.000000 4.000000 52.000000 1.000000 0.000000 167.342145
1 2.576810 2.000000 1.842624 0.043797 0.234014 0.047038 100.000000 0.000000 19.000000 57.000000 1.000000 0.000000 176.870742
1 1.274614 2.000000 1.157672 0.004506 0.029331 0.005010 45.000000 0.000000 0.000000 3.000000 1.000000 0.000000 131.514821
1 1.703922 2.000000 1.108025 0.037975 0.231997 0.011983 72.000000 0.000000 23.000000 125.000000 1.000000 0.000000 136.288615
1 1.399989 2.000000 1.096514 0.017061 0.098123 0.008447 49.000000 0.000000 16.000000 26.000000 1.000000 0.000000 131.595403
1 2.332341 2.000000 1.925269 0.021862 0.133925 0.012797 60.000000 0.000000 38.000000 12.000000 1.000000 0.000000 127.077326
1 1.889963 2.000000 1.699348 0.009244 0.055212 0.007729 53.000000 0.000000 14.000000 18.000000 1.000000 0.000000 133.076612
1 1.529193 2.000000 1.276346 0.013635 0.072219 0.025607 57.000000 0.000000 0.000000 22.000000 1.000000 0.000000 146.253131
1 1.386119 2.000000 1.264556 0.004383 0.026909 0.006325 50.000000 0.000000 0.000000 8.000000 1.000000 0.000000 138.163979
1 1.236475 2.000000 1.092508 0.005837 0.037632 0.006988 57.000000 0.000000 1.000000 20.000000 1.000000 0.000000 131.895202
1 1.369168 2.000000 1.110150 0.014925 0.070492 0.015434 78.000000 0.000000 17.000000 9.000000 1.000000 0.000000 183.020279
1 1.134252 2.000000 1.033007 0.003465 0.019024 0.005984 47.000000 0.000000 0.000000 4.000000 1.000000 0.000000 137.462204
1 1.317963 2.000000 1.090234 0.013497 0.067110 0.009806 65.000000 0.000000 8.000000 23.000000 1.000000 0.000000 166.367433
1 1.180226 2.000000 1.059341 0.005527 0.030573 0.004983 49.000000 0.000000 0.000000 4.000000 1.000000 0.000000 142.997005
1 1.146486 2.000000 1.047064 0.004337 0.026392 0.004445 41.000000 0.000000 0.000000 5.000000 1.000000 0.000000 128.036234
1 1.570153 2.000000 1.155997 0.021730 0.134760 0.013327 49.000000 0.000000 2.000000 39.000000 1.000000 0.000000 141.104621
1 4.822541 2.000000 2.123872 0.205870 1.001597 0.059568 168.000000 0.000000 92.000000 91.000000 1.000000 0.000000 221.758627
1 2.165637 2.000000 1.955380 0.008836 0.051169 0.009588 47.000000 0.000000 0.000000 10.000000 1.000000 0.000000 119.596518
1 1.514756 2.000000 1.240616 0.015620 0.087643 0.018650 58.000000 0.000000 0.000000 15.000000 1.000000 0.000000 134.168055
1 1.157347 2.000000 1.047654 0.004978 0.026191 0.005567 46.000000 0.000000 0.000000 6.000000 1.000000 0.000000 139.074792
1 2.031423 2.000000 1.067142 0.071200 0.349900 0.038724 149.000000 0.000000 65.000000 40.000000 1.000000 0.000000 243.370805
1 1.231111 2.000000 1.041875 0.009595 0.050712 0.011748 62.000000 0.000000 0.000000 18.000000 1.000000 0.000000 157.738692
1 1.278231 2.000000 1.078329 0.010811 0.051969 0.012090 75.000000 0.000000 3.000000 6.000000 1.000000 0.000000 204.122703
1 1.245558 2.000000 1.115110 0.006114 0.034665 0.005237 46.000000 0.000000 0.000000 21.000000 1.000000 0.000000 130.523213
1 1.532421 4.000000 1.116980 0.031707 0.129174 0.035208 100.000000 0.000000 1.000000 33.000000 1.000000 0.000000 149.584052
1 1.352303 4.000000 1.134015 0.011402 0.055122 0.021973 82.000000 0.000000 0.000000 5.000000 1.000000 0.000000 142.313178
1 1.607800 4.000000 1.251517 0.018535 0.094882 0.029893 73.000000 0.000000 0.000000 13.000000 1.000000 0.000000 114.202434
1 2.784598 4.000000 2.314400 0.026945 0.132325 0.035490 88.000000 0.000000 3.000000 23.000000 1.000000 0.000000 146.494417
1 2.684927 4.000000 1.946305 0.045745 0.238939 0.043516 128.000000 0.000000 6.000000 61.000000 1.000000 0.000000 154.230494
1 2.759899 4.000000 1.922316 0.051047 0.247033 0.088839 186.000000 0.000000 36.000000 47.000000 1.000000 0.000000 176.647333
1 4.925225 4.000000 1.256570 0.261119 1.260774 0.343805 459.000000 0.000000 55.000000 136.000000 1.000000 0.000000 133.018398
1 1.786010 4.000000 1.290455 0.033276 0.160618 0.036591 118.000000 0.000000 15.000000 105.000000 1.000000 0.000000 162.733601
1 1.565266 4.000000 1.281065 0.015258 0.084583 0.017510 86.000000 0.000000 0.000000 24.000000 1.000000 0.000000 117.035065
1 1.968525 4.000000 1.283714 0.043752 0.204919 0.076488 166.000000 0.000000 75.000000 22.000000 1.000000 0.000000 161.437372
1 1.495717 4.000000 1.270262 0.012551 0.061682 0.014596 80.000000 0.000000 0.000000 20.000000 1.000000 0.000000 122.241628
1 1.563561 4.000000 1.290900 0.013940 0.072141 0.024797 93.000000 0.000000 0.000000 9.000000 1.000000 0.000000 143.600816
1 1.684691 4.000000 1.273223 0.026595 0.135375 0.026541 111.000000 0.000000 6.000000 46.000000 1.000000 0.000000 146.425642
1 1.343533 4.000000 1.162437 0.009052 0.048535 0.013749 72.000000 0.000000 0.000000 22.000000 1.000000 0.000000 118.371185
1 1.584153 4.000000 1.245050 0.024139 0.105403 0.023279 95.000000 0.000000 14.000000 22.000000 1.000000 0.000000 134.893504
1 2.093918 4.000000 1.248830 0.054830 0.266111 0.079481 185.000000 0.000000 45.000000 63.000000 1.000000 0.000000 210.172282
1 1.965213 4.000000 1.243773 0.049638 0.246519 0.052900 146.000000 0.000000 22.000000 74.000000 1.000000 0.000000 139.223197
1 1.592726 4.000000 1.263669 0.018014 0.087288 0.039445 96.000000 0.000000 9.000000 31.000000 1.000000 0.000000 130.582390
1 1.953993 4.000000 1.263493 0.044070 0.217174 0.077469 163.000000 0.000000 55.000000 81.000000 1.000000 0.000000 156.457523
1 2.116807 4.000000 1.175307 0.063346 0.293961 0.135541 186.000000 0.000000 24.000000 582.000000 1.000000 0.000000 159.180501
1 2.890716 4.000000 1.213889 0.112340 0.532621 0.239221 288.000000 0.000000 8.000000 124.000000 1.000000 0.000000 161.585280
1 2.620590 4.000000 1.738096 0.057270 0.281292 0.071748 140.000000 0.000000 0.000000 44.000000 1.000000 0.000000 152.295836
1 2.311326 4.000000 1.829720 0.031051 0.162019 0.027523 117.000000 0.000000 66.000000 59.000000 1.000000 0.000000 136.969970
1 1.520765 4.000000 1.249355 0.013897 0.067955 0.020774 94.000000 0.000000 7.000000 29.000000 1.000000 0.000000 118.289858
1 1.467875 4.000000 1.246209 0.013633 0.060076 0.013701 73.000000 0.000000 0.000000 19.000000 1.000000 0.000000 116.139882
1 1.559892 4.000000 1.268973 0.015678 0.077017 0.020015 95.000000 0.000000 10.000000 14.000000 1.000000 0.000000 124.350744
1 1.609605 4.000000 1.027172 0.033862 0.170277 0.076151 162.000000 0.000000 0.000000 70.000000 1.000000 0.000000 157.085683
1 1.504530 4.000000 1.064451 0.028255 0.146647 0.029434 112.000000 0.000000 0.000000 45.000000 1.000000 0.000000 151.197280
1 9.200375 4.000000 1.171777 0.626022 2.728132 0.964448 593.000000 0.000000 315.000000 195.000000 1.000000 0.000000 137.100657
1 2.379168 4.000000 1.959254 0.023969 0.112944 0.034191 94.000000 0.000000 0.000000 19.000000 1.000000 0.000000 153.156592
1 1.338948 4.000000 1.172221 0.007633 0.040585 0.012792 71.000000 0.000000 0.000000 14.000000 1.000000 0.000000 109.417501
1 1.489229 4.000000 1.097585 0.023396 0.113262 0.036350 114.000000 0.000000 0.000000 32.000000 1.000000 0.000000 135.353460
1 1.501571 4.000000 1.174188 0.016623 0.082434 0.031273 76.000000 0.000000 0.000000 12.000000 1.000000 0.000000 118.389672
1 2.570785 4.000000 1.984398 0.033469 0.163481 0.060539 117.000000 0.000000 0.000000 40.000000 1.000000 0.000000 148.980111
1 3.845208 4.000000 1.595232 0.174326 0.744925 0.314397 362.000000 0.000000 84.000000 167.000000 1.000000 0.000000 161.730815
1 1.766893 4.000000 1.086253 0.046391 0.219476 0.047835 111.000000 0.000000 0.000000 46.000000 1.000000 0.000000 150.155158
1 3.094822 4.000000 1.912245 0.081534 0.400241 0.076468 167.000000 0.000000 76.000000 70.000000 1.000000 0.000000 179.621780
1 1.617070 4.000000 1.226609 0.026471 0.115712 0.045744 105.000000 0.000000 14.000000 33.000000 1.000000 0.000000 152.323480
1 1.234738 4.000000 1.027080 0.011784 0.055365 0.018630 87.000000 0.000000 4.000000 18.000000 1.000000 0.000000 139.430338
1 20.114663 4.000000 1.069008 1.560033 6.846329 1.184872 1615.000000 0.000000 155.000000 560.000000 1.000000 0.000000 219.119523
1 1.232976 4.000000 0.957970 0.015057 0.073988 0.025686 96.000000 0.000000 0.000000 36.000000 1.000000 0.000000 129.648582
1 1.497876 4.000000 1.059240 0.030311 0.136646 0.026245 121.000000 0.000000 14.000000 35.000000 1.000000 0.000000 152.815556
1 2.561078 4.000000 1.067257 0.109235 0.447266 0.266328 294.000000 0.000000 9.000000 40.000000 1.000000 0.000000 200.026967
1 1.369246 4.000000 1.074032 0.018065 0.084463 0.027506 97.000000 0.000000 0.000000 16.000000 1.000000 0.000000 144.956721
1 1.386483 4.000000 1.049206 0.022300 0.092356 0.028771 118.000000 0.000000 13.000000 22.000000 1.000000 0.000000 147.699057
1 1.554289 4.000000 1.120420 0.024253 0.137854 0.023902 83.000000 0.000000 4.000000 41.000000 1.000000 0.000000 110.111055
1 2.315473 4.000000 1.919043 0.023292 0.108952 0.030788 86.000000 0.000000 0.000000 52.000000 1.000000 0.000000 127.567229
1 4.689611 4.000000 1.663827 0.216693 0.966728 0.434992 492.000000 0.000000 56.000000 83.000000 1.000000 0.000000 142.096316
1 2.431528 4.000000 1.468400 0.062169 0.324287 0.086724 150.000000 0.000000 49.000000 54.000000 1.000000 0.000000 164.861951
1 4.174983 4.000000 2.435283 0.103477 0.539867 0.218011 320.000000 0.000000 18.000000 184.000000 1.000000 0.000000 166.370300
1 1.539026 4.000000 1.138146 0.025037 0.115113 0.038619 111.000000 0.000000 0.000000 23.000000 1.000000 0.000000 146.036236
1 1.943705 4.000000 1.691420 0.011978 0.061943 0.019019 76.000000 0.000000 0.000000 5.000000 1.000000 0.000000 118.592669
1 2.354221 4.000000 1.861120 0.029314 0.134452 0.057105 106.000000 0.000000 2.000000 13.000000 1.000000 0.000000 161.890825
1 1.264660 4.000000 1.065478 0.010689 0.050270 0.015123 85.000000 0.000000 2.000000 43.000000 1.000000 0.000000 123.472908
1 2.524290 4.000000 1.051899 0.103036 0.488122 0.169791 303.000000 0.000000 0.000000 136.000000 1.000000 0.000000 153.618826
1 1.245259 4.000000 1.040553 0.010114 0.051894 0.016873 88.000000 0.000000 0.000000 19.000000 1.000000 0.000000 137.679013
1 1.211067 4.000000 1.012572 0.011091 0.055403 0.014594 88.000000 0.000000 0.000000 29.000000 1.000000 0.000000 127.911796
1 1.207488 4.000000 1.028030 0.010011 0.048970 0.016171 82.000000 0.000000 0.000000 24.000000 1.000000 0.000000 130.042305
1 1.284813 4.000000 1.054531 0.011249 0.060225 0.026209 93.000000 0.000000 4.000000 24.000000 1.000000 0.000000 124.082035
1 1.265701 4.000000 1.037723 0.010547 0.053564 0.024039 93.000000 0.000000 5.000000 14.000000 1.000000 0.000000 122.212498
1 3.231547 6.000000 1.050125 0.131773 0.682863 0.314651 347.000000 0.000000 167.000000 115.000000 1.000000 0.000000 166.934580
1 4.419795 6.000000 2.254781 0.152607 0.746789 0.216549 291.000000 0.000000 151.000000 108.000000 1.000000 0.000000 163.901184
1 3.317223 6.000000 1.854444 0.113473 0.518462 0.140106 207.000000 0.000000 98.000000 95.000000 1.000000 0.000000 142.505764
1 1.807375 6.000000 1.110806 0.042496 0.200018 0.092106 207.000000 0.000000 63.000000 20.000000 1.000000 0.000000 179.463259
1 2.349041 6.000000 1.139196 0.063613 0.379376 0.136166 161.000000 0.000000 42.000000 29.000000 1.000000 0.000000 142.884425
1 5.222712 6.000000 1.877706 0.207021 1.121310 0.567079 545.000000 0.000000 265.000000 634.000000 1.000000 0.000000 160.604867
1 2.589011 6.000000 1.067291 0.132300 0.537175 0.146036 194.000000 0.000000 27.000000 75.000000 1.000000 0.000000 179.780093
1 2.726269 6.000000 1.842228 0.063190 0.291336 0.088526 155.000000 0.000000 3.000000 29.000000 1.000000 0.000000 171.448488
1 1.655346 6.000000 1.061706 0.036763 0.178287 0.059200 170.000000 0.000000 24.000000 47.000000 1.000000 0.000000 141.813055
1 1.967957 6.000000 1.086139 0.052003 0.264206 0.114374 235.000000 0.000000 70.000000 56.000000 1.000000 0.000000 174.323103
1 2.153856 6.000000 1.084910 0.057191 0.312111 0.156936 285.000000 0.000000 97.000000 77.000000 1.000000 0.000000 165.345286
1 2.021714 6.000000 1.081429 0.064634 0.307156 0.094437 234.000000 0.000000 177.000000 76.000000 1.000000 0.000000 150.121955
1 4.971070 6.000000 1.553292 0.232256 1.117479 0.277687 601.000000 0.000000 737.000000 261.000000 1.000000 0.000000 137.109415
1 4.652096 6.000000 2.199171 0.178940 0.852874 0.225651 308.000000 0.000000 141.000000 102.000000 1.000000 0.000000 186.680134
1 2.908215 6.000000 1.835494 0.069271 0.320779 0.132169 204.000000 0.000000 58.000000 45.000000 1.000000 0.000000 167.602543
1 1.606620 6.000000 1.108216 0.030211 0.146365 0.050914 163.000000 0.000000 18.000000 31.000000 1.000000 0.000000 164.344179
1 1.937478 6.000000 1.104535 0.052868 0.279686 0.097129 199.000000 0.000000 68.000000 82.000000 1.000000 0.000000 152.239104
1 2.273267 6.000000 1.051839 0.087583 0.397808 0.130200 314.000000 0.000000 72.000000 81.000000 1.000000 0.000000 187.874781
1 1.538163 6.000000 1.066000 0.026778 0.136918 0.052654 152.000000 0.000000 4.000000 32.000000 1.000000 0.000000 143.705916
1 2.369500 6.000000 1.113799 0.083705 0.466442 0.084887 248.000000 0.000000 190.000000 101.000000 1.000000 0.000000 144.904035
1 1.600035 6.000000 1.078316 0.027672 0.144374 0.075244 167.000000 0.000000 13.000000 37.000000 1.000000 0.000000 145.753819
1 3.370685 6.000000 2.057618 0.084866 0.441374 0.118881 183.000000 0.000000 71.000000 56.000000 1.000000 0.000000 127.462322
1 3.865999 6.000000 2.052155 0.122070 0.587857 0.207377 258.000000 0.000000 84.000000 41.000000 1.000000 0.000000 179.150979
1 3.131728 6.000000 1.557490 0.108182 0.524579 0.166688 349.000000 0.000000 118.000000 135.000000 1.000000 0.000000 185.413244
1 1.645065 6.000000 1.108758 0.032678 0.158163 0.058503 153.000000 0.000000 16.000000 56.000000 1.000000 0.000000 135.413327
1 2.638617 6.000000 1.844171 0.047751 0.242731 0.087518 147.000000 0.000000 25.000000 29.000000 1.000000 0.000000 138.221633
1 2.302259 6.000000 1.641960 0.041353 0.216330 0.062536 173.000000 0.000000 54.000000 60.000000 1.000000 0.000000 138.175767
1 1.517165 6.000000 1.105484 0.023580 0.117426 0.057542 126.000000 0.000000 18.000000 13.000000 1.000000 0.000000 131.545967
1 1.597982 6.000000 1.087549 0.029507 0.151676 0.049897 168.000000 0.000000 0.000000 53.000000 1.000000 0.000000 150.498317
1 1.942177 6.000000 1.005543 0.058130 0.304777 0.098843 254.000000 0.000000 112.000000 117.000000 1.000000 0.000000 133.950849
1 1.565949 6.000000 1.045052 0.033126 0.160080 0.055027 155.000000 0.000000 40.000000 55.000000 1.000000 0.000000 132.539108
1 2.624370 6.000000 1.110624 0.090295 0.496922 0.196737 351.000000 0.000000 178.000000 141.000000 1.000000 0.000000 157.442592
1 1.892580 6.000000 1.104158 0.048697 0.250859 0.062929 196.000000 0.000000 80.000000 58.000000 1.000000 0.000000 121.774754
1 3.625531 6.000000 2.222918 0.082662 0.441666 0.166286 173.000000 0.000000 33.000000 50.000000 1.000000 0.000000 147.457989
1 3.524050 6.000000 1.941531 0.096760 0.515991 0.191290 215.000000 0.000000 149.000000 46.000000 1.000000 0.000000 131.381461
1 1.961245 6.000000 1.401864 0.031589 0.161867 0.075652 153.000000 0.000000 2.000000 32.000000 1.000000 0.000000 156.584677
1 4.450610 6.000000 1.149919 0.209911 1.125899 0.442494 587.000000 0.000000 268.000000 126.000000 1.000000 0.000000 200.233651
1 3.757536 6.000000 1.142176 0.171697 0.779365 0.376648 567.000000 0.000000 389.000000 164.000000 1.000000 0.000000 182.762407
1 3.017359 6.000000 1.158911 0.156536 0.703884 0.103150 250.000000 0.000000 35.000000 395.000000 1.000000 0.000000 145.489503
1 3.639734 6.000000 2.305302 0.077538 0.409957 0.160978 173.000000 0.000000 24.000000 58.000000 1.000000 0.000000 134.131299
1 3.048093 6.000000 1.975012 0.077697 0.312205 0.114992 165.000000 0.000000 18.000000 16.000000 1.000000 0.000000 187.272996
1 4.924484 6.000000 1.480212 0.243211 1.086559 0.449297 621.000000 0.000000 335.000000 171.000000 1.000000 0.000000 214.295486
1 3.790006 6.000000 1.814121 0.153561 0.643799 0.186844 380.000000 0.000000 84.000000 51.000000 1.000000 0.000000 182.700286
1 1.441652 6.000000 1.039424 0.023006 0.114449 0.048105 141.000000 0.000000 30.000000 15.000000 1.000000 0.000000 129.699936
1 1.865312 6.000000 1.087443 0.046672 0.234550 0.115922 233.000000 0.000000 68.000000 57.000000 1.000000 0.000000 162.745597
1 6.429251 6.000000 3.764514 0.104381 0.578009 0.312806 358.000000 0.000000 84.000000 55.000000 1.000000 0.000000 181.697628
1 2.806329 6.000000 1.781150 0.062835 0.318249 0.152185 257.000000 0.000000 81.000000 54.000000 1.000000 0.000000 165.160507
1 2.083904 6.000000 1.014967 0.073690 0.347495 0.127799 319.000000 0.000000 84.000000 52.000000 1.000000 0.000000 214.309431
1 3.247347 6.000000 1.697156 0.096426 0.549754 0.125387 212.000000 0.000000 64.000000 144.000000 1.000000 0.000000 129.003110
1 2.575793 6.000000 1.835147 0.039747 0.212701 0.109696 194.000000 0.000000 9.000000 34.000000 1.000000 0.000000 146.767749
1 1.634884 6.000000 1.054142 0.036904 0.170678 0.064902 179.000000 0.000000 30.000000 54.000000 1.000000 0.000000 152.980546
1 3.639980 6.000000 1.073742 0.249078 0.952115 0.226430 395.000000 0.000000 128.000000 63.000000 1.000000 0.000000 265.205517
1 1.589138 6.000000 1.031061 0.031892 0.159306 0.074090 176.000000 0.000000 17.000000 24.000000 1.000000 0.000000 155.028075
1 1.791493 6.000000 1.074754 0.042468 0.217300 0.077743 205.000000 0.000000 95.000000 36.000000 1.000000 0.000000 123.948587
1 1.556539 6.000000 1.058961 0.028667 0.146092 0.061786 152.000000 0.000000 19.000000 37.000000 1.000000 0.000000 134.254294
1 3.529870 6.000000 1.209780 0.186936 0.838610 0.169981 261.000000 0.000000 96.000000 193.000000 1.000000 0.000000 166.290346
1 3.750968 6.000000 2.069911 0.108031 0.545277 0.172268 243.000000 0.000000 132.000000 29.000000 1.000000 0.000000 138.697269
1 2.459924 6.000000 1.802738 0.036558 0.191174 0.108938 181.000000 0.000000 20.000000 30.000000 1.000000 0.000000 156.332114
1 2.015498 6.000000 1.121306 0.057479 0.302034 0.085983 187.000000 0.000000 86.000000 48.000000 1.000000 0.000000 152.393304
1 2.688231 6.000000 1.109567 0.111848 0.526497 0.170341 364.000000 0.000000 191.000000 94.000000 1.000000 0.000000 190.587545
1 3.682086 8.000000 1.514184 0.135977 0.675482 0.315513 435.000000 0.000000 344.000000 96.000000 1.000000 0.000000 151.284532
1 5.811780 8.000000 1.093498 0.264622 1.576180 0.854702 863.000000 0.000000 604.000000 400.000000 1.000000 0.000000 173.953268
1 2.790854 8.000000 1.049798 0.126652 0.632279 0.177150 337.000000 0.000000 160.000000 97.000000 1.000000 0.000000 155.391640
1 5.747187 8.000000 1.067675 0.242426 1.326252 1.040618 1080.000000 0.000000 620.000000 116.000000 1.000000 0.000000 204.810529
1 6.560452 8.000000 1.653427 0.304496 1.476704 1.051444 852.000000 0.000000 413.000000 129.000000 1.000000 0.000000 179.844472
1 2.466809 8.000000 1.222303 0.078913 0.418036 0.170118 278.000000 0.000000 97.000000 89.000000 1.000000 0.000000 153.866627
1 2.645741 8.000000 0.932332 0.115402 0.575299 0.279421 399.000000 0.000000 113.000000 113.000000 1.000000 0.000000 162.010274
1 3.924317 8.000000 1.014865 0.190268 0.974399 0.454676 531.000000 0.000000 399.000000 135.000000 1.000000 0.000000 168.526765
1 5.954655 8.000000 1.493029 0.265674 1.418371 0.898322 471.000000 0.000000 116.000000 151.000000 1.000000 0.000000 190.775746
1 5.419900 8.000000 1.880949 0.220520 1.138911 0.606257 600.000000 0.000000 162.000000 198.000000 1.000000 0.000000 161.814444
1 2.143575 8.000000 1.162508 0.054427 0.286074 0.185637 277.000000 0.000000 24.000000 43.000000 1.000000 0.000000 178.879293
1 4.955358 8.000000 1.046712 0.271018 1.311702 0.594649 792.000000 0.000000 574.000000 193.000000 1.000000 0.000000 177.164817
1 4.424130 8.000000 1.123561 0.218943 1.141836 0.396226 456.000000 0.000000 247.000000 119.000000 1.000000 0.000000 183.159882
1 6.326854 8.000000 2.925993 0.201176 1.016483 0.617476 412.000000 0.000000 117.000000 132.000000 1.000000 0.000000 178.108963
1 2.674644 8.000000 1.257292 0.072832 0.393819 0.357445 295.000000 0.000000 22.000000 86.000000 1.000000 0.000000 162.371138
1 2.874282 8.000000 1.240420 0.103441 0.537307 0.223216 318.000000 0.000000 111.000000 84.000000 1.000000 0.000000 164.739175
1 7.266108 8.000000 1.770440 0.311654 1.593773 1.155418 973.000000 0.000000 896.000000 214.000000 1.000000 0.000000 214.950132
1 1.859288 8.000000 1.066346 0.049018 0.251912 0.111727 224.000000 0.000000 30.000000 69.000000 1.000000 0.000000 149.042098
1 7.967937 8.000000 1.126015 0.521753 2.510397 0.813898 907.000000 0.000000 880.000000 296.000000 1.000000 0.000000 181.151121
1 5.464354 8.000000 2.773482 0.151715 0.865195 0.360672 356.000000 0.000000 132.000000 177.000000 1.000000 0.000000 126.384058
1 5.931222 8.000000 1.277979 0.286329 1.430196 0.846181 892.000000 0.000000 379.000000 157.000000 1.000000 0.000000 191.005661
1 11.674931 8.000000 1.027287 0.893906 3.492228 1.752053 1280.000000 0.000000 394.000000 246.000000 1.000000 0.000000 309.677114
1 6.688251 8.000000 1.742722 0.331457 1.904534 0.412286 737.000000 0.000000 180.000000 962.000000 1.000000 0.000000 156.394178
1 3.831687 8.000000 1.926479 0.102468 0.545900 0.431126 325.000000 0.000000 55.000000 180.000000 1.000000 0.000000 151.347008
1 8.704864 8.000000 1.275709 0.460603 2.521336 1.178454 1304.000000 0.000000 1151.000000 580.000000 1.000000 0.000000 159.032311
1 6.730360 8.000000 1.099926 0.411934 1.825291 0.952120 653.000000 0.000000 183.000000 73.000000 1.000000 0.000000 311.317264
1 4.577063 8.000000 1.858926 0.173235 0.898267 0.416272 406.000000 0.000000 128.000000 154.000000 1.000000 0.000000 174.711808
1 4.410407 8.000000 1.266005 0.194147 1.027153 0.465876 654.000000 0.000000 412.000000 211.000000 1.000000 0.000000 170.600356
1 7.152666 8.000000 1.111126 0.448036 2.198401 0.614771 1102.000000 0.000000 1342.000000 528.000000 1.000000 0.000000 174.016084
1 4.390934 8.000000 1.110819 0.248685 1.265443 0.303642 516.000000 0.000000 617.000000 170.000000 1.000000 0.000000 178.134853
1 4.841270 8.000000 1.137726 0.234420 1.262343 0.483845 554.000000 0.000000 348.000000 130.000000 1.000000 0.000000 154.520360
1 12.118470 8.000000 2.206363 0.631846 3.143744 1.875147 1281.000000 0.000000 280.000000 204.000000 1.000000 0.000000 169.355928
1 3.270421 8.000000 1.837798 0.085695 0.490505 0.196605 277.000000 0.000000 92.000000 88.000000 1.000000 0.000000 138.909415
1 2.288052 8.000000 1.115671 0.073745 0.379774 0.155872 259.000000 0.000000 43.000000 57.000000 1.000000 0.000000 144.315432
1 3.342021 8.000000 1.519054 0.102561 0.560752 0.256343 391.000000 0.000000 300.000000 71.000000 1.000000 0.000000 133.359749
1 3.074485 8.000000 1.125393 0.128252 0.666939 0.242537 387.000000 0.000000 152.000000 87.000000 1.000000 0.000000 172.589905
1 2.384813 8.000000 1.164287 0.068455 0.367127 0.209271 291.000000 0.000000 85.000000 64.000000 1.000000 0.000000 153.067422
1 2.564591 8.000000 1.074194 0.102199 0.502309 0.221625 279.000000 0.000000 103.000000 62.000000 1.000000 0.000000 171.291236
1 4.159821 8.000000 1.128704 0.201956 1.004302 0.392717 563.000000 0.000000 160.000000 203.000000 1.000000 0.000000 191.137658
1 6.267886 8.000000 1.803207 0.327837 1.635423 0.466811 456.000000 0.000000 170.000000 190.000000 1.000000 0.000000 175.150905
1 6.857565 8.000000 1.854070 0.346705 1.707443 0.777780 904.000000 0.000000 485.000000 322.000000 1.000000 0.000000 242.707515
1 2.629740 8.000000 0.971626 0.117179 0.567109 0.215561 348.000000 0.000000 119.000000 61.000000 1.000000 0.000000 167.457048
1 3.047739 8.000000 1.145304 0.114690 0.617029 0.321564 423.000000 0.000000 162.000000 137.000000 1.000000 0.000000 164.894339
1 7.231215 8.000000 1.575694 0.307339 1.753827 0.910279 570.000000 0.000000 121.000000 278.000000 1.000000 0.000000 153.772827
1 6.332011 8.000000 1.822727 0.280353 1.532673 0.660778 869.000000 0.000000 773.000000 277.000000 1.000000 0.000000 162.875386
1 11.819902 8.000000 1.007547 0.926135 3.873970 1.615619 1318.000000 0.000000 1163.000000 460.000000 1.000000 0.000000 216.082585
1 4.429574 8.000000 1.106461 0.204001 1.068618 0.571700 681.000000 0.000000 454.000000 154.000000 1.000000 0.000000 138.462749
1 6.645709 8.000000 2.260645 0.271625 1.489971 0.572522 499.000000 0.000000 302.000000 126.000000 1.000000 0.000000 159.123721
1 3.694354 8.000000 1.625685 0.120344 0.630976 0.401572 406.000000 0.000000 110.000000 56.000000 1.000000 0.000000 159.346926
1 2.723694 8.000000 1.144265 0.100473 0.511402 0.220122 244.000000 0.000000 55.000000 49.000000 1.000000 0.000000 155.293136
1 5.544233 8.000000 2.019503 0.236990 1.262310 0.412825 534.000000 0.000000 517.000000 209.000000 1.000000 0.000000 134.287608
1 3.215118 8.000000 1.115907 0.140976 0.722356 0.260477 431.000000 0.000000 227.000000 175.000000 1.000000 0.000000 157.891371
1 5.299164 8.000000 1.167603 0.258428 1.402217 0.605877 817.000000 0.000000 782.000000 226.000000 1.000000 0.000000 145.591085
1 6.408228 8.000000 1.475286 0.284892 1.634018 0.598888 821.000000 0.000000 306.000000 487.000000 1.000000 0.000000 179.725772
1 5.237231 8.000000 1.908081 0.215940 1.052557 0.598286 562.000000 0.000000 295.000000 193.000000 1.000000 0.000000 202.494128
1 2.778461 8.000000 1.158303 0.110680 0.497290 0.273710 360.000000 0.000000 111.000000 62.000000 1.000000 0.000000 193.739181
1 3.192290 8.000000 1.121921 0.153571 0.762599 0.189067 344.000000 0.000000 158.000000 156.000000 1.000000 0.000000 175.114511
1 9.155394 8.000000 1.160832 0.482028 2.511849 1.480598 975.000000 0.000000 597.000000 157.000000 1.000000 0.000000 204.495507
1 5.915969 8.000000 1.789784 0.254022 1.409396 0.647353 717.000000 0.000000 225.000000 214.000000 1.000000 0.000000 273.117899
1 2.772916 8.000000 1.252449 0.093546 0.482323 0.230856 322.000000 0.000000 101.000000 66.000000 1.000000 0.000000 169.467411
1 4.528644 10.000000 1.087810 0.181186 1.053568 0.679459 667.000000 0.000000 311.000000 107.000000 1.000000 0.000000 197.578827
1 10.681541 10.000000 1.987814 0.697506 3.294107 1.126355 715.000000 0.000000 405.000000 192.000000 1.000000 0.000000 213.832348
1 20.941359 10.000000 1.029718 1.189392 6.683276 3.182767 2572.000000 0.000000 1946.000000 1247.000000 1.000000 0.000000 179.813547
1 5.724799 10.000000 1.522299 0.233727 1.234792 0.826282 802.000000 0.000000 584.000000 149.000000 1.000000 0.000000 191.305042
1 11.130893 10.000000 1.090086 0.499642 2.942539 2.575959 1482.000000 0.000000 708.000000 292.000000 1.000000 0.000000 200.800959
1 4.092680 10.000000 0.979351 0.194172 1.090801 0.425279 608.000000 0.000000 467.000000 147.000000 1.000000 0.000000 157.656085
1 40.578003 10.000000 1.120257 3.409296 15.928764 2.316586 3183.000000 0.000000 4405.000000 1094.000000 1.000000 0.000000 230.101702
1 5.982899 10.000000 1.283839 0.323732 1.691247 0.585333 635.000000 0.000000 200.000000 214.000000 1.000000 0.000000 204.681610
1 18.236683 10.000000 1.649301 1.019174 5.814673 2.545638 2331.000000 0.000000 2562.000000 645.000000 1.000000 0.000000 206.362896
1 15.796156 10.000000 1.041594 0.971130 4.659157 3.612988 1776.000000 0.000000 1457.000000 316.000000 1.000000 0.000000 247.452301
1 6.221933 10.000000 1.964516 0.267293 1.449844 0.613879 735.000000 0.000000 555.000000 116.000000 1.000000 0.000000 210.671867
1 9.763648 10.000000 1.381163 0.548278 2.787290 1.372710 1322.000000 0.000000 692.000000 343.000000 1.000000 0.000000 213.517882
1 8.300330 10.000000 1.813702 0.379197 2.000462 1.411267 1051.000000 0.000000 622.000000 99.000000 1.000000 0.000000 172.261561
1 19.737713 10.000000 1.164060 1.075287 6.143926 3.538117 2637.000000 0.000000 1840.000000 702.000000 1.000000 0.000000 174.174778
1 24.636729 10.000000 1.883456 1.304654 7.145954 4.274944 3333.000000 0.000000 2457.000000 1898.000000 1.000000 0.000000 262.585609
1 10.605573 10.000000 1.514044 0.670672 2.926271 1.695658 1118.000000 0.000000 391.000000 322.000000 1.000000 0.000000 273.606725
1 6.328074 10.000000 1.179875 0.331383 1.732913 0.964892 776.000000 0.000000 229.000000 219.000000 1.000000 0.000000 236.691727
1 8.046583 10.000000 1.582150 0.403526 2.285142 1.008353 1013.000000 0.000000 642.000000 391.000000 1.000000 0.000000 186.201242
1 9.360804 10.000000 1.566517 0.498993 2.486597 1.680205 1129.000000 0.000000 564.000000 182.000000 1.000000 0.000000 259.039114
1 10.092008 10.000000 1.049040 0.449274 2.479635 2.825149 1288.000000 0.000000 327.000000 322.000000 1.000000 0.000000 256.867036
1 6.183886 10.000000 1.104465 0.298338 1.575754 0.941741 653.000000 0.000000 272.000000 101.000000 1.000000 0.000000 232.889097
1 10.021262 10.000000 1.198157 0.496650 2.895591 1.686964 1384.000000 0.000000 1189.000000 545.000000 1.000000 0.000000 173.285303
1 35.080831 10.000000 1.077739 2.118806 11.604286 4.817030 4202.000000 0.000000 2350.000000 1966.000000 1.000000 0.000000 198.634678
1 6.963372 10.000000 1.245441 0.338597 1.831077 1.193228 967.000000 0.000000 375.000000 336.000000 1.000000 0.000000 201.467705
1 64.480203 10.000000 1.788466 3.262091 17.261224 14.341887 6545.000000 0.000000 6935.000000 2898.000000 1.000000 0.000000 241.532915
1 4.372435 10.000000 1.098028 0.210039 1.048961 0.604067 725.000000 0.000000 241.000000 124.000000 1.000000 0.000000 172.857730
1 6.050733 10.000000 1.128329 0.288749 1.501799 1.010831 1004.000000 0.000000 523.000000 164.000000 1.000000 0.000000 204.411220
1 7.954479 10.000000 1.107799 0.458989 2.267138 1.468894 822.000000 0.000000 470.000000 232.000000 1.000000 0.000000 187.421984
1 10.374897 10.000000 1.616212 0.486274 2.593689 1.900341 1289.000000 0.000000 640.000000 265.000000 1.000000 0.000000 212.494390
1 13.058768 10.000000 1.070307 0.757816 4.178572 2.162489 1560.000000 0.000000 2065.000000 552.000000 1.000000 0.000000 184.640228
1 12.593934 10.000000 1.072497 0.907655 4.235890 1.308089 1362.000000 0.000000 1394.000000 313.000000 1.000000 0.000000 226.262308
1 10.354408 10.000000 1.146500 0.564572 3.150643 1.548195 1354.000000 0.000000 869.000000 618.000000 1.000000 0.000000 186.330114
1 5.768159 10.000000 1.080049 0.297788 1.607421 0.666694 629.000000 0.000000 284.000000 154.000000 1.000000 0.000000 179.417446
1 4.287259 10.000000 1.028494 0.212634 1.069048 0.517062 726.000000 0.000000 333.000000 161.000000 1.000000 0.000000 184.326537
1 14.895760 10.000000 1.060400 0.892578 4.672010 2.140941 1857.000000 0.000000 1059.000000 1052.000000 1.000000 0.000000 197.425317
1 8.354653 10.000000 1.461961 0.445963 2.231006 1.266478 1204.000000 0.000000 949.000000 219.000000 1.000000 0.000000 185.912129
1 33.649608 10.000000 1.051154 1.996082 11.327444 5.745970 3472.000000 0.000000 3562.000000 2070.000000 1.000000 0.000000 205.177764
1 16.129097 10.000000 1.041764 0.951538 4.931656 2.778284 2468.000000 0.000000 1678.000000 392.000000 1.000000 0.000000 196.511161
1 8.436759 10.000000 1.863997 0.428209 2.158957 1.121816 953.000000 0.000000 495.000000 296.000000 1.000000 0.000000 197.021351
1 14.854861 10.000000 1.874814 0.730478 3.787941 3.814779 1688.000000 0.000000 1336.000000 479.000000 1.000000 0.000000 210.890460
1 14.283986 10.000000 2.224132 0.666922 3.693455 2.549227 1767.000000 0.000000 1064.000000 250.000000 1.000000 0.000000 171.913601
1 41.449192 10.000000 1.168337 2.412921 13.403408 6.233541 5081.000000 0.000000 6351.000000 1988.000000 1.000000 0.000000 208.283725
1 10.777929 10.000000 1.087643 0.834261 3.632131 1.355948 997.000000 0.000000 479.000000 426.000000 1.000000 0.000000 231.196524
1 4.653730 10.000000 1.047081 0.204580 1.116659 0.678526 757.000000 0.000000 363.000000 201.000000 1.000000 0.000000 174.814814
1 7.107315 10.000000 1.149613 0.356250 2.068735 0.911392 1023.000000 0.000000 648.000000 375.000000 1.000000 0.000000 183.986384
1 14.795458 10.000000 1.137495 0.645995 3.636461 4.099377 1713.000000 0.000000 430.000000 206.000000 1.000000 0.000000 236.168380
1 7.935415 10.000000 1.158204 0.503754 2.426770 0.956146 693.000000 0.000000 484.000000 198.000000 1.000000 0.000000 169.290486
1 6.099792 10.000000 1.085298 0.290319 1.542142 1.147502 679.000000 0.000000 270.000000 132.000000 1.000000 0.000000 202.858026
1 16.813248 10.000000 1.248083 0.973163 5.165087 2.730331 2319.000000 0.000000 2634.000000 547.000000 1.000000 0.000000 181.065251
1 5.862133 10.000000 1.137658 0.299570 1.621925 0.683749 632.000000 0.000000 192.000000 233.000000 1.000000 0.000000 191.144071
1 16.389970 10.000000 2.891599 0.645008 3.808331 3.016374 1895.000000 0.000000 1063.000000 632.000000 1.000000 0.000000 168.267527
1 15.205753 10.000000 0.959289 1.162737 5.012336 2.194620 1811.000000 0.000000 722.000000 379.000000 1.000000 0.000000 308.515181
1 4.215773 10.000000 1.738556 0.148348 0.837608 0.422770 478.000000 0.000000 435.000000 83.000000 1.000000 0.000000 155.911880
1 11.489973 10.000000 1.110228 0.619537 3.453876 1.967092 1314.000000 0.000000 676.000000 481.000000 1.000000 0.000000 232.826028
1 4.222634 10.000000 0.985763 0.206074 1.075460 0.486778 643.000000 0.000000 277.000000 103.000000 1.000000 0.000000 189.572707
1 17.141572 10.000000 1.137638 0.958800 5.087765 4.090656 1590.000000 0.000000 1262.000000 675.000000 1.000000 0.000000 233.206764
1 20.580759 10.000000 1.072571 1.543074 6.703048 2.726060 2098.000000 0.000000 971.000000 371.000000 1.000000 0.000000 253.618655
1 8.389829 10.000000 0.967248 0.491862 2.530896 0.986530 1327.000000 0.000000 991.000000 489.000000 1.000000 0.000000 210.816647
1 11.316099 10.000000 1.902339 0.555695 3.323659 1.692366 1357.000000 0.000000 1061.000000 469.000000 1.000000 0.000000 164.776734
1 4.817347 10.000000 1.312803 0.198117 1.167961 0.584527 672.000000 0.000000 420.000000 146.000000 1.000000 0.000000 158.121578
