1 1.420656 1.000000 1.401903 0.001377 0.008107 0.000837 27.000000 0.000000 0.000000 13.000000 2.000000 0.000000 142.633925
1 1.414302 1.000000 1.391803 0.001449 0.009307 0.000782 24.000000 0.000000 0.000000 20.000000 2.000000 0.000000 135.039370
1 1.430043 1.000000 1.403315 0.001891 0.010864 0.000721 22.000000 0.000000 0.000000 10.000000 2.000000 0.000000 107.316372
1 1.397162 1.000000 1.385423 0.000813 0.004928 0.000716 22.000000 0.000000 0.000000 6.000000 2.000000 0.000000 113.506278
1 1.402813 1.000000 1.381071 0.001417 0.008614 0.000753 24.000000 0.000000 0.000000 12.000000 2.000000 0.000000 110.477190
1 1.408265 1.000000 1.369870 0.001954 0.015884 0.000856 22.000000 0.000000 0.000000 12.000000 2.000000 0.000000 120.515109
1 1.459338 1.000000 1.429245 0.001733 0.011984 0.000871 27.000000 0.000000 0.000000 4.000000 2.000000 0.000000 130.691291
1 1.367740 1.000000 1.343256 0.001639 0.009729 0.000795 24.000000 0.000000 0.000000 9.000000 2.000000 0.000000 131.849411
1 1.556832 1.000000 1.537601 0.001150 0.007589 0.000739 23.000000 0.000000 0.000000 17.000000 2.000000 0.000000 115.042606
1 1.378026 1.000000 1.342861 0.002289 0.014846 0.000851 26.000000 0.000000 0.000000 24.000000 2.000000 0.000000 123.736144
1 1.495712 1.000000 1.469848 0.001771 0.010216 0.000914 26.000000 0.000000 0.000000 6.000000 2.000000 0.000000 125.413895
1 1.662993 1.000000 1.633135 0.001853 0.013073 0.000950 28.000000 0.000000 0.000000 11.000000 2.000000 0.000000 136.127069
1 1.485611 1.000000 1.432353 0.003056 0.021490 0.000964 28.000000 0.000000 0.000000 17.000000 2.000000 0.000000 124.630274
1 1.616911 1.000000 1.589767 0.001618 0.010887 0.000983 23.000000 0.000000 0.000000 10.000000 2.000000 0.000000 121.929392
1 1.564799 1.000000 1.518864 0.003498 0.020383 0.000840 25.000000 0.000000 0.000000 38.000000 2.000000 0.000000 124.443334
1 1.511778 1.000000 1.436174 0.005336 0.032017 0.000912 26.000000 0.000000 0.000000 16.000000 2.000000 0.000000 137.083819
1 1.551880 1.000000 1.526465 0.001429 0.010416 0.000810 23.000000 0.000000 0.000000 12.000000 2.000000 0.000000 111.252268
1 1.463549 1.000000 1.440821 0.001488 0.009027 0.000918 26.000000 0.000000 0.000000 11.000000 2.000000 0.000000 122.112310
1 1.516040 1.000000 1.482692 0.001976 0.013442 0.000866 24.000000 0.000000 0.000000 4.000000 2.000000 0.000000 125.237265
1 1.521805 1.000000 1.494445 0.001640 0.010788 0.000893 24.000000 0.000000 0.000000 4.000000 2.000000 0.000000 120.547583
1 1.565210 1.000000 1.544225 0.001249 0.008604 0.000948 22.000000 0.000000 0.000000 11.000000 2.000000 0.000000 113.478900
1 1.598321 1.000000 1.572051 0.001615 0.010289 0.001050 28.000000 0.000000 0.000000 2.000000 2.000000 0.000000 132.812821
1 1.534522 1.000000 1.515232 0.001230 0.007450 0.000849 23.000000 0.000000 0.000000 5.000000 2.000000 0.000000 117.265399
1 1.514465 1.000000 1.492888 0.001273 0.007917 0.000945 27.000000 0.000000 0.000000 4.000000 2.000000 0.000000 133.480193
1 1.619545 1.000000 1.594879 0.001671 0.009923 0.000879 25.000000 0.000000 0.000000 8.000000 2.000000 0.000000 131.869548
1 1.561746 1.000000 1.527243 0.002194 0.014455 0.000834 22.000000 0.000000 0.000000 15.000000 2.000000 0.000000 113.919059
1 1.741287 1.000000 1.701105 0.002254 0.016092 0.000882 23.000000 0.000000 0.000000 22.000000 2.000000 0.000000 124.852314
1 1.569189 1.000000 1.543248 0.001624 0.010026 0.000844 22.000000 0.000000 0.000000 8.000000 2.000000 0.000000 120.090609
1 1.539107 1.000000 1.508051 0.002025 0.013504 0.001125 30.000000 0.000000 0.000000 11.000000 2.000000 0.000000 123.908895
1 1.553261 1.000000 1.525695 0.001868 0.010699 0.000789 21.000000 0.000000 0.000000 2.000000 2.000000 0.000000 125.573690
1 1.595052 1.000000 1.559409 0.002644 0.014429 0.000825 21.000000 0.000000 0.000000 9.000000 2.000000 0.000000 123.366690
1 1.556080 1.000000 1.532302 0.001501 0.009473 0.000836 23.000000 0.000000 0.000000 12.000000 2.000000 0.000000 111.786979
1 1.583749 1.000000 1.523757 0.003061 0.024681 0.001022 26.000000 0.000000 0.000000 16.000000 2.000000 0.000000 136.072970
1 1.613155 1.000000 1.580789 0.001776 0.013765 0.000989 27.000000 0.000000 0.000000 14.000000 2.000000 0.000000 133.260304
1 1.513830 1.000000 1.496550 0.001072 0.006465 0.000836 22.000000 0.000000 0.000000 6.000000 2.000000 0.000000 111.978509
1 1.595632 1.000000 1.576505 0.001050 0.007603 0.000822 23.000000 0.000000 0.000000 5.000000 2.000000 0.000000 113.921876
1 1.670760 1.000000 1.641190 0.002040 0.012051 0.000842 23.000000 0.000000 0.000000 15.000000 2.000000 0.000000 121.486965
1 1.552801 1.000000 1.534287 0.001000 0.007026 0.001031 28.000000 0.000000 0.000000 8.000000 2.000000 0.000000 125.799608
1 1.732461 1.000000 1.679766 0.003746 0.022923 0.000995 26.000000 0.000000 0.000000 25.000000 2.000000 0.000000 135.851711
1 1.614766 1.000000 1.600905 0.000929 0.005677 0.000922 28.000000 0.000000 0.000000 3.000000 2.000000 0.000000 131.007640
1 1.625589 1.000000 1.597222 0.001766 0.011481 0.000992 26.000000 0.000000 0.000000 5.000000 2.000000 0.000000 134.305809
1 1.676392 1.000000 1.643221 0.001970 0.013371 0.001247 24.000000 0.000000 0.000000 5.000000 2.000000 0.000000 130.826848
1 1.859288 1.000000 1.834464 0.001587 0.010284 0.001059 24.000000 0.000000 0.000000 9.000000 2.000000 0.000000 123.590238
1 2.960099 1.000000 2.918989 0.002476 0.015734 0.001386 21.000000 0.000000 0.000000 11.000000 2.000000 0.000000 120.927457
1 2.130658 1.000000 2.105954 0.001531 0.009967 0.000905 25.000000 0.000000 0.000000 18.000000 2.000000 0.000000 126.325953
1 1.580766 1.000000 1.555040 0.001794 0.010703 0.000905 23.000000 0.000000 0.000000 17.000000 2.000000 0.000000 121.551390
1 1.841856 1.000000 1.778297 0.003626 0.025197 0.002183 26.000000 0.000000 0.000000 9.000000 2.000000 0.000000 134.697114
1 3.014240 1.000000 2.967406 0.002544 0.019554 0.001758 23.000000 0.000000 0.000000 4.000000 2.000000 0.000000 125.261111
1 1.961472 1.000000 1.932994 0.001621 0.012038 0.000981 25.000000 0.000000 0.000000 6.000000 2.000000 0.000000 119.100141
1 1.666884 1.000000 1.654347 0.000849 0.005308 0.000827 22.000000 0.000000 0.000000 4.000000 2.000000 0.000000 119.307743
1 2.923591 1.000000 2.055824 0.064343 0.385008 0.002345 32.000000 0.000000 0.000000 121.000000 2.000000 0.000000 115.670620
1 2.615698 1.000000 2.567623 0.002775 0.019694 0.001496 26.000000 0.000000 0.000000 14.000000 2.000000 0.000000 108.394414
1 1.687183 1.000000 1.619365 0.003641 0.026049 0.001106 24.000000 0.000000 0.000000 27.000000 2.000000 0.000000 124.478034
1 1.843461 1.000000 1.802883 0.002720 0.015510 0.001605 24.000000 0.000000 0.000000 6.000000 2.000000 0.000000 115.116398
1 2.808627 1.000000 2.762459 0.002721 0.017915 0.001781 26.000000 0.000000 0.000000 2.000000 2.000000 0.000000 137.305779
1 2.147241 1.000000 2.131982 0.001043 0.006388 0.000897 25.000000 0.000000 0.000000 4.000000 2.000000 0.000000 128.886764
1 1.659931 1.000000 1.634883 0.001865 0.010496 0.000985 26.000000 0.000000 0.000000 4.000000 2.000000 0.000000 125.901251
1 1.977878 1.000000 1.948724 0.001763 0.012047 0.001449 21.000000 0.000000 0.000000 7.000000 2.000000 0.000000 119.291796
1 2.892046 1.000000 2.853371 0.002528 0.016087 0.001404 24.000000 0.000000 0.000000 6.000000 2.000000 0.000000 121.152876
1 1.784020 1.000000 1.764738 0.001209 0.007368 0.001093 26.000000 0.000000 0.000000 3.000000 2.000000 0.000000 138.388347
1 1.696792 2.000000 1.603760 0.005133 0.032803 0.024635 46.000000 0.000000 0.000000 16.000000 2.000000 0.000000 129.829791
1 1.643011 2.000000 1.557199 0.004811 0.030306 0.020358 46.000000 0.000000 0.000000 19.000000 2.000000 0.000000 126.295093
1 1.667329 2.000000 1.604517 0.004030 0.019615 0.019558 42.000000 0.000000 0.000000 7.000000 2.000000 0.000000 125.476455
1 1.728514 2.000000 1.644970 0.004091 0.022854 0.032186 53.000000 0.000000 0.000000 11.000000 2.000000 0.000000 143.403465
1 1.725153 2.000000 1.570481 0.008192 0.046598 0.052267 60.000000 0.000000 21.000000 26.000000 2.000000 0.000000 143.467292
1 1.856570 2.000000 1.738164 0.004622 0.026722 0.064294 48.000000 0.000000 0.000000 16.000000 2.000000 0.000000 123.444912
1 3.412044 2.000000 3.271528 0.008704 0.048626 0.034745 48.000000 0.000000 0.000000 9.000000 2.000000 0.000000 126.361201
1 3.040759 2.000000 2.944206 0.005095 0.028983 0.033366 47.000000 0.000000 0.000000 4.000000 2.000000 0.000000 133.982483
1 2.449680 2.000000 2.307853 0.006871 0.047865 0.041921 51.000000 0.000000 8.000000 15.000000 2.000000 0.000000 144.643119
1 1.688119 2.000000 1.555514 0.005238 0.028822 0.071547 53.000000 0.000000 0.000000 12.000000 2.000000 0.000000 150.074721
1 1.970064 2.000000 1.795618 0.009966 0.057420 0.043322 54.000000 0.000000 0.000000 15.000000 2.000000 0.000000 155.756252
1 3.187224 2.000000 2.860313 0.020403 0.123356 0.063590 64.000000 0.000000 0.000000 52.000000 2.000000 0.000000 123.650726
1 1.806678 2.000000 1.717633 0.004206 0.026572 0.029630 50.000000 0.000000 0.000000 14.000000 2.000000 0.000000 129.295384
1 1.728428 2.000000 1.634604 0.004715 0.030940 0.029922 53.000000 0.000000 0.000000 27.000000 2.000000 0.000000 129.166924
1 2.312978 2.000000 2.203753 0.006509 0.036845 0.028545 37.000000 0.000000 0.000000 17.000000 2.000000 0.000000 112.936521
1 2.706006 2.000000 2.633836 0.004411 0.024192 0.021651 44.000000 0.000000 0.000000 12.000000 2.000000 0.000000 124.719552
1 1.704423 2.000000 1.587405 0.005886 0.034832 0.040152 50.000000 0.000000 0.000000 15.000000 2.000000 0.000000 129.830729
1 1.617428 2.000000 1.545933 0.003752 0.019625 0.030900 46.000000 0.000000 0.000000 10.000000 2.000000 0.000000 131.365740
1 2.736197 2.000000 2.558127 0.009255 0.061429 0.038796 55.000000 0.000000 0.000000 17.000000 2.000000 0.000000 138.532985
1 2.366744 2.000000 2.312696 0.003038 0.016649 0.016373 39.000000 0.000000 0.000000 9.000000 2.000000 0.000000 121.425060
1 1.736308 2.000000 1.588760 0.007771 0.047944 0.046655 77.000000 0.000000 0.000000 36.000000 2.000000 0.000000 163.995229
1 1.858922 2.000000 1.705346 0.009164 0.057563 0.030161 49.000000 0.000000 2.000000 31.000000 2.000000 0.000000 127.878122
1 2.932791 2.000000 2.795612 0.007848 0.045070 0.034327 41.000000 0.000000 0.000000 17.000000 2.000000 0.000000 116.567926
1 1.998080 2.000000 1.899386 0.005514 0.032303 0.023527 51.000000 0.000000 0.000000 21.000000 2.000000 0.000000 117.294918
1 1.681473 2.000000 1.588324 0.004731 0.030608 0.025129 49.000000 0.000000 0.000000 25.000000 2.000000 0.000000 119.836602
1 2.202702 2.000000 2.051169 0.008866 0.050914 0.041606 51.000000 0.000000 0.000000 24.000000 2.000000 0.000000 127.345948
1 2.796229 2.000000 2.720475 0.003869 0.024198 0.018752 44.000000 0.000000 0.000000 10.000000 2.000000 0.000000 119.308177
1 1.651969 2.000000 1.555001 0.003973 0.023590 0.046186 51.000000 0.000000 0.000000 18.000000 2.000000 0.000000 124.239713
1 1.634096 2.000000 1.552712 0.003717 0.020615 0.037190 47.000000 0.000000 0.000000 11.000000 2.000000 0.000000 128.022989
1 1.707393 2.000000 1.635264 0.003760 0.024092 0.019192 44.000000 0.000000 0.000000 7.000000 2.000000 0.000000 125.473386
1 1.805101 2.000000 1.705121 0.005374 0.035033 0.018820 43.000000 0.000000 0.000000 26.000000 2.000000 0.000000 119.278311
1 1.679904 2.000000 1.601105 0.005106 0.026612 0.020594 47.000000 0.000000 0.000000 17.000000 2.000000 0.000000 135.625918
1 1.689448 2.000000 1.567124 0.007490 0.044254 0.025356 50.000000 0.000000 0.000000 33.000000 2.000000 0.000000 126.432653
1 1.880110 2.000000 1.660459 0.010442 0.054881 0.092933 52.000000 0.000000 0.000000 7.000000 2.000000 0.000000 127.243702
1 3.378046 2.000000 3.208862 0.010908 0.061127 0.035698 51.000000 0.000000 2.000000 23.000000 2.000000 0.000000 125.445333
1 2.825477 2.000000 2.704374 0.006925 0.038436 0.038888 43.000000 0.000000 0.000000 15.000000 2.000000 0.000000 118.738395
1 2.379091 2.000000 2.235794 0.008405 0.048077 0.041248 52.000000 0.000000 0.000000 34.000000 2.000000 0.000000 125.170263
1 1.614526 2.000000 1.547773 0.003742 0.021669 0.018551 44.000000 0.000000 0.000000 10.000000 2.000000 0.000000 116.189845
1 1.718231 2.000000 1.528892 0.010556 0.069476 0.036635 50.000000 0.000000 0.000000 32.000000 2.000000 0.000000 111.393731
1 2.880027 2.000000 2.747437 0.007886 0.047244 0.033048 42.000000 0.000000 0.000000 28.000000 2.000000 0.000000 120.632729
1 2.277785 2.000000 2.004687 0.009950 0.056094 0.150722 80.000000 0.000000 0.000000 47.000000 2.000000 0.000000 171.643837
1 1.821403 2.000000 1.687527 0.007292 0.045480 0.031736 56.000000 0.000000 19.000000 37.000000 2.000000 0.000000 119.555420
1 2.742380 2.000000 2.598061 0.007504 0.052236 0.036463 41.000000 0.000000 0.000000 11.000000 2.000000 0.000000 119.981781
1 2.923265 2.000000 2.770551 0.007737 0.052113 0.036907 44.000000 0.000000 0.000000 16.000000 2.000000 0.000000 121.668923
1 2.004525 2.000000 1.896561 0.005179 0.030168 0.040215 53.000000 0.000000 0.000000 6.000000 2.000000 0.000000 137.334059
1 2.155484 2.000000 2.036051 0.006936 0.039269 0.031847 51.000000 0.000000 0.000000 11.000000 2.000000 0.000000 133.636330
1 2.877134 2.000000 2.702925 0.011969 0.065192 0.034328 52.000000 0.000000 0.000000 41.000000 2.000000 0.000000 119.394396
1 1.765517 2.000000 1.710091 0.003177 0.017202 0.019573 45.000000 0.000000 0.000000 6.000000 2.000000 0.000000 133.379787
1 1.628842 2.000000 1.565613 0.003908 0.021228 0.017844 45.000000 0.000000 0.000000 7.000000 2.000000 0.000000 138.957708
1 2.560789 2.000000 2.412556 0.007602 0.051009 0.034067 46.000000 0.000000 0.000000 15.000000 2.000000 0.000000 119.929735
1 2.622320 2.000000 2.551306 0.003629 0.020948 0.022659 51.000000 0.000000 0.000000 7.000000 2.000000 0.000000 145.409959
1 2.191276 2.000000 2.038588 0.006780 0.041250 0.059866 54.000000 0.000000 0.000000 13.000000 2.000000 0.000000 158.531848
1 2.555905 2.000000 2.282008 0.012740 0.089085 0.068975 58.000000 0.000000 0.000000 9.000000 2.000000 0.000000 148.996597
1 2.996676 2.000000 2.829290 0.009364 0.062786 0.035945 58.000000 0.000000 0.000000 66.000000 2.000000 0.000000 129.878119
1 1.628298 2.000000 1.572436 0.003065 0.017554 0.015732 42.000000 0.000000 0.000000 9.000000 2.000000 0.000000 116.733919
1 1.714801 2.000000 1.634970 0.004204 0.025668 0.023605 48.000000 0.000000 0.000000 20.000000 2.000000 0.000000 119.755685
1 3.230914 2.000000 3.045147 0.009464 0.069036 0.041832 48.000000 0.000000 0.000000 19.000000 2.000000 0.000000 128.332664
1 2.453611 2.000000 2.340180 0.005759 0.036162 0.038528 47.000000 0.000000 0.000000 13.000000 2.000000 0.000000 124.590685
1 2.077413 2.000000 1.952532 0.006989 0.037326 0.044157 54.000000 0.000000 0.000000 27.000000 2.000000 0.000000 144.216931
1 3.191697 2.000000 3.066231 0.006141 0.034029 0.050068 49.000000 0.000000 0.000000 4.000000 2.000000 0.000000 128.531424
1 2.373937 4.000000 2.171625 0.007349 0.035871 0.129880 74.000000 0.000000 0.000000 14.000000 2.000000 0.000000 112.231650
1 2.035233 4.000000 1.786473 0.013079 0.066662 0.118278 91.000000 0.000000 0.000000 37.000000 2.000000 0.000000 116.900330
1 3.228498 4.000000 2.872046 0.015925 0.074380 0.205206 73.000000 0.000000 0.000000 20.000000 2.000000 0.000000 113.575051
1 2.548154 4.000000 2.193243 0.022931 0.115989 0.122235 112.000000 0.000000 11.000000 95.000000 2.000000 0.000000 132.419700
1 2.075258 4.000000 1.850835 0.009054 0.048171 0.134499 85.000000 0.000000 0.000000 25.000000 2.000000 0.000000 115.202626
1 2.826258 4.000000 2.493241 0.019757 0.089149 0.148756 78.000000 0.000000 0.000000 32.000000 2.000000 0.000000 113.817216
1 2.821758 4.000000 2.550559 0.016071 0.081418 0.109756 99.000000 0.000000 0.000000 71.000000 2.000000 0.000000 116.961109
1 1.949269 4.000000 1.677608 0.014686 0.071263 0.129066 95.000000 0.000000 12.000000 21.000000 2.000000 0.000000 127.608455
1 2.438753 4.000000 2.080664 0.013841 0.075141 0.205715 92.000000 0.000000 0.000000 11.000000 2.000000 0.000000 119.737816
1 3.007029 4.000000 2.831656 0.006873 0.036316 0.105524 74.000000 0.000000 0.000000 16.000000 2.000000 0.000000 102.339499
1 1.825716 4.000000 1.670225 0.008696 0.042290 0.073176 71.000000 0.000000 0.000000 44.000000 2.000000 0.000000 107.761357
1 2.572656 4.000000 1.796902 0.045811 0.255418 0.246342 130.000000 0.000000 12.000000 101.000000 2.000000 0.000000 127.772936
1 3.257345 4.000000 2.871763 0.021129 0.108348 0.164234 87.000000 0.000000 0.000000 47.000000 2.000000 0.000000 112.212790
1 2.155439 4.000000 1.955561 0.009474 0.052695 0.097397 93.000000 0.000000 0.000000 26.000000 2.000000 0.000000 103.966009
1 2.999624 4.000000 2.195366 0.036065 0.221979 0.367941 99.000000 0.000000 2.000000 53.000000 2.000000 0.000000 122.533731
1 3.298757 4.000000 3.013135 0.012975 0.063260 0.164240 93.000000 0.000000 0.000000 38.000000 2.000000 0.000000 119.794694
1 2.127191 4.000000 1.883921 0.010485 0.056342 0.131651 80.000000 0.000000 0.000000 23.000000 2.000000 0.000000 114.579390
1 2.615009 4.000000 2.299065 0.012122 0.055760 0.206498 75.000000 0.000000 0.000000 44.000000 2.000000 0.000000 106.025755
1 3.043382 4.000000 2.789750 0.010935 0.048276 0.157497 93.000000 0.000000 0.000000 24.000000 2.000000 0.000000 127.666192
1 1.810965 4.000000 1.569538 0.013640 0.074264 0.091361 86.000000 0.000000 0.000000 53.000000 2.000000 0.000000 120.442024
1 1.718245 4.000000 1.550591 0.008911 0.041849 0.088850 77.000000 0.000000 0.000000 25.000000 2.000000 0.000000 115.115017
1 2.934616 4.000000 2.633008 0.018020 0.090078 0.127868 77.000000 0.000000 0.000000 27.000000 2.000000 0.000000 111.065759
1 2.333204 4.000000 2.116149 0.011592 0.058309 0.097865 84.000000 0.000000 7.000000 31.000000 2.000000 0.000000 115.681312
1 1.785053 4.000000 1.594051 0.011675 0.058809 0.076189 75.000000 0.000000 0.000000 28.000000 2.000000 0.000000 106.374419
1 2.792283 4.000000 2.172023 0.036505 0.169837 0.273557 91.000000 0.000000 6.000000 64.000000 2.000000 0.000000 120.702290
1 2.764349 4.000000 2.605825 0.007018 0.036362 0.081096 76.000000 0.000000 0.000000 9.000000 2.000000 0.000000 105.243845
1 1.730405 4.000000 1.533603 0.009971 0.046669 0.101227 86.000000 0.000000 0.000000 32.000000 2.000000 0.000000 116.733687
1 1.846313 4.000000 1.521106 0.019256 0.101864 0.115938 97.000000 0.000000 0.000000 89.000000 2.000000 0.000000 107.627794
1 2.938598 4.000000 2.654641 0.016193 0.073003 0.134355 91.000000 0.000000 0.000000 32.000000 2.000000 0.000000 113.737129
1 2.133811 4.000000 1.971308 0.008670 0.041252 0.078664 91.000000 0.000000 0.000000 25.000000 2.000000 0.000000 131.778989
1 1.726367 4.000000 1.512390 0.011632 0.060331 0.093264 86.000000 0.000000 0.000000 39.000000 2.000000 0.000000 118.475373
1 2.450688 4.000000 2.034951 0.023562 0.104971 0.201857 92.000000 0.000000 0.000000 46.000000 2.000000 0.000000 115.888021
1 2.781056 4.000000 2.609068 0.009591 0.041692 0.090584 85.000000 0.000000 0.000000 30.000000 2.000000 0.000000 117.508606
1 1.736726 4.000000 1.540594 0.011729 0.056012 0.087682 93.000000 0.000000 0.000000 48.000000 2.000000 0.000000 119.149634
1 1.684336 4.000000 1.527407 0.009204 0.041515 0.077227 78.000000 0.000000 0.000000 33.000000 2.000000 0.000000 110.435667
1 2.732797 4.000000 2.482004 0.013386 0.069984 0.108722 75.000000 0.000000 0.000000 25.000000 2.000000 0.000000 102.039635
1 2.410300 4.000000 2.152693 0.009001 0.040568 0.177083 79.000000 0.000000 0.000000 9.000000 2.000000 0.000000 132.161454
1 1.647232 4.000000 1.507297 0.007492 0.033944 0.069330 74.000000 0.000000 0.000000 27.000000 2.000000 0.000000 106.276286
1 1.926582 4.000000 1.659530 0.014784 0.071221 0.125732 75.000000 0.000000 0.000000 22.000000 2.000000 0.000000 111.603721
1 3.233790 4.000000 2.870002 0.019766 0.097002 0.165917 88.000000 0.000000 0.000000 53.000000 2.000000 0.000000 111.074446
1 1.842119 4.000000 1.681003 0.008550 0.038767 0.085207 77.000000 0.000000 0.000000 22.000000 2.000000 0.000000 121.010947
1 1.794732 4.000000 1.576425 0.012032 0.053405 0.111692 85.000000 0.000000 0.000000 87.000000 2.000000 0.000000 116.644097
1 3.280166 4.000000 2.416089 0.065268 0.306998 0.275674 97.000000 0.000000 0.000000 1617.000000 2.000000 0.000000 112.651498
1 2.340017 4.000000 2.127426 0.009819 0.045653 0.122224 75.000000 0.000000 0.000000 18.000000 2.000000 0.000000 122.767958
1 1.664271 4.000000 1.527901 0.006360 0.028923 0.074637 79.000000 0.000000 5.000000 11.000000 2.000000 0.000000 108.429638
1 2.063195 4.000000 1.790647 0.015920 0.076148 0.122637 72.000000 0.000000 0.000000 26.000000 2.000000 0.000000 107.946484
1 3.068869 4.000000 2.768341 0.015102 0.066147 0.163529 75.000000 0.000000 0.000000 11.000000 2.000000 0.000000 115.154700
1 2.264545 4.000000 1.829236 0.019782 0.094399 0.243630 104.000000 0.000000 0.000000 66.000000 2.000000 0.000000 134.702983
1 1.909100 4.000000 1.738210 0.009314 0.042768 0.086191 80.000000 0.000000 0.000000 14.000000 2.000000 0.000000 118.827804
1 1.689106 4.000000 1.550566 0.007196 0.033836 0.071385 78.000000 0.000000 0.000000 45.000000 2.000000 0.000000 111.254257
1 1.613254 4.000000 1.464783 0.008364 0.038863 0.066722 82.000000 0.000000 0.000000 22.000000 2.000000 0.000000 106.414592
1 1.750612 4.000000 1.538374 0.010839 0.052293 0.109854 82.000000 0.000000 0.000000 37.000000 2.000000 0.000000 118.602286
1 1.725887 4.000000 1.558287 0.008558 0.042483 0.084649 84.000000 0.000000 0.000000 30.000000 2.000000 0.000000 115.478064
1 2.292488 4.000000 2.027162 0.012558 0.062438 0.145388 65.000000 0.000000 0.000000 11.000000 2.000000 0.000000 98.108960
1 3.412446 4.000000 3.060203 0.015859 0.076582 0.196070 78.000000 0.000000 0.000000 28.000000 2.000000 0.000000 116.296546
1 3.004481 4.000000 2.717955 0.013842 0.059314 0.167464 77.000000 0.000000 0.000000 11.000000 2.000000 0.000000 107.630536
1 1.943043 4.000000 1.721759 0.011751 0.065683 0.088979 82.000000 0.000000 0.000000 49.000000 2.000000 0.000000 113.593974
1 2.107225 4.000000 1.670769 0.014441 0.069412 0.300685 107.000000 0.000000 0.000000 32.000000 2.000000 0.000000 130.317977
1 3.426056 4.000000 2.637185 0.026059 0.130503 0.531293 102.000000 0.000000 27.000000 50.000000 2.000000 0.000000 127.588713
1 2.200770 4.000000 1.943001 0.014277 0.074768 0.109849 85.000000 0.000000 0.000000 57.000000 2.000000 0.000000 113.822330
1 2.044950 6.000000 1.578711 0.020208 0.095337 0.276899 117.000000 0.000000 0.000000 35.000000 2.000000 0.000000 126.093947
1 3.519432 6.000000 2.669992 0.028728 0.136065 0.592827 126.000000 0.000000 0.000000 32.000000 2.000000 0.000000 129.203151
1 2.992554 6.000000 2.055040 0.043433 0.260417 0.416669 214.000000 0.000000 51.000000 188.000000 2.000000 0.000000 108.250642
0 76.637112 6.000000 1.533989 3.673556 31.084368 1.143205 323.000000 0.000000 0.000000 35794.000000 2.000000 0.000000 -1.000000
1 2.532038 6.000000 1.737129 0.030455 0.156706 0.492954 120.000000 0.000000 0.000000 31.000000 2.000000 0.000000 123.386418
1 3.327992 6.000000 2.791912 0.017748 0.089801 0.370981 120.000000 0.000000 0.000000 54.000000 2.000000 0.000000 117.606489
1 2.147878 6.000000 1.678436 0.018399 0.095275 0.286585 122.000000 0.000000 0.000000 63.000000 2.000000 0.000000 114.813872
1 3.140166 6.000000 1.881054 0.053063 0.273280 0.711004 141.000000 0.000000 13.000000 73.000000 2.000000 0.000000 117.923099
1 2.974899 6.000000 2.525076 0.018660 0.096984 0.260721 123.000000 0.000000 12.000000 45.000000 2.000000 0.000000 105.419232
1 4.517393 6.000000 1.593461 0.022248 0.113702 2.697956 111.000000 0.000000 0.000000 21.000000 2.000000 0.000000 115.508832
1 3.095621 6.000000 2.796901 0.011463 0.060632 0.180937 99.000000 0.000000 0.000000 17.000000 2.000000 0.000000 101.647954
1 2.233660 6.000000 1.868789 0.013535 0.072348 0.218509 104.000000 0.000000 0.000000 28.000000 2.000000 0.000000 104.911441
1 3.709088 6.000000 2.144882 0.067650 0.403450 0.823767 192.000000 0.000000 0.000000 166.000000 2.000000 0.000000 107.665658
1 2.745355 6.000000 2.338723 0.015106 0.078364 0.262670 126.000000 0.000000 0.000000 31.000000 2.000000 0.000000 115.935752
1 1.977518 6.000000 1.554785 0.017817 0.089032 0.254994 129.000000 0.000000 1.000000 44.000000 2.000000 0.000000 121.044792
1 35.403764 6.000000 2.564083 0.067363 0.364664 32.125919 216.000000 0.000000 21.000000 195.000000 2.000000 0.000000 114.717542
1 2.778602 6.000000 2.110759 0.027982 0.172407 0.363939 142.000000 0.000000 17.000000 105.000000 2.000000 0.000000 114.075278
1 2.056721 6.000000 1.572550 0.022391 0.113654 0.260492 145.000000 0.000000 29.000000 54.000000 2.000000 0.000000 110.529907
1 2.985943 6.000000 2.294575 0.028598 0.145458 0.412863 130.000000 0.000000 0.000000 40.000000 2.000000 0.000000 126.370060
1 2.516078 6.000000 2.243352 0.013172 0.061469 0.151973 106.000000 0.000000 0.000000 49.000000 2.000000 0.000000 113.706876
1 1.894719 6.000000 1.555044 0.015740 0.078090 0.185852 108.000000 0.000000 0.000000 30.000000 2.000000 0.000000 112.439370
1 2.977493 6.000000 2.080374 0.039558 0.196083 0.521004 137.000000 0.000000 5.000000 42.000000 2.000000 0.000000 136.574287
1 2.911258 6.000000 2.449163 0.019161 0.100237 0.268620 133.000000 0.000000 8.000000 39.000000 2.000000 0.000000 112.631416
1 1.894843 6.000000 1.562885 0.013046 0.063939 0.210085 110.000000 0.000000 0.000000 28.000000 2.000000 0.000000 102.884491
1 2.518075 6.000000 1.942810 0.018763 0.105041 0.376594 112.000000 0.000000 7.000000 21.000000 2.000000 0.000000 104.426934
1 3.051684 6.000000 2.690301 0.019284 0.108260 0.149094 106.000000 0.000000 0.000000 73.000000 2.000000 0.000000 99.263779
1 1.940284 6.000000 1.589246 0.014170 0.074575 0.210851 114.000000 0.000000 6.000000 26.000000 2.000000 0.000000 118.357571
1 2.324106 6.000000 1.644672 0.031873 0.173697 0.347614 115.000000 0.000000 14.000000 65.000000 2.000000 0.000000 104.337258
1 3.559567 6.000000 2.918369 0.024110 0.120168 0.409028 138.000000 0.000000 0.000000 49.000000 2.000000 0.000000 124.019795
1 2.540196 6.000000 1.541203 0.011273 0.059907 0.904191 114.000000 0.000000 4.000000 21.000000 2.000000 0.000000 108.379220
1 2.812421 6.000000 1.914076 0.041372 0.192940 0.514829 134.000000 0.000000 4.000000 66.000000 2.000000 0.000000 116.519185
1 2.820460 6.000000 2.502249 0.012728 0.067922 0.186388 108.000000 0.000000 0.000000 41.000000 2.000000 0.000000 108.616644
1 2.601585 6.000000 1.587781 0.071644 0.383357 0.319978 140.000000 0.000000 0.000000 703.000000 2.000000 0.000000 110.333861
1 21.349430 6.000000 2.343861 0.028472 0.134708 18.737707 123.000000 0.000000 0.000000 51.000000 2.000000 0.000000 112.171934
1 1.951056 6.000000 1.584026 0.014515 0.078584 0.217849 114.000000 0.000000 0.000000 48.000000 2.000000 0.000000 103.748781
1 3.081534 6.000000 1.645858 0.033744 0.175114 1.120058 149.000000 0.000000 0.000000 24.000000 2.000000 0.000000 147.494303
1 2.990844 6.000000 2.531317 0.018846 0.095658 0.276375 114.000000 0.000000 0.000000 54.000000 2.000000 0.000000 116.301846
1 2.957857 6.000000 1.722968 0.031404 0.165043 0.921102 154.000000 0.000000 29.000000 74.000000 2.000000 0.000000 117.160947
1 1.963236 6.000000 1.571422 0.018705 0.103886 0.196802 134.000000 0.000000 0.000000 64.000000 2.000000 0.000000 115.037351
1 3.807663 6.000000 1.476421 0.024763 0.134895 2.076313 141.000000 0.000000 0.000000 75.000000 2.000000 0.000000 109.569756
1 1.901352 6.000000 1.582257 0.014548 0.072797 0.175416 118.000000 0.000000 0.000000 40.000000 2.000000 0.000000 114.646456
1 3.425815 6.000000 2.622062 0.033904 0.168952 0.481744 118.000000 0.000000 0.000000 60.000000 2.000000 0.000000 108.303127
1 3.577697 6.000000 2.886088 0.024971 0.125940 0.453659 124.000000 0.000000 0.000000 42.000000 2.000000 0.000000 119.558614
1 2.540624 6.000000 2.257730 0.010943 0.055649 0.180394 111.000000 0.000000 0.000000 19.000000 2.000000 0.000000 111.731436
1 1.956597 6.000000 1.509961 0.017618 0.085238 0.279914 118.000000 0.000000 1.000000 49.000000 2.000000 0.000000 114.341800
1 3.026549 6.000000 2.040685 0.046485 0.238026 0.526394 141.000000 0.000000 17.000000 63.000000 2.000000 0.000000 119.233599
1 2.865666 6.000000 2.425570 0.017193 0.087005 0.265336 122.000000 0.000000 0.000000 30.000000 2.000000 0.000000 121.529901
1 2.174166 6.000000 1.553586 0.031360 0.149891 0.317194 169.000000 0.000000 28.000000 102.000000 2.000000 0.000000 121.492336
1 3.979002 6.000000 2.051085 0.056373 0.289341 1.359173 171.000000 0.000000 12.000000 85.000000 2.000000 0.000000 121.028533
1 2.552402 6.000000 2.054047 0.016126 0.087103 0.331934 111.000000 0.000000 13.000000 13.000000 2.000000 0.000000 119.434261
1 1.942416 6.000000 1.585226 0.016730 0.079326 0.196615 104.000000 0.000000 0.000000 33.000000 2.000000 0.000000 112.586142
1 3.160426 6.000000 2.505742 0.036741 0.174595 0.304060 115.000000 0.000000 2.000000 49.000000 2.000000 0.000000 104.092199
1 2.664356 6.000000 2.146469 0.015441 0.076958 0.374537 117.000000 0.000000 0.000000 22.000000 2.000000 0.000000 122.465477
1 1.899254 6.000000 1.549792 0.013556 0.063038 0.229842 111.000000 0.000000 9.000000 22.000000 2.000000 0.000000 121.486515
1 3.046313 6.000000 2.308009 0.028874 0.159659 0.435653 122.000000 0.000000 0.000000 35.000000 2.000000 0.000000 116.563278
1 2.776875 6.000000 2.313225 0.017087 0.080999 0.299675 123.000000 0.000000 0.000000 19.000000 2.000000 0.000000 121.734567
1 2.123405 6.000000 1.538681 0.025897 0.138937 0.311288 148.000000 0.000000 15.000000 130.000000 2.000000 0.000000 111.437425
1 3.505228 6.000000 2.483330 0.039732 0.211159 0.620075 132.000000 0.000000 5.000000 43.000000 2.000000 0.000000 126.846799
1 2.748527 6.000000 2.105777 0.031440 0.177815 0.295770 162.000000 0.000000 0.000000 147.000000 2.000000 0.000000 101.686901
1 2.185296 6.000000 1.736900 0.019023 0.095172 0.268751 113.000000 0.000000 0.000000 23.000000 2.000000 0.000000 113.995730
1 27.571970 8.000000 2.809236 0.056592 0.281790 24.244955 223.000000 0.000000 13.000000 125.000000 2.000000 0.000000 118.455377
1 11.281436 8.000000 2.568873 0.070328 0.374347 7.998211 262.000000 0.000000 2.000000 114.000000 2.000000 0.000000 134.129991
1 39.673401 8.000000 2.146221 0.074447 0.383697 45.524734 249.000000 0.000000 31.000000 211.000000 2.000000 0.000000 119.477022
1 29.279673 8.000000 2.148717 0.645740 3.530460 20.340867 349.000000 0.000000 42.000000 7211.000000 2.000000 0.000000 136.516548
1 5.128628 8.000000 1.561166 0.035578 0.196059 3.289409 159.000000 0.000000 4.000000 52.000000 2.000000 0.000000 120.689259
1 3.548749 8.000000 2.515932 0.021939 0.126782 0.795056 163.000000 0.000000 0.000000 56.000000 2.000000 0.000000 108.266384
1 2.614967 8.000000 1.725792 0.022698 0.126952 0.657799 152.000000 0.000000 0.000000 49.000000 2.000000 0.000000 104.602978
1 5.452011 8.000000 2.779127 0.047202 0.251013 2.213400 237.000000 0.000000 11.000000 104.000000 2.000000 0.000000 132.945543
1 4.023055 8.000000 1.580237 0.079848 0.419150 2.777630 196.000000 0.000000 44.000000 95.000000 2.000000 0.000000 121.758845
0 717.406053 8.000000 2.095141 0.034934 0.198900 716.209525 168.000000 0.000000 40.000000 44.000000 2.000000 0.000000 -1.000000
1 3.129770 8.000000 1.548860 0.054491 0.272620 1.073118 230.000000 0.000000 35.000000 128.000000 2.000000 0.000000 128.098064
1 5.291288 8.000000 2.734292 0.135232 0.673617 1.249067 266.000000 0.000000 18.000000 432.000000 2.000000 0.000000 119.451224
1 2.429917 8.000000 1.550530 0.021227 0.108100 0.684315 154.000000 0.000000 0.000000 41.000000 2.000000 0.000000 106.853404
1 12.862679 8.000000 2.743359 0.086592 0.497137 9.181702 246.000000 0.000000 8.000000 400.000000 2.000000 0.000000 113.101700
1 27.184676 8.000000 1.551320 0.043282 0.237656 25.277988 218.000000 0.000000 2.000000 112.000000 2.000000 0.000000 118.808837
1 4.211745 8.000000 1.808474 0.047021 0.225237 1.981900 211.000000 0.000000 26.000000 53.000000 2.000000 0.000000 130.176571
1 2.661948 8.000000 1.769051 0.034218 0.181721 0.543860 153.000000 0.000000 0.000000 91.000000 2.000000 0.000000 108.186970
0 76.923532 8.000000 1.786854 4.168117 20.172765 13.326322 270.000000 0.000000 0.000000 32385.000000 2.000000 0.000000 -1.000000
1 7.461101 8.000000 2.909584 0.116055 0.642949 3.334857 281.000000 0.000000 69.000000 226.000000 2.000000 0.000000 126.501494
1 5.032422 8.000000 1.995381 0.036354 0.172881 2.727131 186.000000 0.000000 0.000000 32.000000 2.000000 0.000000 118.548368
1 8.882246 8.000000 2.763924 0.049930 0.282041 5.573289 231.000000 0.000000 67.000000 94.000000 2.000000 0.000000 111.057164
1 7.651569 8.000000 1.730674 0.019879 0.105767 5.734770 150.000000 0.000000 0.000000 48.000000 2.000000 0.000000 110.536454
1 7.751066 8.000000 1.500788 0.122009 0.523705 5.226936 206.000000 0.000000 47.000000 50.000000 2.000000 0.000000 140.834442
1 4.084232 8.000000 1.584027 0.023537 0.127129 5.347926 176.000000 0.000000 6.000000 71.000000 2.000000 0.000000 116.410047
1 15.167106 8.000000 1.541216 0.045246 0.236374 13.188433 192.000000 0.000000 17.000000 103.000000 2.000000 0.000000 124.217488
1 16.567796 8.000000 2.089254 0.066500 0.348207 13.870882 319.000000 0.000000 122.000000 96.000000 2.000000 0.000000 140.110981
1 5.007112 8.000000 3.044745 0.056674 0.307213 1.404388 161.000000 0.000000 0.000000 78.000000 2.000000 0.000000 108.666404
1 35.564467 8.000000 2.803697 0.046030 0.238879 32.325598 218.000000 0.000000 1.000000 75.000000 2.000000 0.000000 123.801252
1 3.256837 8.000000 2.096751 0.034481 0.241948 0.734534 195.000000 0.000000 20.000000 155.000000 2.000000 0.000000 98.026097
1 4.935803 8.000000 1.520090 0.078693 0.426028 2.609738 286.000000 0.000000 88.000000 138.000000 2.000000 0.000000 123.731217
1 5.115147 8.000000 3.258116 0.068813 0.433090 1.025043 214.000000 0.000000 0.000000 141.000000 2.000000 0.000000 108.223823
1 294.080131 8.000000 2.533446 0.039337 0.201916 295.327374 198.000000 0.000000 21.000000 41.000000 2.000000 0.000000 130.265931
1 13.744646 8.000000 2.574589 0.095936 0.571261 10.106356 326.000000 0.000000 127.000000 332.000000 2.000000 0.000000 105.258976
1 12.283625 8.000000 1.590992 0.042183 0.228418 10.255725 194.000000 0.000000 0.000000 95.000000 2.000000 0.000000 116.457342
1 7.412474 8.000000 1.559803 0.032658 0.164720 5.553162 181.000000 0.000000 0.000000 51.000000 2.000000 0.000000 122.479270
1 5.568652 8.000000 1.612530 0.037124 0.197399 3.595535 134.000000 0.000000 1.000000 30.000000 2.000000 0.000000 110.941756
1 4.511573 8.000000 2.103707 0.047273 0.297159 1.919172 242.000000 0.000000 59.000000 171.000000 2.000000 0.000000 106.439424
1 19.347698 8.000000 2.421627 0.056808 0.300609 16.406187 248.000000 0.000000 53.000000 111.000000 2.000000 0.000000 127.989564
1 65.753055 8.000000 1.506251 0.137902 0.766522 62.851047 503.000000 0.000000 312.000000 222.000000 2.000000 0.000000 139.170879
1 11.878597 8.000000 1.569917 0.030430 0.171601 9.987997 193.000000 0.000000 2.000000 61.000000 2.000000 0.000000 118.543547
1 4.933007 8.000000 1.718886 0.043110 0.234389 2.761181 195.000000 0.000000 0.000000 101.000000 2.000000 0.000000 109.804037
1 10.093577 8.000000 2.591291 0.039106 0.207626 7.117599 142.000000 0.000000 5.000000 41.000000 2.000000 0.000000 113.840644
1 13.752853 8.000000 1.706153 0.064334 0.353609 11.357371 218.000000 0.000000 8.000000 116.000000 2.000000 0.000000 137.865739
1 6.643401 8.000000 1.924130 0.071751 0.386947 4.011536 174.000000 0.000000 15.000000 396.000000 2.000000 0.000000 116.288218
1 2.909654 8.000000 1.828411 0.030775 0.171914 0.760563 151.000000 0.000000 5.000000 85.000000 2.000000 0.000000 118.891687
0 369.118533 8.000000 2.184721 0.036701 0.219599 367.170551 167.000000 0.000000 0.000000 84.000000 2.000000 0.000000 -1.000000
1 13.700902 8.000000 1.646659 0.068775 0.332920 11.421350 199.000000 0.000000 7.000000 85.000000 2.000000 0.000000 126.590719
1 171.123613 8.000000 2.346326 0.043228 0.221982 168.365706 162.000000 0.000000 6.000000 34.000000 2.000000 0.000000 125.364063
1 49.438760 8.000000 2.682339 0.059419 0.308129 51.002202 198.000000 0.000000 9.000000 65.000000 2.000000 0.000000 131.702710
1 11.862462 8.000000 2.696098 0.069572 0.345964 8.528826 186.000000 0.000000 28.000000 81.000000 2.000000 0.000000 120.944926
1 9.419756 8.000000 2.677715 0.117453 0.634970 5.613341 316.000000 0.000000 39.000000 189.000000 2.000000 0.000000 146.674768
1 6.407401 8.000000 3.882627 0.060957 0.380091 1.836831 212.000000 0.000000 24.000000 120.000000 2.000000 0.000000 96.538382
1 27.524715 8.000000 2.693282 0.115807 0.667640 23.596582 296.000000 0.000000 68.000000 221.000000 2.000000 0.000000 117.868519
1 4.826646 8.000000 2.806270 0.080403 0.417424 1.223256 205.000000 0.000000 0.000000 128.000000 2.000000 0.000000 112.018839
0 77.933879 8.000000 2.740516 5.377616 30.577748 5.316899 317.000000 0.000000 0.000000 43460.000000 2.000000 0.000000 -1.000000
1 18.174196 8.000000 2.745715 0.039427 0.217456 15.024408 185.000000 0.000000 3.000000 172.000000 2.000000 0.000000 105.179129
1 7.945206 8.000000 1.352799 0.043659 0.241384 6.155606 238.000000 0.000000 36.000000 68.000000 2.000000 0.000000 128.602355
1 4.835716 8.000000 1.479438 0.048310 0.235902 2.914057 208.000000 0.000000 8.000000 85.000000 2.000000 0.000000 140.304408
0 98.659060 8.000000 1.471453 0.051125 0.276072 99.911613 198.000000 0.000000 23.000000 51.000000 2.000000 0.000000 -1.000000
1 5.455041 8.000000 2.673835 0.084116 0.464345 1.912970 240.000000 0.000000 42.000000 163.000000 2.000000 0.000000 105.050492
1 43.998159 10.000000 2.669604 0.104800 0.595209 40.247737 422.000000 0.000000 45.000000 384.000000 2.000000 0.000000 120.495926
0 126.482526 10.000000 1.454054 0.060566 0.362419 124.416904 256.000000 0.000000 6.000000 176.000000 2.000000 0.000000 -1.000000
0 161.888569 10.000000 2.223485 0.042215 0.231353 159.275072 237.000000 0.000000 22.000000 58.000000 2.000000 0.000000 -1.000000
0 236.573857 10.000000 2.674864 0.040422 0.225101 240.796358 219.000000 0.000000 9.000000 75.000000 2.000000 0.000000 -1.000000
0 311.373267 10.000000 2.689282 0.029990 0.196505 308.908885 122.000000 0.000000 23.000000 70.000000 2.000000 0.000000 -1.000000
0 370.564986 10.000000 2.576274 0.042114 0.249887 379.094204 191.000000 0.000000 33.000000 50.000000 2.000000 0.000000 -1.000000
0 109.536469 10.000000 2.995534 0.043922 0.257602 119.817909 196.000000 0.000000 27.000000 64.000000 2.000000 0.000000 -1.000000
0 196.109173 10.000000 2.802431 0.038289 0.230354 192.927638 183.000000 0.000000 24.000000 67.000000 2.000000 0.000000 -1.000000
0 142.980164 10.000000 1.486215 0.039961 0.266590 141.074558 208.000000 0.000000 3.000000 88.000000 2.000000 0.000000 -1.000000
0 366.226989 10.000000 1.766976 0.038853 0.235953 364.047767 214.000000 0.000000 5.000000 78.000000 2.000000 0.000000 -1.000000
0 176.953584 10.000000 1.462902 0.033930 0.213777 180.047467 180.000000 0.000000 0.000000 86.000000 2.000000 0.000000 -1.000000
0 173.888513 10.000000 1.521164 0.043883 0.264429 171.926277 173.000000 0.000000 1.000000 87.000000 2.000000 0.000000 -1.000000
1 170.798566 10.000000 1.389098 0.103446 0.598231 168.309368 328.000000 0.000000 2.000000 165.000000 2.000000 0.000000 120.712437
1 44.507561 10.000000 2.712386 0.084854 0.470436 41.458868 288.000000 0.000000 26.000000 71.000000 2.000000 0.000000 133.341546
0 511.194193 10.000000 2.760084 0.045333 0.261911 508.385429 253.000000 0.000000 9.000000 74.000000 2.000000 0.000000 -1.000000
0 147.164995 10.000000 1.766584 0.026202 0.147568 145.180127 118.000000 0.000000 11.000000 78.000000 2.000000 0.000000 -1.000000
0 77.926508 10.000000 1.931805 0.104569 0.600588 74.930705 377.000000 0.000000 266.000000 205.000000 2.000000 0.000000 -1.000000
0 415.593242 10.000000 1.501049 0.026639 0.137450 413.905209 84.000000 0.000000 0.000000 99.000000 2.000000 0.000000 -1.000000
0 150.349892 10.000000 1.379896 0.026319 0.164033 151.642170 160.000000 0.000000 34.000000 57.000000 2.000000 0.000000 -1.000000
1 317.103736 10.000000 2.695301 0.045529 0.254168 314.191053 261.000000 0.000000 0.000000 69.000000 2.000000 0.000000 131.434244
0 175.489988 10.000000 1.473655 0.032363 0.182919 173.737654 160.000000 0.000000 11.000000 82.000000 2.000000 0.000000 -1.000000
1 40.319075 10.000000 1.761010 0.053331 0.311215 38.008881 258.000000 0.000000 13.000000 124.000000 2.000000 0.000000 126.439740
0 301.299016 10.000000 1.653899 0.039792 0.223624 299.354324 170.000000 0.000000 56.000000 32.000000 2.000000 0.000000 -1.000000
0 328.398781 10.000000 2.641167 0.030371 0.174802 336.427230 217.000000 0.000000 6.000000 85.000000 2.000000 0.000000 -1.000000
0 230.039948 10.000000 1.283962 0.025934 0.160282 228.478521 173.000000 0.000000 20.000000 65.000000 2.000000 0.000000 -1.000000
0 76.741066 10.000000 1.273987 0.024569 0.146420 75.232929 173.000000 0.000000 16.000000 73.000000 2.000000 0.000000 -1.000000
0 339.351111 10.000000 1.295063 0.035360 0.200744 337.726156 208.000000 0.000000 17.000000 67.000000 2.000000 0.000000 -1.000000
0 101.351778 10.000000 1.337389 0.080353 0.483970 99.151072 398.000000 0.000000 14.000000 357.000000 2.000000 0.000000 -1.000000
0 97.646646 10.000000 1.346979 0.070001 0.390647 95.600412 334.000000 0.000000 39.000000 240.000000 2.000000 0.000000 -1.000000
0 92.198724 10.000000 2.661135 0.055207 0.328077 88.990203 292.000000 0.000000 45.000000 238.000000 2.000000 0.000000 -1.000000
0 194.492393 10.000000 1.533774 0.016742 0.100225 192.807758 88.000000 0.000000 0.000000 97.000000 2.000000 0.000000 -1.000000
0 84.588445 10.000000 1.351979 0.027374 0.156307 87.994067 199.000000 0.000000 37.000000 49.000000 2.000000 0.000000 -1.000000
0 257.148004 10.000000 1.299532 0.024074 0.143082 255.620957 155.000000 0.000000 0.000000 88.000000 2.000000 0.000000 -1.000000
0 357.468376 10.000000 1.280030 0.034945 0.198755 397.023914 246.000000 0.000000 13.000000 66.000000 2.000000 0.000000 -1.000000
0 137.177287 10.000000 1.508375 0.027425 0.151898 135.421387 214.000000 0.000000 13.000000 72.000000 2.000000 0.000000 -1.000000
0 258.655157 10.000000 1.348674 0.022480 0.136624 258.919349 137.000000 0.000000 0.000000 93.000000 2.000000 0.000000 -1.000000
0 440.395862 10.000000 1.892240 0.020534 0.147079 438.260166 137.000000 0.000000 0.000000 90.000000 2.000000 0.000000 -1.000000
0 376.697282 10.000000 1.304411 0.040246 0.214081 375.029240 194.000000 0.000000 11.000000 74.000000 2.000000 0.000000 -1.000000
0 90.337603 10.000000 2.664589 0.053737 0.339115 87.124157 242.000000 0.000000 34.000000 258.000000 2.000000 0.000000 -1.000000
0 133.426694 10.000000 1.359081 0.030371 0.188099 131.758134 188.000000 0.000000 6.000000 80.000000 2.000000 0.000000 -1.000000
0 138.147539 10.000000 1.334897 0.028815 0.168419 157.321234 208.000000 0.000000 38.000000 50.000000 2.000000 0.000000 -1.000000
1 20.851201 10.000000 1.280437 0.046455 0.277857 21.868272 286.000000 0.000000 45.000000 132.000000 2.000000 0.000000 114.274782
0 664.482531 10.000000 1.281810 0.032990 0.192087 662.888622 212.000000 0.000000 50.000000 34.000000 2.000000 0.000000 -1.000000
0 134.239770 10.000000 1.286324 0.026582 0.164482 132.673671 142.000000 0.000000 11.000000 76.000000 2.000000 0.000000 -1.000000
1 20.655685 10.000000 1.281772 0.041066 0.218377 18.976473 235.000000 0.000000 37.000000 94.000000 2.000000 0.000000 118.584374
0 471.693342 10.000000 1.298323 0.028174 0.153908 470.193124 234.000000 0.000000 20.000000 64.000000 2.000000 0.000000 -1.000000
0 158.786927 10.000000 1.327067 0.027684 0.171557 157.447135 67.000000 0.000000 0.000000 196.000000 2.000000 0.000000 -1.000000
0 108.982032 10.000000 1.297529 0.029815 0.159600 107.423777 244.000000 0.000000 9.000000 66.000000 2.000000 0.000000 -1.000000
0 103.692243 10.000000 1.295190 0.016116 0.102140 102.247652 100.000000 0.000000 19.000000 77.000000 2.000000 0.000000 -1.000000
0 148.244616 10.000000 1.284776 0.030154 0.181661 146.674892 230.000000 0.000000 1.000000 81.000000 2.000000 0.000000 -1.000000
1 107.695374 10.000000 1.290145 0.053276 0.287366 105.896168 282.000000 0.000000 64.000000 78.000000 2.000000 0.000000 123.143827
1 73.543431 10.000000 1.280729 0.100467 0.565926 71.213738 513.000000 0.000000 110.000000 332.000000 2.000000 0.000000 137.383194
1 25.782241 10.000000 1.296652 0.079865 0.389554 23.754291 259.000000 0.000000 6.000000 112.000000 2.000000 0.000000 142.341556
0 227.024067 10.000000 2.779271 0.029067 0.180710 224.066731 193.000000 0.000000 0.000000 94.000000 2.000000 0.000000 -1.000000
0 650.583838 10.000000 1.261762 0.031635 0.200784 649.012144 201.000000 0.000000 21.000000 64.000000 2.000000 0.000000 -1.000000
0 261.548226 10.000000 1.286845 0.022147 0.115818 266.648618 173.000000 0.000000 1.000000 82.000000 2.000000 0.000000 -1.000000
0 95.977814 10.000000 1.368659 0.590452 2.454121 89.567902 192.000000 0.000000 4.000000 6485.000000 2.000000 0.000000 -1.000000
0 187.440032 10.000000 2.512287 0.016896 0.104694 185.310428 58.000000 0.000000 0.000000 98.000000 2.000000 0.000000 -1.000000
1 70.689367 10.000000 1.277608 0.133241 0.790416 71.748370 621.000000 0.000000 48.000000 588.000000 2.000000 0.000000 139.522787
0 76.367753 10.000000 1.346833 0.046581 0.269938 74.549014 269.000000 0.000000 64.000000 117.000000 2.000000 0.000000 -1.000000
