1 1.501133 1.000000 0.000000 0.045758 0.173997 0.000000 0.000000 0.000000 0.000000 4654.000000 -1.000000 0.000000 290.997778
1 0.049605 1.000000 0.000000 0.005744 0.021274 0.000000 0.000000 0.000000 0.000000 943.000000 -1.000000 0.000000 207.483468
1 0.658292 1.000000 0.000000 0.027558 0.104427 0.000000 0.000000 0.000000 0.000000 4009.000000 -1.000000 0.000000 174.232343
1 0.552809 1.000000 0.000000 0.027010 0.104329 0.000000 0.000000 0.000000 0.000000 2012.000000 -1.000000 0.000000 191.911858
1 0.316538 1.000000 0.000000 0.019143 0.074723 0.000000 0.000000 0.000000 0.000000 1673.000000 -1.000000 0.000000 191.799119
1 2.933365 1.000000 0.000000 0.058590 0.223591 0.000000 0.000000 0.000000 0.000000 4238.000000 -1.000000 0.000000 170.198159
1 2.897055 1.000000 0.000000 0.054114 0.214912 0.000000 0.000000 0.000000 0.000000 3718.000000 -1.000000 0.000000 146.479889
1 0.125331 1.000000 0.000000 0.009578 0.034898 0.000000 0.000000 0.000000 0.000000 2234.000000 -1.000000 0.000000 149.100720
1 0.957349 1.000000 0.000000 0.032458 0.127565 0.000000 0.000000 0.000000 0.000000 2524.000000 -1.000000 0.000000 191.635592
1 0.187446 1.000000 0.000000 0.013908 0.057685 0.000000 0.000000 0.000000 0.000000 2651.000000 -1.000000 0.000000 241.283662
1 0.561671 1.000000 0.000000 0.024206 0.093507 0.000000 0.000000 0.000000 0.000000 1808.000000 -1.000000 0.000000 157.222909
1 1.245925 1.000000 0.000000 0.038251 0.153986 0.000000 0.000000 0.000000 0.000000 3644.000000 -1.000000 0.000000 353.768389
1 0.195947 1.000000 0.000000 0.014505 0.053705 0.000000 0.000000 0.000000 0.000000 1376.000000 -1.000000 0.000000 188.377879
1 2.419837 1.000000 0.000000 0.058500 0.231905 0.000000 0.000000 0.000000 0.000000 3156.000000 -1.000000 0.000000 194.854344
1 0.811603 1.000000 0.000000 0.031465 0.117044 0.000000 0.000000 0.000000 0.000000 2750.000000 -1.000000 0.000000 148.068603
1 0.282202 1.000000 0.000000 0.018394 0.070480 0.000000 0.000000 0.000000 0.000000 1672.000000 -1.000000 0.000000 162.825501
1 1.710825 1.000000 0.000000 0.042195 0.165179 0.000000 0.000000 0.000000 0.000000 5878.000000 -1.000000 0.000000 183.751396
1 0.502731 1.000000 0.000000 0.024521 0.090669 0.000000 0.000000 0.000000 0.000000 3261.000000 -1.000000 0.000000 217.753034
1 3.308744 1.000000 0.000000 0.059809 0.245823 0.000000 0.000000 0.000000 0.000000 8373.000000 -1.000000 0.000000 266.016707
1 6.767281 1.000000 0.000000 0.087173 0.348153 0.000000 0.000000 0.000000 0.000000 7959.000000 -1.000000 0.000000 221.415834
1 1.047790 1.000000 0.000000 0.033797 0.141733 0.000000 0.000000 0.000000 0.000000 4173.000000 -1.000000 0.000000 169.300815
1 2.967464 1.000000 0.000000 0.061299 0.228479 0.000000 0.000000 0.000000 0.000000 4084.000000 -1.000000 0.000000 191.846100
1 4.224486 1.000000 0.000000 0.077095 0.292175 0.000000 0.000000 0.000000 0.000000 6263.000000 -1.000000 0.000000 201.594062
1 2.071667 1.000000 0.000000 0.051850 0.208923 0.000000 0.000000 0.000000 0.000000 4990.000000 -1.000000 0.000000 216.915899
1 0.226495 1.000000 0.000000 0.015042 0.064483 0.000000 0.000000 0.000000 0.000000 2516.000000 -1.000000 0.000000 186.706393
1 0.473258 1.000000 0.000000 0.024237 0.091746 0.000000 0.000000 0.000000 0.000000 3115.000000 -1.000000 0.000000 190.791761
1 1.182976 1.000000 0.000000 0.040002 0.152680 0.000000 0.000000 0.000000 0.000000 3106.000000 -1.000000 0.000000 161.256300
1 3.940464 1.000000 0.000000 0.078973 0.292722 0.000000 0.000000 0.000000 0.000000 5063.000000 -1.000000 0.000000 154.804723
1 1.674312 1.000000 0.000000 0.044754 0.171293 0.000000 0.000000 0.000000 0.000000 4053.000000 -1.000000 0.000000 150.712213
1 1.299419 1.000000 0.000000 0.038766 0.148685 0.000000 0.000000 0.000000 0.000000 3665.000000 -1.000000 0.000000 173.349603
1 2.228174 1.000000 0.000000 0.051700 0.207313 0.000000 0.000000 0.000000 0.000000 3934.000000 -1.000000 0.000000 269.430217
1 0.120174 1.000000 0.000000 0.010601 0.038583 0.000000 0.000000 0.000000 0.000000 814.000000 -1.000000 0.000000 126.505479
1 2.222555 1.000000 0.000000 0.055622 0.211402 0.000000 0.000000 0.000000 0.000000 2954.000000 -1.000000 0.000000 203.587971
1 2.194369 1.000000 0.000000 0.049656 0.184623 0.000000 0.000000 0.000000 0.000000 4019.000000 -1.000000 0.000000 251.465469
1 2.251263 1.000000 0.000000 0.051405 0.198274 0.000000 0.000000 0.000000 0.000000 4053.000000 -1.000000 0.000000 183.633812
1 0.154215 1.000000 0.000000 0.011705 0.044408 0.000000 0.000000 0.000000 0.000000 1366.000000 -1.000000 0.000000 170.572162
1 3.376726 1.000000 0.000000 0.067705 0.258652 0.000000 0.000000 0.000000 0.000000 5918.000000 -1.000000 0.000000 208.849706
1 0.975790 1.000000 0.000000 0.035231 0.138760 0.000000 0.000000 0.000000 0.000000 2710.000000 -1.000000 0.000000 312.386225
1 2.380049 1.000000 0.000000 0.053381 0.203879 0.000000 0.000000 0.000000 0.000000 5126.000000 -1.000000 0.000000 128.756582
1 1.558317 1.000000 0.000000 0.039317 0.146189 0.000000 0.000000 0.000000 0.000000 3042.000000 -1.000000 0.000000 188.265865
1 0.211695 1.000000 0.000000 0.014912 0.055034 0.000000 0.000000 0.000000 0.000000 823.000000 -1.000000 0.000000 242.627930
1 0.224043 1.000000 0.000000 0.014337 0.054141 0.000000 0.000000 0.000000 0.000000 1379.000000 -1.000000 0.000000 199.268358
1 0.263165 1.000000 0.000000 0.018915 0.077147 0.000000 0.000000 0.000000 0.000000 3086.000000 -1.000000 0.000000 176.427385
1 1.353438 1.000000 0.000000 0.043043 0.152508 0.000000 0.000000 0.000000 0.000000 1717.000000 -1.000000 0.000000 274.828975
1 0.432915 1.000000 0.000000 0.023437 0.084888 0.000000 0.000000 0.000000 0.000000 2148.000000 -1.000000 0.000000 191.973387
1 2.145910 1.000000 0.000000 0.047353 0.183140 0.000000 0.000000 0.000000 0.000000 4601.000000 -1.000000 0.000000 224.699602
1 5.694602 1.000000 0.000000 0.082923 0.313140 0.000000 0.000000 0.000000 0.000000 4835.000000 -1.000000 0.000000 173.942883
1 4.081912 1.000000 0.000000 0.077128 0.300937 0.000000 0.000000 0.000000 0.000000 4287.000000 -1.000000 0.000000 254.606315
1 10.357618 1.000000 0.000000 0.127257 0.474796 0.000000 0.000000 0.000000 0.000000 5491.000000 -1.000000 0.000000 181.959967
1 1.307729 1.000000 0.000000 0.037288 0.134102 0.000000 0.000000 0.000000 0.000000 5191.000000 -1.000000 0.000000 207.556483
1 0.348364 1.000000 0.000000 0.022377 0.073707 0.000000 0.000000 0.000000 0.000000 2045.000000 -1.000000 0.000000 230.526119
1 1.581206 1.000000 0.000000 0.043797 0.168281 0.000000 0.000000 0.000000 0.000000 3181.000000 -1.000000 0.000000 247.452153
1 0.592777 1.000000 0.000000 0.027378 0.117351 0.000000 0.000000 0.000000 0.000000 2317.000000 -1.000000 0.000000 180.462609
1 0.607549 1.000000 0.000000 0.029796 0.108129 0.000000 0.000000 0.000000 0.000000 5369.000000 -1.000000 0.000000 148.522171
1 0.728378 1.000000 0.000000 0.032676 0.123719 0.000000 0.000000 0.000000 0.000000 1894.000000 -1.000000 0.000000 184.846893
1 2.349011 1.000000 0.000000 0.051785 0.203520 0.000000 0.000000 0.000000 0.000000 5398.000000 -1.000000 0.000000 138.012020
1 1.156510 1.000000 0.000000 0.036836 0.156359 0.000000 0.000000 0.000000 0.000000 3261.000000 -1.000000 0.000000 165.953035
1 1.001513 1.000000 0.000000 0.033747 0.124497 0.000000 0.000000 0.000000 0.000000 2778.000000 -1.000000 0.000000 219.583090
1 1.919332 1.000000 0.000000 0.046084 0.181264 0.000000 0.000000 0.000000 0.000000 4915.000000 -1.000000 0.000000 240.554730
1 1.156436 1.000000 0.000000 0.039297 0.150584 0.000000 0.000000 0.000000 0.000000 2388.000000 -1.000000 0.000000 302.982196
1 70.317570 2.000000 0.000000 1.299787 1.773014 -1.000000 -1.000000 -1.000000 155.000000 21959.000000 0.000000 0.000000 186.757444
0 91.157985 2.000000 0.000000 1.692878 2.367271 -1.000000 -1.000000 -1.000000 -1.000000 -1.000000 0.000000 0.000000 -1.000000
1 83.401788 2.000000 0.000000 1.610162 2.223137 -1.000000 -1.000000 -1.000000 116.000000 16165.000000 0.000000 0.000000 254.087838
1 39.687367 2.000000 0.000000 0.873178 1.113698 -1.000000 -1.000000 -1.000000 21.000000 11619.000000 0.000000 0.000000 275.997246
1 4.606796 2.000000 0.000000 0.276223 0.377391 -1.000000 -1.000000 -1.000000 250.000000 4168.000000 0.000000 0.000000 162.184187
0 91.091566 2.000000 0.000000 1.425152 1.936670 -1.000000 -1.000000 -1.000000 -1.000000 -1.000000 0.000000 0.000000 -1.000000
0 90.608522 2.000000 0.000000 1.323456 1.776852 -1.000000 -1.000000 -1.000000 -1.000000 -1.000000 0.000000 0.000000 -1.000000
1 48.268243 2.000000 0.000000 0.957992 1.257548 -1.000000 -1.000000 -1.000000 0.000000 14102.000000 0.000000 0.000000 222.878291
1 7.574650 2.000000 0.000000 0.394463 0.502122 -1.000000 -1.000000 -1.000000 150.000000 6411.000000 0.000000 0.000000 309.796141
0 91.197267 2.000000 0.000000 1.447881 2.037931 -1.000000 -1.000000 -1.000000 -1.000000 -1.000000 0.000000 0.000000 -1.000000
1 17.241443 2.000000 0.000000 0.500165 0.644365 -1.000000 -1.000000 -1.000000 1409.000000 11094.000000 0.000000 0.000000 205.335316
0 91.032723 2.000000 0.000000 1.409520 1.836508 -1.000000 -1.000000 -1.000000 -1.000000 -1.000000 0.000000 0.000000 -1.000000
0 90.866169 2.000000 0.000000 1.678946 2.054458 -1.000000 -1.000000 -1.000000 -1.000000 -1.000000 0.000000 0.000000 -1.000000
1 29.266502 2.000000 0.000000 0.781574 0.930690 -1.000000 -1.000000 -1.000000 63.000000 9734.000000 0.000000 0.000000 273.628052
0 90.866241 2.000000 0.000000 1.633781 2.004981 -1.000000 -1.000000 -1.000000 -1.000000 -1.000000 0.000000 0.000000 -1.000000
0 90.070927 2.000000 0.000000 1.456287 2.047442 -1.000000 -1.000000 -1.000000 -1.000000 -1.000000 0.000000 0.000000 -1.000000
0 90.611223 2.000000 0.000000 1.446552 1.873504 -1.000000 -1.000000 -1.000000 -1.000000 -1.000000 0.000000 0.000000 -1.000000
1 11.567735 2.000000 0.000000 0.454213 0.552334 -1.000000 -1.000000 -1.000000 85.000000 5740.000000 0.000000 0.000000 217.941064
0 90.173315 2.000000 0.000000 1.689339 2.056795 -1.000000 -1.000000 -1.000000 -1.000000 -1.000000 0.000000 0.000000 -1.000000
1 17.136206 2.000000 0.000000 0.540143 0.668984 -1.000000 -1.000000 -1.000000 0.000000 8396.000000 0.000000 0.000000 294.938902
1 52.545863 2.000000 0.000000 1.323529 1.628843 -1.000000 -1.000000 -1.000000 69.000000 20350.000000 0.000000 0.000000 192.477797
1 69.461922 2.000000 0.000000 1.566036 1.880340 -1.000000 -1.000000 -1.000000 858.000000 38239.000000 0.000000 0.000000 270.857935
0 90.332875 2.000000 0.000000 1.467859 1.880674 -1.000000 -1.000000 -1.000000 -1.000000 -1.000000 0.000000 0.000000 -1.000000
1 51.334430 2.000000 0.000000 1.173703 1.304859 -1.000000 -1.000000 -1.000000 0.000000 25870.000000 0.000000 0.000000 308.260119
1 7.996765 2.000000 0.000000 0.387519 0.474218 -1.000000 -1.000000 -1.000000 0.000000 5738.000000 0.000000 0.000000 197.210611
0 90.708857 2.000000 0.000000 1.441678 1.795545 -1.000000 -1.000000 -1.000000 -1.000000 -1.000000 0.000000 0.000000 -1.000000
1 71.203283 2.000000 0.000000 1.314903 1.554447 -1.000000 -1.000000 -1.000000 20.000000 18585.000000 0.000000 0.000000 178.637176
0 90.831174 2.000000 0.000000 1.377440 1.742697 -1.000000 -1.000000 -1.000000 -1.000000 -1.000000 0.000000 0.000000 -1.000000
0 90.924873 2.000000 0.000000 1.698936 2.038855 -1.000000 -1.000000 -1.000000 -1.000000 -1.000000 0.000000 0.000000 -1.000000
0 90.213798 2.000000 0.000000 1.464417 1.864998 -1.000000 -1.000000 -1.000000 -1.000000 -1.000000 0.000000 0.000000 -1.000000
0 91.253156 2.000000 0.000000 1.449560 1.898803 -1.000000 -1.000000 -1.000000 -1.000000 -1.000000 0.000000 0.000000 -1.000000
0 90.081814 2.000000 0.000000 1.620446 2.022699 -1.000000 -1.000000 -1.000000 -1.000000 -1.000000 0.000000 0.000000 -1.000000
1 17.855904 2.000000 0.000000 0.660085 0.798064 -1.000000 -1.000000 -1.000000 85.000000 11160.000000 0.000000 0.000000 294.655187
0 90.095307 2.000000 0.000000 1.587842 1.873978 -1.000000 -1.000000 -1.000000 -1.000000 -1.000000 0.000000 0.000000 -1.000000
1 64.672560 2.000000 0.000000 1.426514 1.774296 -1.000000 -1.000000 -1.000000 8.000000 18120.000000 0.000000 0.000000 406.722059
1 81.628988 2.000000 0.000000 1.392607 1.741921 -1.000000 -1.000000 -1.000000 16.000000 21532.000000 0.000000 0.000000 275.318729
1 41.701193 2.000000 0.000000 0.947697 1.247983 -1.000000 -1.000000 -1.000000 0.000000 16880.000000 0.000000 0.000000 244.095721
0 90.737296 2.000000 0.000000 1.414170 1.799745 -1.000000 -1.000000 -1.000000 -1.000000 -1.000000 0.000000 0.000000 -1.000000
0 90.021341 2.000000 0.000000 1.461405 1.909544 -1.000000 -1.000000 -1.000000 -1.000000 -1.000000 0.000000 0.000000 -1.000000
0 90.103836 2.000000 0.000000 1.528745 1.870078 -1.000000 -1.000000 -1.000000 -1.000000 -1.000000 0.000000 0.000000 -1.000000
1 28.437742 2.000000 0.000000 0.839495 1.036480 -1.000000 -1.000000 -1.000000 0.000000 15162.000000 0.000000 0.000000 315.394402
1 7.775134 2.000000 0.000000 0.412321 0.588435 -1.000000 -1.000000 -1.000000 558.000000 6567.000000 0.000000 0.000000 232.684172
0 91.119716 2.000000 0.000000 1.277438 1.678511 -1.000000 -1.000000 -1.000000 -1.000000 -1.000000 0.000000 0.000000 -1.000000
0 90.473324 2.000000 0.000000 1.657445 1.962501 -1.000000 -1.000000 -1.000000 -1.000000 -1.000000 0.000000 0.000000 -1.000000
0 90.447931 2.000000 0.000000 1.680133 2.114895 -1.000000 -1.000000 -1.000000 -1.000000 -1.000000 0.000000 0.000000 -1.000000
1 27.750372 2.000000 0.000000 0.726385 0.867487 -1.000000 -1.000000 -1.000000 228.000000 8998.000000 0.000000 0.000000 262.557759
0 91.195719 2.000000 0.000000 1.622749 1.990211 -1.000000 -1.000000 -1.000000 -1.000000 -1.000000 0.000000 0.000000 -1.000000
1 25.491091 2.000000 0.000000 0.787203 1.028785 -1.000000 -1.000000 -1.000000 0.000000 13644.000000 0.000000 0.000000 307.571204
0 90.826528 2.000000 0.000000 1.473029 1.857422 -1.000000 -1.000000 -1.000000 -1.000000 -1.000000 0.000000 0.000000 -1.000000
1 71.180620 2.000000 0.000000 1.311884 1.648664 -1.000000 -1.000000 -1.000000 135.000000 15314.000000 0.000000 0.000000 239.119732
1 45.729546 2.000000 0.000000 1.008743 1.202158 -1.000000 -1.000000 -1.000000 117.000000 11788.000000 0.000000 0.000000 304.422039
1 68.011915 2.000000 0.000000 1.390339 1.807991 -1.000000 -1.000000 -1.000000 69.000000 20091.000000 0.000000 0.000000 287.180173
1 81.663202 2.000000 0.000000 1.475582 1.864354 -1.000000 -1.000000 -1.000000 43.000000 16537.000000 0.000000 0.000000 305.430725
0 90.109615 2.000000 0.000000 1.349266 1.874696 -1.000000 -1.000000 -1.000000 -1.000000 -1.000000 0.000000 0.000000 -1.000000
1 79.936138 2.000000 0.000000 1.297868 1.567474 -1.000000 -1.000000 -1.000000 29.000000 21983.000000 0.000000 0.000000 212.671504
1 14.652984 2.000000 0.000000 0.534937 0.638290 -1.000000 -1.000000 -1.000000 53.000000 9733.000000 0.000000 0.000000 284.468690
0 91.195402 2.000000 0.000000 1.532114 1.957851 -1.000000 -1.000000 -1.000000 -1.000000 -1.000000 0.000000 0.000000 -1.000000
1 36.801078 2.000000 0.000000 0.888612 1.081136 -1.000000 -1.000000 -1.000000 15.000000 11347.000000 0.000000 0.000000 311.110547
0 90.002368 2.000000 0.000000 1.505937 1.909633 -1.000000 -1.000000 -1.000000 -1.000000 -1.000000 0.000000 0.000000 -1.000000
0 91.306114 2.000000 0.000000 1.507617 1.838426 -1.000000 -1.000000 -1.000000 -1.000000 -1.000000 0.000000 0.000000 -1.000000
0 90.016432 4.000000 0.000000 3.225112 3.300270 -1.000000 -1.000000 -1.000000 -1.000000 -1.000000 0.000000 0.000000 -1.000000
0 90.235557 4.000000 0.000000 3.767802 4.532697 -1.000000 -1.000000 -1.000000 -1.000000 -1.000000 0.000000 0.000000 -1.000000
0 90.230613 4.000000 0.000000 2.737059 2.867946 -1.000000 -1.000000 -1.000000 -1.000000 -1.000000 0.000000 0.000000 -1.000000
0 90.033605 4.000000 0.000000 2.897910 3.203652 -1.000000 -1.000000 -1.000000 -1.000000 -1.000000 0.000000 0.000000 -1.000000
0 90.165961 4.000000 0.000000 3.455751 3.874258 -1.000000 -1.000000 -1.000000 -1.000000 -1.000000 0.000000 0.000000 -1.000000
0 90.162516 4.000000 0.000000 2.711269 3.047167 -1.000000 -1.000000 -1.000000 -1.000000 -1.000000 0.000000 0.000000 -1.000000
0 90.047137 4.000000 0.000000 2.786449 3.122213 -1.000000 -1.000000 -1.000000 -1.000000 -1.000000 0.000000 0.000000 -1.000000
0 90.110609 4.000000 0.000000 3.787574 3.886822 -1.000000 -1.000000 -1.000000 -1.000000 -1.000000 0.000000 0.000000 -1.000000
0 90.185721 4.000000 0.000000 3.408048 4.049255 -1.000000 -1.000000 -1.000000 -1.000000 -1.000000 0.000000 0.000000 -1.000000
0 90.171519 4.000000 0.000000 3.800510 4.798761 -1.000000 -1.000000 -1.000000 -1.000000 -1.000000 0.000000 0.000000 -1.000000
0 90.237274 4.000000 0.000000 3.485079 3.196840 -1.000000 -1.000000 -1.000000 -1.000000 -1.000000 0.000000 0.000000 -1.000000
0 90.286226 4.000000 0.000000 2.488067 3.063720 -1.000000 -1.000000 -1.000000 -1.000000 -1.000000 0.000000 0.000000 -1.000000
0 90.113538 4.000000 0.000000 4.427907 4.333133 -1.000000 -1.000000 -1.000000 -1.000000 -1.000000 0.000000 0.000000 -1.000000
0 90.413594 4.000000 0.000000 2.494025 2.523582 -1.000000 -1.000000 -1.000000 -1.000000 -1.000000 0.000000 0.000000 -1.000000
0 90.063722 4.000000 0.000000 3.413411 3.691805 -1.000000 -1.000000 -1.000000 -1.000000 -1.000000 0.000000 0.000000 -1.000000
0 90.105218 4.000000 0.000000 2.728644 3.264376 -1.000000 -1.000000 -1.000000 -1.000000 -1.000000 0.000000 0.000000 -1.000000
0 90.013721 4.000000 0.000000 4.166741 5.235268 -1.000000 -1.000000 -1.000000 -1.000000 -1.000000 0.000000 0.000000 -1.000000
0 90.135386 4.000000 0.000000 2.900944 3.839317 -1.000000 -1.000000 -1.000000 -1.000000 -1.000000 0.000000 0.000000 -1.000000
0 90.177758 4.000000 0.000000 2.733301 3.297024 -1.000000 -1.000000 -1.000000 -1.000000 -1.000000 0.000000 0.000000 -1.000000
0 90.246096 4.000000 0.000000 3.277031 3.363188 -1.000000 -1.000000 -1.000000 -1.000000 -1.000000 0.000000 0.000000 -1.000000
0 90.085497 4.000000 0.000000 2.862965 3.655845 -1.000000 -1.000000 -1.000000 -1.000000 -1.000000 0.000000 0.000000 -1.000000
0 90.453700 4.000000 0.000000 2.493337 2.834496 -1.000000 -1.000000 -1.000000 -1.000000 -1.000000 0.000000 0.000000 -1.000000
0 90.013637 4.000000 0.000000 2.966998 3.070691 -1.000000 -1.000000 -1.000000 -1.000000 -1.000000 0.000000 0.000000 -1.000000
0 90.152352 4.000000 0.000000 2.425264 2.722051 -1.000000 -1.000000 -1.000000 -1.000000 -1.000000 0.000000 0.000000 -1.000000
0 90.293527 4.000000 0.000000 2.844744 3.147434 -1.000000 -1.000000 -1.000000 -1.000000 -1.000000 0.000000 0.000000 -1.000000
0 90.020121 4.000000 0.000000 2.831472 3.551938 -1.000000 -1.000000 -1.000000 -1.000000 -1.000000 0.000000 0.000000 -1.000000
0 90.113643 4.000000 0.000000 2.822240 3.340547 -1.000000 -1.000000 -1.000000 -1.000000 -1.000000 0.000000 0.000000 -1.000000
0 90.375256 4.000000 0.000000 3.007410 3.755112 -1.000000 -1.000000 -1.000000 -1.000000 -1.000000 0.000000 0.000000 -1.000000
0 90.151981 4.000000 0.000000 2.246871 3.070648 -1.000000 -1.000000 -1.000000 -1.000000 -1.000000 0.000000 0.000000 -1.000000
0 90.303799 4.000000 0.000000 2.718509 3.801207 -1.000000 -1.000000 -1.000000 -1.000000 -1.000000 0.000000 0.000000 -1.000000
0 90.021167 4.000000 0.000000 2.880522 2.842179 -1.000000 -1.000000 -1.000000 -1.000000 -1.000000 0.000000 0.000000 -1.000000
0 90.240214 4.000000 0.000000 2.495854 3.028200 -1.000000 -1.000000 -1.000000 -1.000000 -1.000000 0.000000 0.000000 -1.000000
0 90.191022 4.000000 0.000000 2.086080 2.541714 -1.000000 -1.000000 -1.000000 -1.000000 -1.000000 0.000000 0.000000 -1.000000
0 90.221437 4.000000 0.000000 2.369852 3.133457 -1.000000 -1.000000 -1.000000 -1.000000 -1.000000 0.000000 0.000000 -1.000000
0 90.053798 4.000000 0.000000 3.289609 4.623656 -1.000000 -1.000000 -1.000000 -1.000000 -1.000000 0.000000 0.000000 -1.000000
0 90.247242 4.000000 0.000000 2.305314 3.016870 -1.000000 -1.000000 -1.000000 -1.000000 -1.000000 0.000000 0.000000 -1.000000
0 90.015601 4.000000 0.000000 2.584940 2.964342 -1.000000 -1.000000 -1.000000 -1.000000 -1.000000 0.000000 0.000000 -1.000000
0 90.081432 4.000000 0.000000 3.040465 4.262322 -1.000000 -1.000000 -1.000000 -1.000000 -1.000000 0.000000 0.000000 -1.000000
0 90.107522 4.000000 0.000000 2.207050 3.006908 -1.000000 -1.000000 -1.000000 -1.000000 -1.000000 0.000000 0.000000 -1.000000
0 90.144206 4.000000 0.000000 2.733914 3.298681 -1.000000 -1.000000 -1.000000 -1.000000 -1.000000 0.000000 0.000000 -1.000000
0 90.179569 4.000000 0.000000 2.357604 3.079278 -1.000000 -1.000000 -1.000000 -1.000000 -1.000000 0.000000 0.000000 -1.000000
0 90.094704 4.000000 0.000000 2.356796 2.989667 -1.000000 -1.000000 -1.000000 -1.000000 -1.000000 0.000000 0.000000 -1.000000
0 90.020403 4.000000 0.000000 3.651320 5.861239 -1.000000 -1.000000 -1.000000 -1.000000 -1.000000 0.000000 0.000000 -1.000000
0 90.118399 4.000000 0.000000 3.393080 4.298003 -1.000000 -1.000000 -1.000000 -1.000000 -1.000000 0.000000 0.000000 -1.000000
0 90.220318 4.000000 0.000000 2.503235 2.703827 -1.000000 -1.000000 -1.000000 -1.000000 -1.000000 0.000000 0.000000 -1.000000
0 90.212973 4.000000 0.000000 2.245178 2.879624 -1.000000 -1.000000 -1.000000 -1.000000 -1.000000 0.000000 0.000000 -1.000000
0 90.153621 4.000000 0.000000 2.910000 3.723045 -1.000000 -1.000000 -1.000000 -1.000000 -1.000000 0.000000 0.000000 -1.000000
0 90.245874 4.000000 0.000000 2.063130 2.217796 -1.000000 -1.000000 -1.000000 -1.000000 -1.000000 0.000000 0.000000 -1.000000
0 90.001783 4.000000 0.000000 2.079824 2.708940 -1.000000 -1.000000 -1.000000 -1.000000 -1.000000 0.000000 0.000000 -1.000000
0 90.045880 4.000000 0.000000 3.513847 4.978872 -1.000000 -1.000000 -1.000000 -1.000000 -1.000000 0.000000 0.000000 -1.000000
0 90.272040 4.000000 0.000000 2.484042 2.882963 -1.000000 -1.000000 -1.000000 -1.000000 -1.000000 0.000000 0.000000 -1.000000
0 90.039584 4.000000 0.000000 2.912894 3.671926 -1.000000 -1.000000 -1.000000 -1.000000 -1.000000 0.000000 0.000000 -1.000000
0 90.222557 4.000000 0.000000 2.643587 2.773218 -1.000000 -1.000000 -1.000000 -1.000000 -1.000000 0.000000 0.000000 -1.000000
0 90.178756 4.000000 0.000000 3.309892 4.412478 -1.000000 -1.000000 -1.000000 -1.000000 -1.000000 0.000000 0.000000 -1.000000
0 90.095486 4.000000 0.000000 3.028955 3.872804 -1.000000 -1.000000 -1.000000 -1.000000 -1.000000 0.000000 0.000000 -1.000000
0 90.030793 4.000000 0.000000 3.132119 4.288931 -1.000000 -1.000000 -1.000000 -1.000000 -1.000000 0.000000 0.000000 -1.000000
0 90.131381 4.000000 0.000000 3.186124 3.449964 -1.000000 -1.000000 -1.000000 -1.000000 -1.000000 0.000000 0.000000 -1.000000
0 90.137150 4.000000 0.000000 2.172555 2.466197 -1.000000 -1.000000 -1.000000 -1.000000 -1.000000 0.000000 0.000000 -1.000000
0 90.192546 4.000000 0.000000 3.304229 2.604443 -1.000000 -1.000000 -1.000000 -1.000000 -1.000000 0.000000 0.000000 -1.000000
0 90.134061 4.000000 0.000000 3.349282 3.784127 -1.000000 -1.000000 -1.000000 -1.000000 -1.000000 0.000000 0.000000 -1.000000
0 90.016432 6.000000 0.000000 3.225112 3.300270 -1.000000 -1.000000 -1.000000 -1.000000 -1.000000 0.000000 0.000000 -1.000000
0 90.235557 6.000000 0.000000 3.767802 4.532697 -1.000000 -1.000000 -1.000000 -1.000000 -1.000000 0.000000 0.000000 -1.000000
0 90.230613 6.000000 0.000000 2.737059 2.867946 -1.000000 -1.000000 -1.000000 -1.000000 -1.000000 0.000000 0.000000 -1.000000
0 90.033605 6.000000 0.000000 2.897910 3.203652 -1.000000 -1.000000 -1.000000 -1.000000 -1.000000 0.000000 0.000000 -1.000000
0 90.165961 6.000000 0.000000 3.455751 3.874258 -1.000000 -1.000000 -1.000000 -1.000000 -1.000000 0.000000 0.000000 -1.000000
0 90.162516 6.000000 0.000000 2.711269 3.047167 -1.000000 -1.000000 -1.000000 -1.000000 -1.000000 0.000000 0.000000 -1.000000
0 90.047137 6.000000 0.000000 2.786449 3.122213 -1.000000 -1.000000 -1.000000 -1.000000 -1.000000 0.000000 0.000000 -1.000000
0 90.110609 6.000000 0.000000 3.787574 3.886822 -1.000000 -1.000000 -1.000000 -1.000000 -1.000000 0.000000 0.000000 -1.000000
0 90.185721 6.000000 0.000000 3.408048 4.049255 -1.000000 -1.000000 -1.000000 -1.000000 -1.000000 0.000000 0.000000 -1.000000
0 90.171519 6.000000 0.000000 3.800510 4.798761 -1.000000 -1.000000 -1.000000 -1.000000 -1.000000 0.000000 0.000000 -1.000000
0 90.237274 6.000000 0.000000 3.485079 3.196840 -1.000000 -1.000000 -1.000000 -1.000000 -1.000000 0.000000 0.000000 -1.000000
0 90.286226 6.000000 0.000000 2.488067 3.063720 -1.000000 -1.000000 -1.000000 -1.000000 -1.000000 0.000000 0.000000 -1.000000
0 90.113538 6.000000 0.000000 4.427907 4.333133 -1.000000 -1.000000 -1.000000 -1.000000 -1.000000 0.000000 0.000000 -1.000000
0 90.413594 6.000000 0.000000 2.494025 2.523582 -1.000000 -1.000000 -1.000000 -1.000000 -1.000000 0.000000 0.000000 -1.000000
0 90.063722 6.000000 0.000000 3.413411 3.691805 -1.000000 -1.000000 -1.000000 -1.000000 -1.000000 0.000000 0.000000 -1.000000
0 90.105218 6.000000 0.000000 2.728644 3.264376 -1.000000 -1.000000 -1.000000 -1.000000 -1.000000 0.000000 0.000000 -1.000000
0 90.013721 6.000000 0.000000 4.166741 5.235268 -1.000000 -1.000000 -1.000000 -1.000000 -1.000000 0.000000 0.000000 -1.000000
0 90.135386 6.000000 0.000000 2.900944 3.839317 -1.000000 -1.000000 -1.000000 -1.000000 -1.000000 0.000000 0.000000 -1.000000
0 90.177758 6.000000 0.000000 2.733301 3.297024 -1.000000 -1.000000 -1.000000 -1.000000 -1.000000 0.000000 0.000000 -1.000000
0 90.246096 6.000000 0.000000 3.277031 3.363188 -1.000000 -1.000000 -1.000000 -1.000000 -1.000000 0.000000 0.000000 -1.000000
0 90.085497 6.000000 0.000000 2.862965 3.655845 -1.000000 -1.000000 -1.000000 -1.000000 -1.000000 0.000000 0.000000 -1.000000
0 90.453700 6.000000 0.000000 2.493337 2.834496 -1.000000 -1.000000 -1.000000 -1.000000 -1.000000 0.000000 0.000000 -1.000000
0 90.013637 6.000000 0.000000 2.966998 3.070691 -1.000000 -1.000000 -1.000000 -1.000000 -1.000000 0.000000 0.000000 -1.000000
0 90.152352 6.000000 0.000000 2.425264 2.722051 -1.000000 -1.000000 -1.000000 -1.000000 -1.000000 0.000000 0.000000 -1.000000
0 90.293527 6.000000 0.000000 2.844744 3.147434 -1.000000 -1.000000 -1.000000 -1.000000 -1.000000 0.000000 0.000000 -1.000000
0 90.020121 6.000000 0.000000 2.831472 3.551938 -1.000000 -1.000000 -1.000000 -1.000000 -1.000000 0.000000 0.000000 -1.000000
0 90.113643 6.000000 0.000000 2.822240 3.340547 -1.000000 -1.000000 -1.000000 -1.000000 -1.000000 0.000000 0.000000 -1.000000
0 90.375256 6.000000 0.000000 3.007410 3.755112 -1.000000 -1.000000 -1.000000 -1.000000 -1.000000 0.000000 0.000000 -1.000000
0 90.151981 6.000000 0.000000 2.246871 3.070648 -1.000000 -1.000000 -1.000000 -1.000000 -1.000000 0.000000 0.000000 -1.000000
0 90.303799 6.000000 0.000000 2.718509 3.801207 -1.000000 -1.000000 -1.000000 -1.000000 -1.000000 0.000000 0.000000 -1.000000
0 90.021167 6.000000 0.000000 2.880522 2.842179 -1.000000 -1.000000 -1.000000 -1.000000 -1.000000 0.000000 0.000000 -1.000000
0 90.240214 6.000000 0.000000 2.495854 3.028200 -1.000000 -1.000000 -1.000000 -1.000000 -1.000000 0.000000 0.000000 -1.000000
0 90.191022 6.000000 0.000000 2.086080 2.541714 -1.000000 -1.000000 -1.000000 -1.000000 -1.000000 0.000000 0.000000 -1.000000
0 90.221437 6.000000 0.000000 2.369852 3.133457 -1.000000 -1.000000 -1.000000 -1.000000 -1.000000 0.000000 0.000000 -1.000000
0 90.053798 6.000000 0.000000 3.289609 4.623656 -1.000000 -1.000000 -1.000000 -1.000000 -1.000000 0.000000 0.000000 -1.000000
0 90.247242 6.000000 0.000000 2.305314 3.016870 -1.000000 -1.000000 -1.000000 -1.000000 -1.000000 0.000000 0.000000 -1.000000
0 90.015601 6.000000 0.000000 2.584940 2.964342 -1.000000 -1.000000 -1.000000 -1.000000 -1.000000 0.000000 0.000000 -1.000000
0 90.081432 6.000000 0.000000 3.040465 4.262322 -1.000000 -1.000000 -1.000000 -1.000000 -1.000000 0.000000 0.000000 -1.000000
0 90.107522 6.000000 0.000000 2.207050 3.006908 -1.000000 -1.000000 -1.000000 -1.000000 -1.000000 0.000000 0.000000 -1.000000
0 90.144206 6.000000 0.000000 2.733914 3.298681 -1.000000 -1.000000 -1.000000 -1.000000 -1.000000 0.000000 0.000000 -1.000000
0 90.179569 6.000000 0.000000 2.357604 3.079278 -1.000000 -1.000000 -1.000000 -1.000000 -1.000000 0.000000 0.000000 -1.000000
0 90.094704 6.000000 0.000000 2.356796 2.989667 -1.000000 -1.000000 -1.000000 -1.000000 -1.000000 0.000000 0.000000 -1.000000
0 90.020403 6.000000 0.000000 3.651320 5.861239 -1.000000 -1.000000 -1.000000 -1.000000 -1.000000 0.000000 0.000000 -1.000000
0 90.118399 6.000000 0.000000 3.393080 4.298003 -1.000000 -1.000000 -1.000000 -1.000000 -1.000000 0.000000 0.000000 -1.000000
0 90.220318 6.000000 0.000000 2.503235 2.703827 -1.000000 -1.000000 -1.000000 -1.000000 -1.000000 0.000000 0.000000 -1.000000
0 90.212973 6.000000 0.000000 2.245178 2.879624 -1.000000 -1.000000 -1.000000 -1.000000 -1.000000 0.000000 0.000000 -1.000000
0 90.153621 6.000000 0.000000 2.910000 3.723045 -1.000000 -1.000000 -1.000000 -1.000000 -1.000000 0.000000 0.000000 -1.000000
0 90.245874 6.000000 0.000000 2.063130 2.217796 -1.000000 -1.000000 -1.000000 -1.000000 -1.000000 0.000000 0.000000 -1.000000
0 90.001783 6.000000 0.000000 2.079824 2.708940 -1.000000 -1.000000 -1.000000 -1.000000 -1.000000 0.000000 0.000000 -1.000000
0 90.045880 6.000000 0.000000 3.513847 4.978872 -1.000000 -1.000000 -1.000000 -1.000000 -1.000000 0.000000 0.000000 -1.000000
0 90.272040 6.000000 0.000000 2.484042 2.882963 -1.000000 -1.000000 -1.000000 -1.000000 -1.000000 0.000000 0.000000 -1.000000
0 90.039584 6.000000 0.000000 2.912894 3.671926 -1.000000 -1.000000 -1.000000 -1.000000 -1.000000 0.000000 0.000000 -1.000000
0 90.222557 6.000000 0.000000 2.643587 2.773218 -1.000000 -1.000000 -1.000000 -1.000000 -1.000000 0.000000 0.000000 -1.000000
0 90.178756 6.000000 0.000000 3.309892 4.412478 -1.000000 -1.000000 -1.000000 -1.000000 -1.000000 0.000000 0.000000 -1.000000
0 90.095486 6.000000 0.000000 3.028955 3.872804 -1.000000 -1.000000 -1.000000 -1.000000 -1.000000 0.000000 0.000000 -1.000000
0 90.030793 6.000000 0.000000 3.132119 4.288931 -1.000000 -1.000000 -1.000000 -1.000000 -1.000000 0.000000 0.000000 -1.000000
0 90.131381 6.000000 0.000000 3.186124 3.449964 -1.000000 -1.000000 -1.000000 -1.000000 -1.000000 0.000000 0.000000 -1.000000
0 90.137150 6.000000 0.000000 2.172555 2.466197 -1.000000 -1.000000 -1.000000 -1.000000 -1.000000 0.000000 0.000000 -1.000000
0 90.192546 6.000000 0.000000 3.304229 2.604443 -1.000000 -1.000000 -1.000000 -1.000000 -1.000000 0.000000 0.000000 -1.000000
0 90.134061 6.000000 0.000000 3.349282 3.784127 -1.000000 -1.000000 -1.000000 -1.000000 -1.000000 0.000000 0.000000 -1.000000
0 90.016432 8.000000 0.000000 3.225112 3.300270 -1.000000 -1.000000 -1.000000 -1.000000 -1.000000 0.000000 0.000000 -1.000000
0 90.235557 8.000000 0.000000 3.767802 4.532697 -1.000000 -1.000000 -1.000000 -1.000000 -1.000000 0.000000 0.000000 -1.000000
0 90.230613 8.000000 0.000000 2.737059 2.867946 -1.000000 -1.000000 -1.000000 -1.000000 -1.000000 0.000000 0.000000 -1.000000
0 90.033605 8.000000 0.000000 2.897910 3.203652 -1.000000 -1.000000 -1.000000 -1.000000 -1.000000 0.000000 0.000000 -1.000000
0 90.165961 8.000000 0.000000 3.455751 3.874258 -1.000000 -1.000000 -1.000000 -1.000000 -1.000000 0.000000 0.000000 -1.000000
0 90.162516 8.000000 0.000000 2.711269 3.047167 -1.000000 -1.000000 -1.000000 -1.000000 -1.000000 0.000000 0.000000 -1.000000
0 90.047137 8.000000 0.000000 2.786449 3.122213 -1.000000 -1.000000 -1.000000 -1.000000 -1.000000 0.000000 0.000000 -1.000000
0 90.110609 8.000000 0.000000 3.787574 3.886822 -1.000000 -1.000000 -1.000000 -1.000000 -1.000000 0.000000 0.000000 -1.000000
0 90.185721 8.000000 0.000000 3.408048 4.049255 -1.000000 -1.000000 -1.000000 -1.000000 -1.000000 0.000000 0.000000 -1.000000
0 90.171519 8.000000 0.000000 3.800510 4.798761 -1.000000 -1.000000 -1.000000 -1.000000 -1.000000 0.000000 0.000000 -1.000000
0 90.237274 8.000000 0.000000 3.485079 3.196840 -1.000000 -1.000000 -1.000000 -1.000000 -1.000000 0.000000 0.000000 -1.000000
0 90.286226 8.000000 0.000000 2.488067 3.063720 -1.000000 -1.000000 -1.000000 -1.000000 -1.000000 0.000000 0.000000 -1.000000
0 90.113538 8.000000 0.000000 4.427907 4.333133 -1.000000 -1.000000 -1.000000 -1.000000 -1.000000 0.000000 0.000000 -1.000000
0 90.413594 8.000000 0.000000 2.494025 2.523582 -1.000000 -1.000000 -1.000000 -1.000000 -1.000000 0.000000 0.000000 -1.000000
0 90.063722 8.000000 0.000000 3.413411 3.691805 -1.000000 -1.000000 -1.000000 -1.000000 -1.000000 0.000000 0.000000 -1.000000
0 90.105218 8.000000 0.000000 2.728644 3.264376 -1.000000 -1.000000 -1.000000 -1.000000 -1.000000 0.000000 0.000000 -1.000000
0 90.013721 8.000000 0.000000 4.166741 5.235268 -1.000000 -1.000000 -1.000000 -1.000000 -1.000000 0.000000 0.000000 -1.000000
0 90.135386 8.000000 0.000000 2.900944 3.839317 -1.000000 -1.000000 -1.000000 -1.000000 -1.000000 0.000000 0.000000 -1.000000
0 90.177758 8.000000 0.000000 2.733301 3.297024 -1.000000 -1.000000 -1.000000 -1.000000 -1.000000 0.000000 0.000000 -1.000000
0 90.246096 8.000000 0.000000 3.277031 3.363188 -1.000000 -1.000000 -1.000000 -1.000000 -1.000000 0.000000 0.000000 -1.000000
0 90.085497 8.000000 0.000000 2.862965 3.655845 -1.000000 -1.000000 -1.000000 -1.000000 -1.000000 0.000000 0.000000 -1.000000
0 90.453700 8.000000 0.000000 2.493337 2.834496 -1.000000 -1.000000 -1.000000 -1.000000 -1.000000 0.000000 0.000000 -1.000000
0 90.013637 8.000000 0.000000 2.966998 3.070691 -1.000000 -1.000000 -1.000000 -1.000000 -1.000000 0.000000 0.000000 -1.000000
0 90.152352 8.000000 0.000000 2.425264 2.722051 -1.000000 -1.000000 -1.000000 -1.000000 -1.000000 0.000000 0.000000 -1.000000
0 90.293527 8.000000 0.000000 2.844744 3.147434 -1.000000 -1.000000 -1.000000 -1.000000 -1.000000 0.000000 0.000000 -1.000000
0 90.020121 8.000000 0.000000 2.831472 3.551938 -1.000000 -1.000000 -1.000000 -1.000000 -1.000000 0.000000 0.000000 -1.000000
0 90.113643 8.000000 0.000000 2.822240 3.340547 -1.000000 -1.000000 -1.000000 -1.000000 -1.000000 0.000000 0.000000 -1.000000
0 90.375256 8.000000 0.000000 3.007410 3.755112 -1.000000 -1.000000 -1.000000 -1.000000 -1.000000 0.000000 0.000000 -1.000000
0 90.151981 8.000000 0.000000 2.246871 3.070648 -1.000000 -1.000000 -1.000000 -1.000000 -1.000000 0.000000 0.000000 -1.000000
0 90.303799 8.000000 0.000000 2.718509 3.801207 -1.000000 -1.000000 -1.000000 -1.000000 -1.000000 0.000000 0.000000 -1.000000
0 90.021167 8.000000 0.000000 2.880522 2.842179 -1.000000 -1.000000 -1.000000 -1.000000 -1.000000 0.000000 0.000000 -1.000000
0 90.240214 8.000000 0.000000 2.495854 3.028200 -1.000000 -1.000000 -1.000000 -1.000000 -1.000000 0.000000 0.000000 -1.000000
0 90.191022 8.000000 0.000000 2.086080 2.541714 -1.000000 -1.000000 -1.000000 -1.000000 -1.000000 0.000000 0.000000 -1.000000
0 90.221437 8.000000 0.000000 2.369852 3.133457 -1.000000 -1.000000 -1.000000 -1.000000 -1.000000 0.000000 0.000000 -1.000000
0 90.053798 8.000000 0.000000 3.289609 4.623656 -1.000000 -1.000000 -1.000000 -1.000000 -1.000000 0.000000 0.000000 -1.000000
0 90.247242 8.000000 0.000000 2.305314 3.016870 -1.000000 -1.000000 -1.000000 -1.000000 -1.000000 0.000000 0.000000 -1.000000
0 90.015601 8.000000 0.000000 2.584940 2.964342 -1.000000 -1.000000 -1.000000 -1.000000 -1.000000 0.000000 0.000000 -1.000000
0 90.081432 8.000000 0.000000 3.040465 4.262322 -1.000000 -1.000000 -1.000000 -1.000000 -1.000000 0.000000 0.000000 -1.000000
0 90.107522 8.000000 0.000000 2.207050 3.006908 -1.000000 -1.000000 -1.000000 -1.000000 -1.000000 0.000000 0.000000 -1.000000
0 90.144206 8.000000 0.000000 2.733914 3.298681 -1.000000 -1.000000 -1.000000 -1.000000 -1.000000 0.000000 0.000000 -1.000000
0 90.179569 8.000000 0.000000 2.357604 3.079278 -1.000000 -1.000000 -1.000000 -1.000000 -1.000000 0.000000 0.000000 -1.000000
0 90.094704 8.000000 0.000000 2.356796 2.989667 -1.000000 -1.000000 -1.000000 -1.000000 -1.000000 0.000000 0.000000 -1.000000
0 90.020403 8.000000 0.000000 3.651320 5.861239 -1.000000 -1.000000 -1.000000 -1.000000 -1.000000 0.000000 0.000000 -1.000000
0 90.118399 8.000000 0.000000 3.393080 4.298003 -1.000000 -1.000000 -1.000000 -1.000000 -1.000000 0.000000 0.000000 -1.000000
0 90.220318 8.000000 0.000000 2.503235 2.703827 -1.000000 -1.000000 -1.000000 -1.000000 -1.000000 0.000000 0.000000 -1.000000
0 90.212973 8.000000 0.000000 2.245178 2.879624 -1.000000 -1.000000 -1.000000 -1.000000 -1.000000 0.000000 0.000000 -1.000000
0 90.153621 8.000000 0.000000 2.910000 3.723045 -1.000000 -1.000000 -1.000000 -1.000000 -1.000000 0.000000 0.000000 -1.000000
0 90.245874 8.000000 0.000000 2.063130 2.217796 -1.000000 -1.000000 -1.000000 -1.000000 -1.000000 0.000000 0.000000 -1.000000
0 90.001783 8.000000 0.000000 2.079824 2.708940 -1.000000 -1.000000 -1.000000 -1.000000 -1.000000 0.000000 0.000000 -1.000000
0 90.045880 8.000000 0.000000 3.513847 4.978872 -1.000000 -1.000000 -1.000000 -1.000000 -1.000000 0.000000 0.000000 -1.000000
0 90.272040 8.000000 0.000000 2.484042 2.882963 -1.000000 -1.000000 -1.000000 -1.000000 -1.000000 0.000000 0.000000 -1.000000
0 90.039584 8.000000 0.000000 2.912894 3.671926 -1.000000 -1.000000 -1.000000 -1.000000 -1.000000 0.000000 0.000000 -1.000000
0 90.222557 8.000000 0.000000 2.643587 2.773218 -1.000000 -1.000000 -1.000000 -1.000000 -1.000000 0.000000 0.000000 -1.000000
0 90.178756 8.000000 0.000000 3.309892 4.412478 -1.000000 -1.000000 -1.000000 -1.000000 -1.000000 0.000000 0.000000 -1.000000
0 90.095486 8.000000 0.000000 3.028955 3.872804 -1.000000 -1.000000 -1.000000 -1.000000 -1.000000 0.000000 0.000000 -1.000000
0 90.030793 8.000000 0.000000 3.132119 4.288931 -1.000000 -1.000000 -1.000000 -1.000000 -1.000000 0.000000 0.000000 -1.000000
0 90.131381 8.000000 0.000000 3.186124 3.449964 -1.000000 -1.000000 -1.000000 -1.000000 -1.000000 0.000000 0.000000 -1.000000
0 90.137150 8.000000 0.000000 2.172555 2.466197 -1.000000 -1.000000 -1.000000 -1.000000 -1.000000 0.000000 0.000000 -1.000000
0 90.192546 8.000000 0.000000 3.304229 2.604443 -1.000000 -1.000000 -1.000000 -1.000000 -1.000000 0.000000 0.000000 -1.000000
0 90.134061 8.000000 0.000000 3.349282 3.784127 -1.000000 -1.000000 -1.000000 -1.000000 -1.000000 0.000000 0.000000 -1.000000
0 90.016432 10.000000 0.000000 3.225112 3.300270 -1.000000 -1.000000 -1.000000 -1.000000 -1.000000 0.000000 0.000000 -1.000000
0 90.235557 10.000000 0.000000 3.767802 4.532697 -1.000000 -1.000000 -1.000000 -1.000000 -1.000000 0.000000 0.000000 -1.000000
0 90.230613 10.000000 0.000000 2.737059 2.867946 -1.000000 -1.000000 -1.000000 -1.000000 -1.000000 0.000000 0.000000 -1.000000
0 90.033605 10.000000 0.000000 2.897910 3.203652 -1.000000 -1.000000 -1.000000 -1.000000 -1.000000 0.000000 0.000000 -1.000000
0 90.165961 10.000000 0.000000 3.455751 3.874258 -1.000000 -1.000000 -1.000000 -1.000000 -1.000000 0.000000 0.000000 -1.000000
0 90.162516 10.000000 0.000000 2.711269 3.047167 -1.000000 -1.000000 -1.000000 -1.000000 -1.000000 0.000000 0.000000 -1.000000
0 90.047137 10.000000 0.000000 2.786449 3.122213 -1.000000 -1.000000 -1.000000 -1.000000 -1.000000 0.000000 0.000000 -1.000000
0 90.110609 10.000000 0.000000 3.787574 3.886822 -1.000000 -1.000000 -1.000000 -1.000000 -1.000000 0.000000 0.000000 -1.000000
0 90.185721 10.000000 0.000000 3.408048 4.049255 -1.000000 -1.000000 -1.000000 -1.000000 -1.000000 0.000000 0.000000 -1.000000
0 90.171519 10.000000 0.000000 3.800510 4.798761 -1.000000 -1.000000 -1.000000 -1.000000 -1.000000 0.000000 0.000000 -1.000000
0 90.237274 10.000000 0.000000 3.485079 3.196840 -1.000000 -1.000000 -1.000000 -1.000000 -1.000000 0.000000 0.000000 -1.000000
0 90.286226 10.000000 0.000000 2.488067 3.063720 -1.000000 -1.000000 -1.000000 -1.000000 -1.000000 0.000000 0.000000 -1.000000
0 90.113538 10.000000 0.000000 4.427907 4.333133 -1.000000 -1.000000 -1.000000 -1.000000 -1.000000 0.000000 0.000000 -1.000000
0 90.413594 10.000000 0.000000 2.494025 2.523582 -1.000000 -1.000000 -1.000000 -1.000000 -1.000000 0.000000 0.000000 -1.000000
0 90.063722 10.000000 0.000000 3.413411 3.691805 -1.000000 -1.000000 -1.000000 -1.000000 -1.000000 0.000000 0.000000 -1.000000
0 90.105218 10.000000 0.000000 2.728644 3.264376 -1.000000 -1.000000 -1.000000 -1.000000 -1.000000 0.000000 0.000000 -1.000000
0 90.013721 10.000000 0.000000 4.166741 5.235268 -1.000000 -1.000000 -1.000000 -1.000000 -1.000000 0.000000 0.000000 -1.000000
0 90.135386 10.000000 0.000000 2.900944 3.839317 -1.000000 -1.000000 -1.000000 -1.000000 -1.000000 0.000000 0.000000 -1.000000
0 90.177758 10.000000 0.000000 2.733301 3.297024 -1.000000 -1.000000 -1.000000 -1.000000 -1.000000 0.000000 0.000000 -1.000000
0 90.246096 10.000000 0.000000 3.277031 3.363188 -1.000000 -1.000000 -1.000000 -1.000000 -1.000000 0.000000 0.000000 -1.000000
0 90.085497 10.000000 0.000000 2.862965 3.655845 -1.000000 -1.000000 -1.000000 -1.000000 -1.000000 0.000000 0.000000 -1.000000
0 90.453700 10.000000 0.000000 2.493337 2.834496 -1.000000 -1.000000 -1.000000 -1.000000 -1.000000 0.000000 0.000000 -1.000000
0 90.013637 10.000000 0.000000 2.966998 3.070691 -1.000000 -1.000000 -1.000000 -1.000000 -1.000000 0.000000 0.000000 -1.000000
0 90.152352 10.000000 0.000000 2.425264 2.722051 -1.000000 -1.000000 -1.000000 -1.000000 -1.000000 0.000000 0.000000 -1.000000
0 90.293527 10.000000 0.000000 2.844744 3.147434 -1.000000 -1.000000 -1.000000 -1.000000 -1.000000 0.000000 0.000000 -1.000000
0 90.020121 10.000000 0.000000 2.831472 3.551938 -1.000000 -1.000000 -1.000000 -1.000000 -1.000000 0.000000 0.000000 -1.000000
0 90.113643 10.000000 0.000000 2.822240 3.340547 -1.000000 -1.000000 -1.000000 -1.000000 -1.000000 0.000000 0.000000 -1.000000
0 90.375256 10.000000 0.000000 3.007410 3.755112 -1.000000 -1.000000 -1.000000 -1.000000 -1.000000 0.000000 0.000000 -1.000000
0 90.151981 10.000000 0.000000 2.246871 3.070648 -1.000000 -1.000000 -1.000000 -1.000000 -1.000000 0.000000 0.000000 -1.000000
0 90.303799 10.000000 0.000000 2.718509 3.801207 -1.000000 -1.000000 -1.000000 -1.000000 -1.000000 0.000000 0.000000 -1.000000
0 90.021167 10.000000 0.000000 2.880522 2.842179 -1.000000 -1.000000 -1.000000 -1.000000 -1.000000 0.000000 0.000000 -1.000000
0 90.240214 10.000000 0.000000 2.495854 3.028200 -1.000000 -1.000000 -1.000000 -1.000000 -1.000000 0.000000 0.000000 -1.000000
0 90.191022 10.000000 0.000000 2.086080 2.541714 -1.000000 -1.000000 -1.000000 -1.000000 -1.000000 0.000000 0.000000 -1.000000
0 90.221437 10.000000 0.000000 2.369852 3.133457 -1.000000 -1.000000 -1.000000 -1.000000 -1.000000 0.000000 0.000000 -1.000000
0 90.053798 10.000000 0.000000 3.289609 4.623656 -1.000000 -1.000000 -1.000000 -1.000000 -1.000000 0.000000 0.000000 -1.000000
0 90.247242 10.000000 0.000000 2.305314 3.016870 -1.000000 -1.000000 -1.000000 -1.000000 -1.000000 0.000000 0.000000 -1.000000
0 90.015601 10.000000 0.000000 2.584940 2.964342 -1.000000 -1.000000 -1.000000 -1.000000 -1.000000 0.000000 0.000000 -1.000000
0 90.081432 10.000000 0.000000 3.040465 4.262322 -1.000000 -1.000000 -1.000000 -1.000000 -1.000000 0.000000 0.000000 -1.000000
0 90.107522 10.000000 0.000000 2.207050 3.006908 -1.000000 -1.000000 -1.000000 -1.000000 -1.000000 0.000000 0.000000 -1.000000
0 90.144206 10.000000 0.000000 2.733914 3.298681 -1.000000 -1.000000 -1.000000 -1.000000 -1.000000 0.000000 0.000000 -1.000000
0 90.179569 10.000000 0.000000 2.357604 3.079278 -1.000000 -1.000000 -1.000000 -1.000000 -1.000000 0.000000 0.000000 -1.000000
0 90.094704 10.000000 0.000000 2.356796 2.989667 -1.000000 -1.000000 -1.000000 -1.000000 -1.000000 0.000000 0.000000 -1.000000
0 90.020403 10.000000 0.000000 3.651320 5.861239 -1.000000 -1.000000 -1.000000 -1.000000 -1.000000 0.000000 0.000000 -1.000000
0 90.118399 10.000000 0.000000 3.393080 4.298003 -1.000000 -1.000000 -1.000000 -1.000000 -1.000000 0.000000 0.000000 -1.000000
0 90.220318 10.000000 0.000000 2.503235 2.703827 -1.000000 -1.000000 -1.000000 -1.000000 -1.000000 0.000000 0.000000 -1.000000
0 90.212973 10.000000 0.000000 2.245178 2.879624 -1.000000 -1.000000 -1.000000 -1.000000 -1.000000 0.000000 0.000000 -1.000000
0 90.153621 10.000000 0.000000 2.910000 3.723045 -1.000000 -1.000000 -1.000000 -1.000000 -1.000000 0.000000 0.000000 -1.000000
0 90.245874 10.000000 0.000000 2.063130 2.217796 -1.000000 -1.000000 -1.000000 -1.000000 -1.000000 0.000000 0.000000 -1.000000
0 90.001783 10.000000 0.000000 2.079824 2.708940 -1.000000 -1.000000 -1.000000 -1.000000 -1.000000 0.000000 0.000000 -1.000000
0 90.045880 10.000000 0.000000 3.513847 4.978872 -1.000000 -1.000000 -1.000000 -1.000000 -1.000000 0.000000 0.000000 -1.000000
0 90.272040 10.000000 0.000000 2.484042 2.882963 -1.000000 -1.000000 -1.000000 -1.000000 -1.000000 0.000000 0.000000 -1.000000
0 90.039584 10.000000 0.000000 2.912894 3.671926 -1.000000 -1.000000 -1.000000 -1.000000 -1.000000 0.000000 0.000000 -1.000000
0 90.222557 10.000000 0.000000 2.643587 2.773218 -1.000000 -1.000000 -1.000000 -1.000000 -1.000000 0.000000 0.000000 -1.000000
0 90.178756 10.000000 0.000000 3.309892 4.412478 -1.000000 -1.000000 -1.000000 -1.000000 -1.000000 0.000000 0.000000 -1.000000
0 90.095486 10.000000 0.000000 3.028955 3.872804 -1.000000 -1.000000 -1.000000 -1.000000 -1.000000 0.000000 0.000000 -1.000000
0 90.030793 10.000000 0.000000 3.132119 4.288931 -1.000000 -1.000000 -1.000000 -1.000000 -1.000000 0.000000 0.000000 -1.000000
0 90.131381 10.000000 0.000000 3.186124 3.449964 -1.000000 -1.000000 -1.000000 -1.000000 -1.000000 0.000000 0.000000 -1.000000
0 90.137150 10.000000 0.000000 2.172555 2.466197 -1.000000 -1.000000 -1.000000 -1.000000 -1.000000 0.000000 0.000000 -1.000000
0 90.192546 10.000000 0.000000 3.304229 2.604443 -1.000000 -1.000000 -1.000000 -1.000000 -1.000000 0.000000 0.000000 -1.000000
0 90.134061 10.000000 0.000000 3.349282 3.784127 -1.000000 -1.000000 -1.000000 -1.000000 -1.000000 0.000000 0.000000 -1.000000
