1 1.023883 1.000000 0.948240 0.006718 0.025958 -1.000000 -1.000000 -1.000000 0.000000 219.000000 -1.000000 0.000000 138.971818
1 0.936714 1.000000 0.912532 0.001999 0.005860 -1.000000 -1.000000 -1.000000 0.000000 55.000000 -1.000000 0.000000 182.703881
1 0.951367 1.000000 0.923736 0.002171 0.009848 -1.000000 -1.000000 -1.000000 0.000000 100.000000 -1.000000 0.000000 161.740324
1 0.942725 1.000000 0.928309 0.001166 0.004058 -1.000000 -1.000000 -1.000000 0.000000 18.000000 -1.000000 0.000000 122.595063
1 0.950940 1.000000 0.913581 0.002880 0.010418 -1.000000 -1.000000 -1.000000 0.000000 101.000000 -1.000000 0.000000 157.709544
1 0.990328 1.000000 0.904509 0.006849 0.030553 -1.000000 -1.000000 -1.000000 0.000000 290.000000 -1.000000 0.000000 139.071955
1 0.960027 1.000000 0.925269 0.002868 0.009946 -1.000000 -1.000000 -1.000000 0.000000 76.000000 -1.000000 0.000000 161.714643
1 0.903502 1.000000 0.888704 0.001338 0.004840 -1.000000 -1.000000 -1.000000 0.000000 52.000000 -1.000000 0.000000 104.690834
1 0.920329 1.000000 0.897243 0.001769 0.007021 -1.000000 -1.000000 -1.000000 0.000000 66.000000 -1.000000 0.000000 149.453388
1 0.989392 1.000000 0.958963 0.002468 0.008205 -1.000000 -1.000000 -1.000000 0.000000 94.000000 -1.000000 0.000000 171.225147
1 0.926576 1.000000 0.905543 0.001625 0.007234 -1.000000 -1.000000 -1.000000 0.000000 70.000000 -1.000000 0.000000 123.886271
1 0.941181 1.000000 0.925695 0.001386 0.004861 -1.000000 -1.000000 -1.000000 0.000000 18.000000 -1.000000 0.000000 143.347436
1 0.903981 1.000000 0.893048 0.000993 0.003595 -1.000000 -1.000000 -1.000000 0.000000 21.000000 -1.000000 0.000000 119.563304
1 0.967471 1.000000 0.931911 0.002836 0.013760 -1.000000 -1.000000 -1.000000 0.000000 102.000000 -1.000000 0.000000 131.759968
1 0.933671 1.000000 0.900356 0.002584 0.008760 -1.000000 -1.000000 -1.000000 0.000000 92.000000 -1.000000 0.000000 139.699215
1 0.931555 1.000000 0.910407 0.001848 0.006384 -1.000000 -1.000000 -1.000000 0.000000 41.000000 -1.000000 0.000000 149.964127
1 0.941676 1.000000 0.913341 0.002227 0.008902 -1.000000 -1.000000 -1.000000 0.000000 79.000000 -1.000000 0.000000 124.428344
1 0.921620 1.000000 0.911958 0.000900 0.002870 -1.000000 -1.000000 -1.000000 0.000000 6.000000 -1.000000 0.000000 117.304505
1 0.990828 1.000000 0.966704 0.001868 0.006334 -1.000000 -1.000000 -1.000000 0.000000 72.000000 -1.000000 0.000000 145.797532
1 0.941060 1.000000 0.920369 0.001667 0.005074 -1.000000 -1.000000 -1.000000 0.000000 68.000000 -1.000000 0.000000 150.844645
1 0.914881 1.000000 0.897595 0.001368 0.004705 -1.000000 -1.000000 -1.000000 0.000000 62.000000 -1.000000 0.000000 127.846106
1 0.906542 1.000000 0.886095 0.001440 0.006162 -1.000000 -1.000000 -1.000000 0.000000 58.000000 -1.000000 0.000000 135.185734
1 0.895746 1.000000 0.887887 0.000628 0.002044 -1.000000 -1.000000 -1.000000 0.000000 0.000000 -1.000000 0.000000 110.263289
1 0.917416 1.000000 0.903551 0.001099 0.004409 -1.000000 -1.000000 -1.000000 0.000000 29.000000 -1.000000 0.000000 119.589007
1 0.900730 1.000000 0.885346 0.001178 0.005621 -1.000000 -1.000000 -1.000000 0.000000 40.000000 -1.000000 0.000000 114.883549
1 0.911830 1.000000 0.900407 0.001046 0.004132 -1.000000 -1.000000 -1.000000 0.000000 50.000000 -1.000000 0.000000 124.297249
1 0.907745 1.000000 0.883881 0.001929 0.007584 -1.000000 -1.000000 -1.000000 0.000000 41.000000 -1.000000 0.000000 119.180470
1 0.938505 1.000000 0.922129 0.001101 0.006333 -1.000000 -1.000000 -1.000000 0.000000 28.000000 -1.000000 0.000000 102.531601
1 0.988515 1.000000 0.960559 0.002740 0.008193 -1.000000 -1.000000 -1.000000 0.000000 69.000000 -1.000000 0.000000 139.651795
1 0.961636 1.000000 0.949671 0.000896 0.003370 -1.000000 -1.000000 -1.000000 0.000000 19.000000 -1.000000 0.000000 120.331776
1 0.991725 1.000000 0.966402 0.001861 0.007192 -1.000000 -1.000000 -1.000000 0.000000 56.000000 -1.000000 0.000000 117.592733
1 1.003559 1.000000 0.989833 0.001311 0.004142 -1.000000 -1.000000 -1.000000 0.000000 44.000000 -1.000000 0.000000 118.021776
1 1.021271 1.000000 0.999420 0.001672 0.006438 -1.000000 -1.000000 -1.000000 0.000000 55.000000 -1.000000 0.000000 148.877047
1 0.999707 1.000000 0.982641 0.001743 0.005777 -1.000000 -1.000000 -1.000000 0.000000 61.000000 -1.000000 0.000000 133.408661
1 1.035682 1.000000 1.005941 0.002779 0.008986 -1.000000 -1.000000 -1.000000 0.000000 109.000000 -1.000000 0.000000 161.820027
1 1.033584 1.000000 0.997802 0.002946 0.010369 -1.000000 -1.000000 -1.000000 0.000000 60.000000 -1.000000 0.000000 128.104328
1 1.088491 1.000000 1.025852 0.004358 0.016685 -1.000000 -1.000000 -1.000000 0.000000 118.000000 -1.000000 0.000000 147.076977
1 1.002055 1.000000 0.990566 0.000843 0.004480 -1.000000 -1.000000 -1.000000 0.000000 24.000000 -1.000000 0.000000 118.852093
1 1.016417 1.000000 1.003601 0.001014 0.003236 -1.000000 -1.000000 -1.000000 0.000000 25.000000 -1.000000 0.000000 118.134801
1 0.962848 1.000000 0.953440 0.000765 0.002814 -1.000000 -1.000000 -1.000000 0.000000 20.000000 -1.000000 0.000000 112.123793
1 0.987056 1.000000 0.964573 0.001991 0.006569 -1.000000 -1.000000 -1.000000 0.000000 42.000000 -1.000000 0.000000 180.455572
1 0.976246 1.000000 0.962143 0.001209 0.005129 -1.000000 -1.000000 -1.000000 0.000000 41.000000 -1.000000 0.000000 130.516420
1 0.992821 1.000000 0.971687 0.001863 0.007055 -1.000000 -1.000000 -1.000000 0.000000 78.000000 -1.000000 0.000000 121.571444
1 0.973632 1.000000 0.950700 0.001761 0.006786 -1.000000 -1.000000 -1.000000 0.000000 70.000000 -1.000000 0.000000 168.374511
1 1.039084 1.000000 1.015287 0.001583 0.006565 -1.000000 -1.000000 -1.000000 0.000000 35.000000 -1.000000 0.000000 137.494600
1 1.005126 1.000000 0.982287 0.001576 0.007852 -1.000000 -1.000000 -1.000000 0.000000 104.000000 -1.000000 0.000000 127.166620
1 0.966515 1.000000 0.949296 0.001341 0.005515 -1.000000 -1.000000 -1.000000 0.000000 53.000000 -1.000000 0.000000 127.960068
1 0.968396 1.000000 0.954068 0.001130 0.003747 -1.000000 -1.000000 -1.000000 0.000000 40.000000 -1.000000 0.000000 128.213076
1 0.975075 1.000000 0.961248 0.001297 0.004647 -1.000000 -1.000000 -1.000000 0.000000 41.000000 -1.000000 0.000000 119.386135
1 0.984688 1.000000 0.963393 0.001913 0.006925 -1.000000 -1.000000 -1.000000 0.000000 82.000000 -1.000000 0.000000 152.310208
1 0.949557 1.000000 0.935769 0.001264 0.003966 -1.000000 -1.000000 -1.000000 0.000000 16.000000 -1.000000 0.000000 141.087937
1 0.973868 1.000000 0.959794 0.001119 0.004087 -1.000000 -1.000000 -1.000000 0.000000 38.000000 -1.000000 0.000000 129.999860
1 0.957835 1.000000 0.929174 0.002415 0.009183 -1.000000 -1.000000 -1.000000 0.000000 93.000000 -1.000000 0.000000 150.680905
1 0.954426 1.000000 0.940182 0.001198 0.003877 -1.000000 -1.000000 -1.000000 0.000000 50.000000 -1.000000 0.000000 126.783644
1 1.007312 1.000000 0.997196 0.000776 0.003242 -1.000000 -1.000000 -1.000000 0.000000 12.000000 -1.000000 0.000000 135.896166
1 0.957199 1.000000 0.943055 0.001247 0.004761 -1.000000 -1.000000 -1.000000 0.000000 31.000000 -1.000000 0.000000 113.535091
1 0.978882 1.000000 0.965929 0.001051 0.003962 -1.000000 -1.000000 -1.000000 0.000000 62.000000 -1.000000 0.000000 116.014161
1 0.973736 1.000000 0.958739 0.001243 0.004265 -1.000000 -1.000000 -1.000000 0.000000 40.000000 -1.000000 0.000000 137.844548
1 1.018949 1.000000 1.002588 0.001433 0.005243 -1.000000 -1.000000 -1.000000 0.000000 38.000000 -1.000000 0.000000 113.663340
1 1.034644 1.000000 1.008519 0.002208 0.008472 -1.000000 -1.000000 -1.000000 0.000000 82.000000 -1.000000 0.000000 123.872746
1 1.059298 2.000000 1.020231 0.003159 0.012202 -1.000000 -1.000000 -1.000000 0.000000 82.000000 -1.000000 0.000000 147.133058
1 1.048909 2.000000 0.985647 0.005357 0.021224 -1.000000 -1.000000 -1.000000 0.000000 149.000000 -1.000000 0.000000 130.773213
1 1.049878 2.000000 0.994258 0.004625 0.019841 -1.000000 -1.000000 -1.000000 40.000000 113.000000 -1.000000 0.000000 120.934202
1 1.092571 2.000000 1.028994 0.005068 0.021836 -1.000000 -1.000000 -1.000000 0.000000 141.000000 -1.000000 0.000000 124.132722
1 1.079008 2.000000 1.013252 0.006295 0.019854 -1.000000 -1.000000 -1.000000 8.000000 175.000000 -1.000000 0.000000 140.348659
1 1.059717 2.000000 1.028974 0.002726 0.008597 -1.000000 -1.000000 -1.000000 0.000000 84.000000 -1.000000 0.000000 141.810299
1 1.051712 2.000000 1.018903 0.002974 0.011937 -1.000000 -1.000000 -1.000000 0.000000 98.000000 -1.000000 0.000000 121.133584
1 1.114831 2.000000 1.054696 0.005134 0.023173 -1.000000 -1.000000 -1.000000 0.000000 207.000000 -1.000000 0.000000 133.809957
1 1.180767 2.000000 1.017349 0.015010 0.052979 -1.000000 -1.000000 -1.000000 51.000000 314.000000 -1.000000 0.000000 130.231696
1 1.092424 2.000000 1.064355 0.002687 0.010074 -1.000000 -1.000000 -1.000000 0.000000 74.000000 -1.000000 0.000000 124.380305
1 1.182497 2.000000 1.046750 0.011100 0.040822 -1.000000 -1.000000 -1.000000 75.000000 269.000000 -1.000000 0.000000 125.388708
1 1.050669 2.000000 1.019915 0.002610 0.009612 -1.000000 -1.000000 -1.000000 0.000000 88.000000 -1.000000 0.000000 111.477121
1 1.164298 2.000000 1.070018 0.007664 0.030010 -1.000000 -1.000000 -1.000000 65.000000 262.000000 -1.000000 0.000000 147.341269
1 1.121169 2.000000 1.028858 0.008768 0.033533 -1.000000 -1.000000 -1.000000 0.000000 220.000000 -1.000000 0.000000 113.478723
1 1.147889 2.000000 1.026027 0.010168 0.036115 -1.000000 -1.000000 -1.000000 32.000000 177.000000 -1.000000 0.000000 157.898545
1 1.133109 2.000000 1.067261 0.005851 0.023634 -1.000000 -1.000000 -1.000000 0.000000 205.000000 -1.000000 0.000000 140.387895
1 1.170805 2.000000 1.060847 0.008779 0.039724 -1.000000 -1.000000 -1.000000 80.000000 276.000000 -1.000000 0.000000 109.029306
1 1.100477 2.000000 1.032728 0.006257 0.024505 -1.000000 -1.000000 -1.000000 0.000000 204.000000 -1.000000 0.000000 130.667282
1 1.072348 2.000000 1.031659 0.003692 0.014189 -1.000000 -1.000000 -1.000000 0.000000 160.000000 -1.000000 0.000000 130.881142
1 1.155403 2.000000 1.019432 0.010785 0.040568 -1.000000 -1.000000 -1.000000 118.000000 197.000000 -1.000000 0.000000 169.852999
1 1.122488 2.000000 1.078702 0.003677 0.012325 -1.000000 -1.000000 -1.000000 0.000000 72.000000 -1.000000 0.000000 166.619985
1 1.114960 2.000000 1.068397 0.004064 0.015678 -1.000000 -1.000000 -1.000000 37.000000 105.000000 -1.000000 0.000000 116.179484
1 1.212691 2.000000 1.029883 0.014234 0.051862 -1.000000 -1.000000 -1.000000 105.000000 314.000000 -1.000000 0.000000 163.991602
1 1.781572 2.000000 1.634378 0.011246 0.047022 -1.000000 -1.000000 -1.000000 0.000000 173.000000 -1.000000 0.000000 136.487499
1 2.122716 2.000000 1.859820 0.021166 0.076266 -1.000000 -1.000000 -1.000000 70.000000 272.000000 -1.000000 0.000000 204.905295
1 1.339730 2.000000 1.261548 0.006625 0.023030 -1.000000 -1.000000 -1.000000 27.000000 155.000000 -1.000000 0.000000 135.111547
1 1.107663 2.000000 1.043505 0.005639 0.025706 -1.000000 -1.000000 -1.000000 52.000000 198.000000 -1.000000 0.000000 127.460229
1 1.100397 2.000000 1.069067 0.002868 0.010105 -1.000000 -1.000000 -1.000000 0.000000 98.000000 -1.000000 0.000000 138.284535
1 1.111451 2.000000 1.064003 0.003835 0.016535 -1.000000 -1.000000 -1.000000 0.000000 135.000000 -1.000000 0.000000 130.863416
1 1.100205 2.000000 1.031926 0.006134 0.022396 -1.000000 -1.000000 -1.000000 15.000000 146.000000 -1.000000 0.000000 137.508039
1 1.116954 2.000000 1.063030 0.004463 0.016000 -1.000000 -1.000000 -1.000000 2.000000 152.000000 -1.000000 0.000000 115.465196
1 1.204623 2.000000 1.055898 0.011851 0.048326 -1.000000 -1.000000 -1.000000 0.000000 325.000000 -1.000000 0.000000 173.534963
1 1.158503 2.000000 1.121031 0.003074 0.012564 -1.000000 -1.000000 -1.000000 0.000000 81.000000 -1.000000 0.000000 137.543232
1 1.285959 2.000000 1.092965 0.015702 0.061859 -1.000000 -1.000000 -1.000000 101.000000 492.000000 -1.000000 0.000000 156.911021
1 1.183095 2.000000 1.138075 0.003982 0.016739 -1.000000 -1.000000 -1.000000 0.000000 158.000000 -1.000000 0.000000 118.739887
1 1.773088 2.000000 1.705150 0.005981 0.024346 -1.000000 -1.000000 -1.000000 0.000000 82.000000 -1.000000 0.000000 132.513999
1 2.343798 2.000000 2.277688 0.005877 0.022860 -1.000000 -1.000000 -1.000000 0.000000 138.000000 -1.000000 0.000000 127.692532
1 2.119765 2.000000 2.040796 0.006547 0.025763 -1.000000 -1.000000 -1.000000 0.000000 116.000000 -1.000000 0.000000 143.745496
1 1.999606 2.000000 1.932589 0.005620 0.026898 -1.000000 -1.000000 -1.000000 0.000000 96.000000 -1.000000 0.000000 126.258491
1 1.294261 2.000000 1.251419 0.004049 0.014638 -1.000000 -1.000000 -1.000000 0.000000 152.000000 -1.000000 0.000000 136.821146
1 1.247492 2.000000 1.165977 0.007661 0.030732 -1.000000 -1.000000 -1.000000 0.000000 205.000000 -1.000000 0.000000 126.681978
1 1.209871 2.000000 1.160835 0.004218 0.017845 -1.000000 -1.000000 -1.000000 18.000000 111.000000 -1.000000 0.000000 116.050280
1 1.131386 2.000000 1.081746 0.004496 0.018569 -1.000000 -1.000000 -1.000000 0.000000 108.000000 -1.000000 0.000000 119.403589
1 1.163794 2.000000 1.086407 0.006011 0.027155 -1.000000 -1.000000 -1.000000 51.000000 164.000000 -1.000000 0.000000 151.035121
1 1.156306 2.000000 1.106259 0.004668 0.017691 -1.000000 -1.000000 -1.000000 0.000000 139.000000 -1.000000 0.000000 143.067603
1 1.139607 2.000000 1.107560 0.002703 0.012260 -1.000000 -1.000000 -1.000000 0.000000 115.000000 -1.000000 0.000000 110.464616
1 1.170527 2.000000 1.123163 0.003841 0.014539 -1.000000 -1.000000 -1.000000 0.000000 104.000000 -1.000000 0.000000 116.705400
1 1.159178 2.000000 1.120671 0.003508 0.012588 -1.000000 -1.000000 -1.000000 0.000000 119.000000 -1.000000 0.000000 132.244448
1 1.184664 2.000000 1.120631 0.004990 0.022202 -1.000000 -1.000000 -1.000000 21.000000 134.000000 -1.000000 0.000000 126.833685
1 2.193271 2.000000 2.122472 0.006457 0.026166 -1.000000 -1.000000 -1.000000 21.000000 83.000000 -1.000000 0.000000 118.371645
1 2.370420 2.000000 2.306120 0.005508 0.020265 -1.000000 -1.000000 -1.000000 15.000000 85.000000 -1.000000 0.000000 119.439193
1 2.062277 2.000000 1.963276 0.008354 0.032823 -1.000000 -1.000000 -1.000000 5.000000 122.000000 -1.000000 0.000000 119.593907
1 1.850514 2.000000 1.803872 0.004004 0.015345 -1.000000 -1.000000 -1.000000 2.000000 91.000000 -1.000000 0.000000 117.868629
1 1.278345 2.000000 1.146905 0.010866 0.039189 -1.000000 -1.000000 -1.000000 0.000000 324.000000 -1.000000 0.000000 149.464635
1 1.228400 2.000000 1.170738 0.005234 0.018985 -1.000000 -1.000000 -1.000000 31.000000 168.000000 -1.000000 0.000000 156.902394
1 1.203507 2.000000 1.157044 0.003757 0.015586 -1.000000 -1.000000 -1.000000 0.000000 141.000000 -1.000000 0.000000 140.852647
1 1.252882 2.000000 1.162124 0.008185 0.032383 -1.000000 -1.000000 -1.000000 0.000000 166.000000 -1.000000 0.000000 197.317275
1 1.182348 2.000000 1.131273 0.004662 0.017076 -1.000000 -1.000000 -1.000000 0.000000 148.000000 -1.000000 0.000000 168.985413
1 1.152439 2.000000 1.107214 0.004299 0.013632 -1.000000 -1.000000 -1.000000 0.000000 88.000000 -1.000000 0.000000 148.147945
1 1.106021 2.000000 1.077655 0.002587 0.008991 -1.000000 -1.000000 -1.000000 0.000000 58.000000 -1.000000 0.000000 123.692906
1 1.279620 4.000000 1.041814 0.025969 0.087235 -1.000000 -1.000000 -1.000000 88.000000 316.000000 -1.000000 0.000000 120.076866
1 1.010390 4.000000 0.961928 0.005422 0.020403 -1.000000 -1.000000 -1.000000 5.000000 182.000000 -1.000000 0.000000 110.784335
1 1.018202 4.000000 0.972836 0.004898 0.017414 -1.000000 -1.000000 -1.000000 29.000000 197.000000 -1.000000 0.000000 112.809452
1 1.093320 4.000000 1.009078 0.008698 0.036991 -1.000000 -1.000000 -1.000000 27.000000 186.000000 -1.000000 0.000000 113.422668
1 1.100683 4.000000 1.045678 0.005751 0.020711 -1.000000 -1.000000 -1.000000 18.000000 108.000000 -1.000000 0.000000 114.843595
1 1.105254 4.000000 1.014497 0.009398 0.035039 -1.000000 -1.000000 -1.000000 59.000000 236.000000 -1.000000 0.000000 129.282020
1 1.498688 4.000000 1.430290 0.007145 0.027816 -1.000000 -1.000000 -1.000000 0.000000 145.000000 -1.000000 0.000000 114.715839
1 1.909640 4.000000 1.806561 0.010163 0.042474 -1.000000 -1.000000 -1.000000 0.000000 183.000000 -1.000000 0.000000 130.001524
1 1.648683 4.000000 1.525959 0.013033 0.054638 -1.000000 -1.000000 -1.000000 0.000000 498.000000 -1.000000 0.000000 122.423051
1 1.146230 4.000000 1.075839 0.007209 0.030304 -1.000000 -1.000000 -1.000000 7.000000 281.000000 -1.000000 0.000000 105.170094
1 1.129163 4.000000 1.058545 0.007282 0.031091 -1.000000 -1.000000 -1.000000 34.000000 203.000000 -1.000000 0.000000 125.935798
1 1.200549 4.000000 1.082216 0.012776 0.047495 -1.000000 -1.000000 -1.000000 183.000000 269.000000 -1.000000 0.000000 122.904166
1 1.098693 4.000000 1.031298 0.006910 0.028292 -1.000000 -1.000000 -1.000000 24.000000 172.000000 -1.000000 0.000000 111.289646
1 1.114427 4.000000 1.055690 0.006260 0.020820 -1.000000 -1.000000 -1.000000 8.000000 123.000000 -1.000000 0.000000 119.176756
1 1.093748 4.000000 1.031284 0.006287 0.025085 -1.000000 -1.000000 -1.000000 0.000000 190.000000 -1.000000 0.000000 119.005965
1 1.110427 4.000000 1.063447 0.005007 0.019231 -1.000000 -1.000000 -1.000000 2.000000 164.000000 -1.000000 0.000000 99.899507
1 1.146433 4.000000 1.087356 0.006737 0.023750 -1.000000 -1.000000 -1.000000 0.000000 164.000000 -1.000000 0.000000 107.667037
1 1.166375 4.000000 1.079098 0.008961 0.034674 -1.000000 -1.000000 -1.000000 5.000000 273.000000 -1.000000 0.000000 116.323743
1 2.585037 4.000000 1.102423 0.148633 0.583950 -1.000000 -1.000000 -1.000000 338.000000 1138.000000 -1.000000 0.000000 165.062658
1 2.334606 4.000000 2.208272 0.013656 0.053975 -1.000000 -1.000000 -1.000000 0.000000 304.000000 -1.000000 0.000000 102.188572
1 2.030208 4.000000 1.900145 0.015502 0.052175 -1.000000 -1.000000 -1.000000 24.000000 232.000000 -1.000000 0.000000 146.164795
1 1.947974 4.000000 1.853374 0.010448 0.038509 -1.000000 -1.000000 -1.000000 0.000000 173.000000 -1.000000 0.000000 115.040380
1 1.289325 4.000000 1.121766 0.016631 0.064576 -1.000000 -1.000000 -1.000000 66.000000 284.000000 -1.000000 0.000000 115.070951
1 1.147059 4.000000 1.082558 0.007306 0.024266 -1.000000 -1.000000 -1.000000 0.000000 157.000000 -1.000000 0.000000 131.432674
1 1.136491 4.000000 1.090843 0.004990 0.018831 -1.000000 -1.000000 -1.000000 0.000000 158.000000 -1.000000 0.000000 106.862710
1 1.102004 4.000000 1.017495 0.009231 0.032464 -1.000000 -1.000000 -1.000000 0.000000 222.000000 -1.000000 0.000000 113.660714
1 1.103082 4.000000 1.041432 0.006469 0.024624 -1.000000 -1.000000 -1.000000 0.000000 163.000000 -1.000000 0.000000 106.850281
1 1.097870 4.000000 1.050630 0.004952 0.019656 -1.000000 -1.000000 -1.000000 0.000000 176.000000 -1.000000 0.000000 98.877892
1 1.161608 4.000000 1.079857 0.007841 0.030639 -1.000000 -1.000000 -1.000000 39.000000 211.000000 -1.000000 0.000000 111.920005
1 1.349190 4.000000 1.113944 0.022575 0.105538 -1.000000 -1.000000 -1.000000 183.000000 575.000000 -1.000000 0.000000 116.273014
1 1.169807 4.000000 1.093591 0.008553 0.031530 -1.000000 -1.000000 -1.000000 0.000000 283.000000 -1.000000 0.000000 109.758446
1 1.154997 4.000000 1.099815 0.005796 0.022718 -1.000000 -1.000000 -1.000000 12.000000 161.000000 -1.000000 0.000000 102.870490
1 2.126755 4.000000 1.975569 0.015890 0.061367 -1.000000 -1.000000 -1.000000 36.000000 211.000000 -1.000000 0.000000 111.786288
1 2.333229 4.000000 2.213809 0.013366 0.047181 -1.000000 -1.000000 -1.000000 7.000000 218.000000 -1.000000 0.000000 112.722534
1 2.026919 4.000000 1.862875 0.017449 0.076373 -1.000000 -1.000000 -1.000000 0.000000 386.000000 -1.000000 0.000000 107.151423
1 2.193312 4.000000 1.793500 0.042050 0.162590 -1.000000 -1.000000 -1.000000 80.000000 767.000000 -1.000000 0.000000 114.098036
1 1.170699 4.000000 1.105649 0.005896 0.027374 -1.000000 -1.000000 -1.000000 0.000000 225.000000 -1.000000 0.000000 102.650112
1 1.145198 4.000000 1.103771 0.004314 0.017531 -1.000000 -1.000000 -1.000000 0.000000 98.000000 -1.000000 0.000000 100.005951
1 1.124338 4.000000 1.063124 0.006759 0.026076 -1.000000 -1.000000 -1.000000 0.000000 159.000000 -1.000000 0.000000 121.148966
1 1.199634 4.000000 1.077984 0.010989 0.052760 -1.000000 -1.000000 -1.000000 0.000000 216.000000 -1.000000 0.000000 96.037394
1 1.402004 4.000000 1.094948 0.026862 0.111568 -1.000000 -1.000000 -1.000000 169.000000 470.000000 -1.000000 0.000000 126.082383
1 1.190066 4.000000 1.102325 0.009033 0.033698 -1.000000 -1.000000 -1.000000 61.000000 221.000000 -1.000000 0.000000 106.563007
1 1.170460 4.000000 1.121488 0.005314 0.019817 -1.000000 -1.000000 -1.000000 0.000000 77.000000 -1.000000 0.000000 121.338759
1 1.191179 4.000000 1.136202 0.006155 0.020776 -1.000000 -1.000000 -1.000000 0.000000 126.000000 -1.000000 0.000000 119.724719
1 1.240056 4.000000 1.160502 0.008382 0.031292 -1.000000 -1.000000 -1.000000 28.000000 208.000000 -1.000000 0.000000 113.016357
1 1.163310 4.000000 1.098191 0.006518 0.028431 -1.000000 -1.000000 -1.000000 0.000000 185.000000 -1.000000 0.000000 106.230984
1 1.219211 4.000000 1.136821 0.008667 0.033043 -1.000000 -1.000000 -1.000000 0.000000 205.000000 -1.000000 0.000000 117.115165
1 1.233404 4.000000 1.104989 0.013823 0.050889 -1.000000 -1.000000 -1.000000 0.000000 239.000000 -1.000000 0.000000 110.503051
1 1.207956 4.000000 1.080509 0.012281 0.057577 -1.000000 -1.000000 -1.000000 0.000000 311.000000 -1.000000 0.000000 112.711734
1 1.656532 4.000000 1.145550 0.049542 0.195100 -1.000000 -1.000000 -1.000000 35.000000 770.000000 -1.000000 0.000000 132.175153
1 1.158450 4.000000 1.102531 0.005758 0.021222 -1.000000 -1.000000 -1.000000 0.000000 170.000000 -1.000000 0.000000 101.830632
1 1.621543 4.000000 1.491695 0.014166 0.049576 -1.000000 -1.000000 -1.000000 0.000000 153.000000 -1.000000 0.000000 105.705091
1 2.445202 4.000000 2.277875 0.017420 0.075891 -1.000000 -1.000000 -1.000000 16.000000 293.000000 -1.000000 0.000000 116.123981
1 2.280398 4.000000 2.090043 0.016950 0.080587 -1.000000 -1.000000 -1.000000 76.000000 253.000000 -1.000000 0.000000 113.081163
1 2.711348 4.000000 2.649400 0.006745 0.023450 -1.000000 -1.000000 -1.000000 1.000000 123.000000 -1.000000 0.000000 110.917934
1 1.304824 4.000000 1.231690 0.008036 0.032011 -1.000000 -1.000000 -1.000000 7.000000 225.000000 -1.000000 0.000000 103.846247
1 1.378088 4.000000 1.148241 0.024295 0.082461 -1.000000 -1.000000 -1.000000 114.000000 392.000000 -1.000000 0.000000 132.212540
1 1.647796 4.000000 1.168071 0.048171 0.176958 -1.000000 -1.000000 -1.000000 183.000000 650.000000 -1.000000 0.000000 131.608120
1 1.193681 4.000000 1.113767 0.008065 0.034440 -1.000000 -1.000000 -1.000000 0.000000 281.000000 -1.000000 0.000000 116.192666
1 1.171963 4.000000 1.125069 0.005391 0.018448 -1.000000 -1.000000 -1.000000 0.000000 118.000000 -1.000000 0.000000 117.695719
1 1.315937 6.000000 1.123363 0.018775 0.085858 -1.000000 -1.000000 -1.000000 62.000000 466.000000 -1.000000 0.000000 109.785467
1 1.232984 6.000000 1.153282 0.008160 0.032512 -1.000000 -1.000000 -1.000000 5.000000 220.000000 -1.000000 0.000000 99.912599
1 1.239204 6.000000 1.123781 0.011986 0.046815 -1.000000 -1.000000 -1.000000 25.000000 281.000000 -1.000000 0.000000 107.536547
1 1.471285 6.000000 1.167711 0.030955 0.135463 -1.000000 -1.000000 -1.000000 102.000000 400.000000 -1.000000 0.000000 108.474569
1 3.607122 6.000000 3.214952 0.041748 0.159953 -1.000000 -1.000000 -1.000000 100.000000 406.000000 -1.000000 0.000000 118.617302
1 2.508088 6.000000 1.849147 0.068169 0.318068 -1.000000 -1.000000 -1.000000 866.000000 900.000000 -1.000000 0.000000 114.106128
1 1.823867 6.000000 1.665117 0.017980 0.071727 -1.000000 -1.000000 -1.000000 840.000000 303.000000 -1.000000 0.000000 107.302337
1 1.792390 6.000000 1.013253 0.083865 0.272701 -1.000000 -1.000000 -1.000000 210.000000 918.000000 -1.000000 0.000000 164.493650
1 1.071665 6.000000 1.013853 0.006118 0.023977 -1.000000 -1.000000 -1.000000 16.000000 115.000000 -1.000000 0.000000 107.743579
1 1.484456 6.000000 1.263283 0.023586 0.092243 -1.000000 -1.000000 -1.000000 74.000000 365.000000 -1.000000 0.000000 118.344215
1 2.075739 6.000000 1.821051 0.028072 0.112666 -1.000000 -1.000000 -1.000000 184.000000 425.000000 -1.000000 0.000000 109.059469
1 1.719709 6.000000 1.616049 0.010481 0.046823 -1.000000 -1.000000 -1.000000 0.000000 293.000000 -1.000000 0.000000 99.584028
1 1.287774 6.000000 1.206380 0.008413 0.032610 -1.000000 -1.000000 -1.000000 0.000000 253.000000 -1.000000 0.000000 101.687134
1 1.261311 6.000000 1.176240 0.010030 0.032632 -1.000000 -1.000000 -1.000000 0.000000 161.000000 -1.000000 0.000000 106.022252
1 2.591672 6.000000 1.315321 0.119337 0.428758 -1.000000 -1.000000 -1.000000 502.000000 1168.000000 -1.000000 0.000000 163.825436
1 2.183820 6.000000 2.026151 0.015922 0.072742 -1.000000 -1.000000 -1.000000 0.000000 259.000000 -1.000000 0.000000 99.784705
1 1.398955 6.000000 1.274184 0.012726 0.052285 -1.000000 -1.000000 -1.000000 82.000000 345.000000 -1.000000 0.000000 113.067403
1 1.485443 6.000000 1.297122 0.017660 0.080987 -1.000000 -1.000000 -1.000000 92.000000 371.000000 -1.000000 0.000000 99.361614
1 1.584082 6.000000 1.325026 0.027384 0.109673 -1.000000 -1.000000 -1.000000 5.000000 515.000000 -1.000000 0.000000 152.877112
1 1.529629 6.000000 1.288583 0.024710 0.097842 -1.000000 -1.000000 -1.000000 133.000000 386.000000 -1.000000 0.000000 119.924339
1 1.672917 6.000000 1.293163 0.037389 0.141921 -1.000000 -1.000000 -1.000000 187.000000 622.000000 -1.000000 0.000000 103.996633
1 2.050546 6.000000 1.825415 0.023636 0.099375 -1.000000 -1.000000 -1.000000 121.000000 550.000000 -1.000000 0.000000 117.081107
1 1.406045 6.000000 1.285764 0.012023 0.051175 -1.000000 -1.000000 -1.000000 1.000000 263.000000 -1.000000 0.000000 96.492351
1 1.676553 6.000000 1.305091 0.037390 0.151387 -1.000000 -1.000000 -1.000000 267.000000 647.000000 -1.000000 0.000000 112.405955
1 1.363769 6.000000 1.229934 0.014306 0.058911 -1.000000 -1.000000 -1.000000 19.000000 276.000000 -1.000000 0.000000 115.536010
1 1.555806 6.000000 1.304386 0.027961 0.101690 -1.000000 -1.000000 -1.000000 158.000000 504.000000 -1.000000 0.000000 119.546487
1 1.407754 6.000000 1.309221 0.010413 0.038956 -1.000000 -1.000000 -1.000000 69.000000 215.000000 -1.000000 0.000000 105.338968
1 1.403823 6.000000 1.272244 0.013994 0.054320 -1.000000 -1.000000 -1.000000 55.000000 300.000000 -1.000000 0.000000 101.635781
1 1.116254 6.000000 1.036691 0.008547 0.034582 -1.000000 -1.000000 -1.000000 27.000000 175.000000 -1.000000 0.000000 108.546960
1 1.198851 6.000000 1.094103 0.011093 0.045722 -1.000000 -1.000000 -1.000000 17.000000 218.000000 -1.000000 0.000000 117.954375
1 1.201404 6.000000 1.141768 0.006272 0.025181 -1.000000 -1.000000 -1.000000 0.000000 196.000000 -1.000000 0.000000 101.649087
1 1.451726 6.000000 1.150226 0.029612 0.105148 -1.000000 -1.000000 -1.000000 72.000000 601.000000 -1.000000 0.000000 100.442969
1 1.230262 6.000000 1.105249 0.013461 0.050414 -1.000000 -1.000000 -1.000000 157.000000 381.000000 -1.000000 0.000000 114.506777
1 1.251779 6.000000 1.126289 0.013168 0.047236 -1.000000 -1.000000 -1.000000 44.000000 165.000000 -1.000000 0.000000 126.454263
1 1.183892 6.000000 1.118215 0.007060 0.025634 -1.000000 -1.000000 -1.000000 0.000000 140.000000 -1.000000 0.000000 100.358895
1 1.241885 6.000000 1.121198 0.012323 0.054968 -1.000000 -1.000000 -1.000000 58.000000 382.000000 -1.000000 0.000000 109.476455
1 1.198557 6.000000 1.091069 0.011636 0.045122 -1.000000 -1.000000 -1.000000 0.000000 298.000000 -1.000000 0.000000 100.362983
1 1.445209 6.000000 1.060569 0.038201 0.166452 -1.000000 -1.000000 -1.000000 184.000000 786.000000 -1.000000 0.000000 108.869598
1 1.491185 6.000000 1.364739 0.013433 0.054373 -1.000000 -1.000000 -1.000000 38.000000 252.000000 -1.000000 0.000000 107.284403
1 2.489006 6.000000 1.835467 0.072816 0.244558 -1.000000 -1.000000 -1.000000 225.000000 801.000000 -1.000000 0.000000 124.295958
1 2.132153 6.000000 1.980194 0.015148 0.055168 -1.000000 -1.000000 -1.000000 56.000000 329.000000 -1.000000 0.000000 108.560591
1 1.252813 6.000000 1.096872 0.016386 0.071549 -1.000000 -1.000000 -1.000000 147.000000 306.000000 -1.000000 0.000000 100.480095
1 1.282862 6.000000 1.121128 0.017149 0.063043 -1.000000 -1.000000 -1.000000 117.000000 354.000000 -1.000000 0.000000 126.860680
1 1.981796 6.000000 1.857477 0.013050 0.054171 -1.000000 -1.000000 -1.000000 24.000000 133.000000 -1.000000 0.000000 108.450720
1 2.016621 6.000000 1.910255 0.011254 0.044447 -1.000000 -1.000000 -1.000000 0.000000 256.000000 -1.000000 0.000000 108.371159
1 1.281176 6.000000 1.187837 0.010077 0.040032 -1.000000 -1.000000 -1.000000 0.000000 253.000000 -1.000000 0.000000 101.616253
1 1.276011 6.000000 1.110670 0.018758 0.068213 -1.000000 -1.000000 -1.000000 0.000000 300.000000 -1.000000 0.000000 119.533830
1 1.178818 6.000000 1.116334 0.006287 0.025765 -1.000000 -1.000000 -1.000000 0.000000 166.000000 -1.000000 0.000000 96.893290
1 1.170461 6.000000 1.073072 0.011011 0.043733 -1.000000 -1.000000 -1.000000 10.000000 268.000000 -1.000000 0.000000 121.056857
1 1.365174 6.000000 1.084674 0.027904 0.112852 -1.000000 -1.000000 -1.000000 117.000000 462.000000 -1.000000 0.000000 173.074861
1 1.173920 6.000000 1.108692 0.007029 0.026200 -1.000000 -1.000000 -1.000000 14.000000 138.000000 -1.000000 0.000000 106.828298
1 1.278889 6.000000 1.108515 0.016809 0.065991 -1.000000 -1.000000 -1.000000 96.000000 285.000000 -1.000000 0.000000 104.633858
1 1.301341 6.000000 1.112165 0.020053 0.079416 -1.000000 -1.000000 -1.000000 138.000000 521.000000 -1.000000 0.000000 125.638103
1 1.178000 6.000000 1.113989 0.006501 0.027234 -1.000000 -1.000000 -1.000000 0.000000 137.000000 -1.000000 0.000000 105.806697
1 2.770166 6.000000 1.675115 0.107390 0.436793 -1.000000 -1.000000 -1.000000 454.000000 1061.000000 -1.000000 0.000000 147.706905
1 2.569281 6.000000 2.236024 0.035660 0.130791 -1.000000 -1.000000 -1.000000 85.000000 339.000000 -1.000000 0.000000 115.877590
1 2.295086 6.000000 1.966358 0.036293 0.140837 -1.000000 -1.000000 -1.000000 149.000000 469.000000 -1.000000 0.000000 101.362811
1 1.684291 6.000000 1.603452 0.008778 0.033033 -1.000000 -1.000000 -1.000000 23.000000 153.000000 -1.000000 0.000000 104.445436
1 1.451715 6.000000 1.294859 0.015706 0.065420 -1.000000 -1.000000 -1.000000 72.000000 346.000000 -1.000000 0.000000 115.201970
1 2.131383 6.000000 1.294154 0.078439 0.333857 -1.000000 -1.000000 -1.000000 457.000000 1138.000000 -1.000000 0.000000 123.745554
1 1.511352 8.000000 1.309253 0.019497 0.086206 -1.000000 -1.000000 -1.000000 163.000000 509.000000 -1.000000 0.000000 101.791042
1 1.551457 8.000000 1.345151 0.022251 0.081064 -1.000000 -1.000000 -1.000000 26.000000 406.000000 -1.000000 0.000000 111.691548
1 2.423537 8.000000 1.318735 0.108154 0.402201 -1.000000 -1.000000 -1.000000 260.000000 987.000000 -1.000000 0.000000 130.551067
1 1.551142 8.000000 1.318292 0.023958 0.100272 -1.000000 -1.000000 -1.000000 273.000000 537.000000 -1.000000 0.000000 102.990673
1 1.358023 8.000000 1.020746 0.033865 0.147083 -1.000000 -1.000000 -1.000000 166.000000 676.000000 -1.000000 0.000000 108.374326
1 1.244845 8.000000 1.116876 0.013699 0.050242 -1.000000 -1.000000 -1.000000 23.000000 425.000000 -1.000000 0.000000 113.319121
1 1.649274 8.000000 1.090907 0.060372 0.213479 -1.000000 -1.000000 -1.000000 348.000000 825.000000 -1.000000 0.000000 136.088284
1 1.994093 8.000000 1.735751 0.027353 0.115942 -1.000000 -1.000000 -1.000000 5.000000 426.000000 -1.000000 0.000000 117.773690
1 2.072899 8.000000 1.844597 0.025033 0.094809 -1.000000 -1.000000 -1.000000 37.000000 325.000000 -1.000000 0.000000 103.572934
1 1.693765 8.000000 1.523709 0.018023 0.066264 -1.000000 -1.000000 -1.000000 74.000000 396.000000 -1.000000 0.000000 99.946208
1 1.625006 8.000000 1.098394 0.041395 0.219356 -1.000000 -1.000000 -1.000000 466.000000 814.000000 -1.000000 0.000000 104.510760
1 2.582451 8.000000 1.445427 0.117756 0.413769 -1.000000 -1.000000 -1.000000 578.000000 1061.000000 -1.000000 0.000000 127.811578
1 2.164661 8.000000 1.951699 0.022195 0.084749 -1.000000 -1.000000 -1.000000 70.000000 413.000000 -1.000000 0.000000 107.946674
1 1.364942 8.000000 1.123845 0.026263 0.101028 -1.000000 -1.000000 -1.000000 231.000000 414.000000 -1.000000 0.000000 109.227404
1 1.289189 8.000000 1.135285 0.017311 0.061804 -1.000000 -1.000000 -1.000000 64.000000 518.000000 -1.000000 0.000000 121.961490
1 1.273730 8.000000 1.106581 0.017492 0.073906 -1.000000 -1.000000 -1.000000 111.000000 389.000000 -1.000000 0.000000 108.001134
1 2.905898 8.000000 1.915036 0.107744 0.369675 -1.000000 -1.000000 -1.000000 182.000000 807.000000 -1.000000 0.000000 115.984456
1 1.697507 8.000000 1.577229 0.012631 0.047905 -1.000000 -1.000000 -1.000000 119.000000 262.000000 -1.000000 0.000000 103.082623
1 1.329637 8.000000 1.120358 0.021089 0.087100 -1.000000 -1.000000 -1.000000 103.000000 523.000000 -1.000000 0.000000 104.236763
1 1.396718 8.000000 1.124316 0.026032 0.112921 -1.000000 -1.000000 -1.000000 334.000000 581.000000 -1.000000 0.000000 119.278972
1 2.469668 8.000000 1.556522 0.099452 0.382334 -1.000000 -1.000000 -1.000000 518.000000 974.000000 -1.000000 0.000000 128.594089
1 2.232584 8.000000 1.987449 0.024821 0.100297 -1.000000 -1.000000 -1.000000 137.000000 431.000000 -1.000000 0.000000 107.391889
1 1.317783 8.000000 1.144199 0.019072 0.071095 -1.000000 -1.000000 -1.000000 134.000000 337.000000 -1.000000 0.000000 119.255320
1 1.606510 8.000000 1.117727 0.047844 0.209759 -1.000000 -1.000000 -1.000000 241.000000 901.000000 -1.000000 0.000000 124.488004
1 1.570050 8.000000 1.107241 0.044441 0.182131 -1.000000 -1.000000 -1.000000 444.000000 812.000000 -1.000000 0.000000 137.532922
1 2.049765 8.000000 1.142652 0.087348 0.325808 -1.000000 -1.000000 -1.000000 481.000000 1116.000000 -1.000000 0.000000 132.637328
1 1.252942 8.000000 1.107783 0.014989 0.058674 -1.000000 -1.000000 -1.000000 57.000000 387.000000 -1.000000 0.000000 100.246963
1 1.511640 8.000000 1.168205 0.033673 0.132613 -1.000000 -1.000000 -1.000000 434.000000 698.000000 -1.000000 0.000000 108.299484
1 2.056119 8.000000 1.141175 0.092262 0.400805 -1.000000 -1.000000 -1.000000 623.000000 1721.000000 -1.000000 0.000000 152.739951
1 2.710664 8.000000 1.950724 0.080386 0.319655 -1.000000 -1.000000 -1.000000 347.000000 659.000000 -1.000000 0.000000 105.885350
1 2.391475 8.000000 2.090014 0.028899 0.117620 -1.000000 -1.000000 -1.000000 59.000000 379.000000 -1.000000 0.000000 108.850220
1 2.262828 8.000000 1.865678 0.044257 0.168985 -1.000000 -1.000000 -1.000000 334.000000 543.000000 -1.000000 0.000000 110.429311
1 1.693563 8.000000 1.497417 0.020703 0.081467 -1.000000 -1.000000 -1.000000 127.000000 552.000000 -1.000000 0.000000 116.415580
1 1.326739 8.000000 1.081346 0.025423 0.104580 -1.000000 -1.000000 -1.000000 235.000000 536.000000 -1.000000 0.000000 103.944101
1 1.125708 8.000000 1.016437 0.012015 0.043643 -1.000000 -1.000000 -1.000000 44.000000 265.000000 -1.000000 0.000000 98.733149
1 1.596510 8.000000 1.280838 0.033892 0.122288 -1.000000 -1.000000 -1.000000 177.000000 524.000000 -1.000000 0.000000 106.681075
1 2.191938 8.000000 1.794019 0.042838 0.161865 -1.000000 -1.000000 -1.000000 127.000000 522.000000 -1.000000 0.000000 107.915730
1 1.756949 8.000000 1.533559 0.023132 0.091726 -1.000000 -1.000000 -1.000000 110.000000 436.000000 -1.000000 0.000000 114.620671
1 1.252613 8.000000 1.048739 0.021098 0.081159 -1.000000 -1.000000 -1.000000 79.000000 490.000000 -1.000000 0.000000 113.362601
1 1.257886 8.000000 1.044615 0.021545 0.087892 -1.000000 -1.000000 -1.000000 243.000000 582.000000 -1.000000 0.000000 117.500197
1 1.760306 8.000000 1.471050 0.027034 0.120667 -1.000000 -1.000000 -1.000000 99.000000 361.000000 -1.000000 0.000000 108.296172
1 2.462120 8.000000 1.830852 0.066858 0.238021 -1.000000 -1.000000 -1.000000 370.000000 611.000000 -1.000000 0.000000 126.649258
1 1.461602 8.000000 1.213324 0.028891 0.102755 -1.000000 -1.000000 -1.000000 299.000000 517.000000 -1.000000 0.000000 112.557860
1 1.226122 8.000000 1.068950 0.015808 0.065455 -1.000000 -1.000000 -1.000000 39.000000 353.000000 -1.000000 0.000000 100.466414
1 1.550412 8.000000 1.051168 0.050137 0.191896 -1.000000 -1.000000 -1.000000 356.000000 982.000000 -1.000000 0.000000 111.878355
1 2.004617 8.000000 1.760982 0.025428 0.091117 -1.000000 -1.000000 -1.000000 68.000000 336.000000 -1.000000 0.000000 105.955011
1 2.138853 8.000000 1.855027 0.029333 0.118335 -1.000000 -1.000000 -1.000000 163.000000 422.000000 -1.000000 0.000000 122.592801
1 1.544211 8.000000 1.088377 0.046494 0.164918 -1.000000 -1.000000 -1.000000 266.000000 808.000000 -1.000000 0.000000 109.785631
1 1.811610 8.000000 1.549661 0.025971 0.113829 -1.000000 -1.000000 -1.000000 408.000000 457.000000 -1.000000 0.000000 97.374248
1 1.214771 8.000000 1.076235 0.014432 0.056340 -1.000000 -1.000000 -1.000000 0.000000 357.000000 -1.000000 0.000000 107.033849
1 1.268346 8.000000 1.121977 0.015783 0.062723 -1.000000 -1.000000 -1.000000 6.000000 414.000000 -1.000000 0.000000 134.514834
1 1.296523 8.000000 1.104559 0.018961 0.078993 -1.000000 -1.000000 -1.000000 111.000000 430.000000 -1.000000 0.000000 111.835361
1 1.386035 8.000000 1.138284 0.026668 0.102764 -1.000000 -1.000000 -1.000000 124.000000 655.000000 -1.000000 0.000000 116.993821
1 1.258840 8.000000 1.113220 0.015729 0.060274 -1.000000 -1.000000 -1.000000 54.000000 418.000000 -1.000000 0.000000 106.308570
1 1.571640 8.000000 1.116751 0.047013 0.178205 -1.000000 -1.000000 -1.000000 363.000000 917.000000 -1.000000 0.000000 115.241143
1 2.082967 8.000000 1.926900 0.015969 0.062973 -1.000000 -1.000000 -1.000000 137.000000 295.000000 -1.000000 0.000000 111.377133
1 1.970968 8.000000 1.538947 0.045892 0.162440 -1.000000 -1.000000 -1.000000 83.000000 803.000000 -1.000000 0.000000 111.402897
1 1.398881 8.000000 1.151557 0.024822 0.097588 -1.000000 -1.000000 -1.000000 129.000000 488.000000 -1.000000 0.000000 132.150843
1 1.487741 8.000000 1.117091 0.036304 0.146736 -1.000000 -1.000000 -1.000000 221.000000 709.000000 -1.000000 0.000000 116.729399
1 1.502004 8.000000 1.138838 0.035074 0.165605 -1.000000 -1.000000 -1.000000 243.000000 698.000000 -1.000000 0.000000 108.881713
1 2.773713 10.000000 2.282942 0.054669 0.199050 -1.000000 -1.000000 -1.000000 131.000000 593.000000 -1.000000 0.000000 113.977527
1 2.496495 10.000000 2.037931 0.049936 0.206211 -1.000000 -1.000000 -1.000000 213.000000 564.000000 -1.000000 0.000000 107.618338
1 2.358562 10.000000 1.885729 0.047880 0.202731 -1.000000 -1.000000 -1.000000 235.000000 593.000000 -1.000000 0.000000 108.661125
1 2.489595 10.000000 1.290412 0.119006 0.498032 -1.000000 -1.000000 -1.000000 453.000000 1671.000000 -1.000000 0.000000 143.049173
1 1.835793 10.000000 1.115791 0.074921 0.253687 -1.000000 -1.000000 -1.000000 351.000000 1151.000000 -1.000000 0.000000 114.602347
1 1.932841 10.000000 1.087637 0.084313 0.319836 -1.000000 -1.000000 -1.000000 394.000000 1312.000000 -1.000000 0.000000 123.413995
1 1.252152 10.000000 1.056628 0.020569 0.080946 -1.000000 -1.000000 -1.000000 46.000000 581.000000 -1.000000 0.000000 116.247971
1 1.662488 10.000000 1.119063 0.056257 0.212348 -1.000000 -1.000000 -1.000000 306.000000 1057.000000 -1.000000 0.000000 105.883445
1 1.486377 10.000000 1.127894 0.037470 0.146667 -1.000000 -1.000000 -1.000000 306.000000 880.000000 -1.000000 0.000000 123.835437
1 2.039095 10.000000 1.115080 0.093995 0.361417 -1.000000 -1.000000 -1.000000 845.000000 998.000000 -1.000000 0.000000 129.244008
1 3.094913 10.000000 2.167691 0.098124 0.362674 -1.000000 -1.000000 -1.000000 286.000000 774.000000 -1.000000 0.000000 122.972392
1 2.944012 10.000000 2.002775 0.098451 0.366974 -1.000000 -1.000000 -1.000000 459.000000 789.000000 -1.000000 0.000000 121.352496
1 2.015842 10.000000 1.671478 0.035982 0.144058 -1.000000 -1.000000 -1.000000 232.000000 620.000000 -1.000000 0.000000 116.923917
1 1.445988 10.000000 1.089782 0.038790 0.147918 -1.000000 -1.000000 -1.000000 278.000000 812.000000 -1.000000 0.000000 123.262141
1 3.238637 10.000000 1.074084 0.227547 0.810593 -1.000000 -1.000000 -1.000000 610.000000 1745.000000 -1.000000 0.000000 148.532939
1 2.756666 10.000000 1.967303 0.076168 0.385920 -1.000000 -1.000000 -1.000000 259.000000 1202.000000 -1.000000 0.000000 113.649489
1 1.265649 10.000000 1.089757 0.018632 0.072234 -1.000000 -1.000000 -1.000000 185.000000 398.000000 -1.000000 0.000000 101.288911
1 1.623252 10.000000 1.072811 0.056822 0.216973 -1.000000 -1.000000 -1.000000 481.000000 997.000000 -1.000000 0.000000 119.929023
1 2.181341 10.000000 1.244484 0.097480 0.331213 -1.000000 -1.000000 -1.000000 356.000000 878.000000 -1.000000 0.000000 119.757666
1 2.605236 10.000000 1.957057 0.070432 0.274178 -1.000000 -1.000000 -1.000000 179.000000 760.000000 -1.000000 0.000000 123.734688
1 1.929232 10.000000 1.134958 0.081898 0.315752 -1.000000 -1.000000 -1.000000 694.000000 1364.000000 -1.000000 0.000000 126.060637
1 1.259552 10.000000 1.073897 0.019290 0.078638 -1.000000 -1.000000 -1.000000 104.000000 416.000000 -1.000000 0.000000 112.442650
1 2.474092 10.000000 1.288465 0.121195 0.475550 -1.000000 -1.000000 -1.000000 874.000000 1642.000000 -1.000000 0.000000 124.050695
1 2.610603 10.000000 1.835195 0.081390 0.305878 -1.000000 -1.000000 -1.000000 526.000000 1097.000000 -1.000000 0.000000 122.914745
1 1.496947 10.000000 1.057190 0.047234 0.171786 -1.000000 -1.000000 -1.000000 481.000000 848.000000 -1.000000 0.000000 126.510144
1 2.848138 10.000000 1.093095 0.172784 0.690691 -1.000000 -1.000000 -1.000000 842.000000 1922.000000 -1.000000 0.000000 131.498408
1 2.578892 10.000000 1.855448 0.067146 0.313606 -1.000000 -1.000000 -1.000000 338.000000 838.000000 -1.000000 0.000000 112.089703
1 1.790344 10.000000 1.478396 0.032128 0.133868 -1.000000 -1.000000 -1.000000 207.000000 669.000000 -1.000000 0.000000 114.907405
1 2.250793 10.000000 1.247562 0.107738 0.430200 -1.000000 -1.000000 -1.000000 902.000000 1239.000000 -1.000000 0.000000 118.696177
1 1.813772 10.000000 1.215907 0.061243 0.238309 -1.000000 -1.000000 -1.000000 357.000000 911.000000 -1.000000 0.000000 137.587230
1 1.306196 10.000000 0.950185 0.038535 0.153201 -1.000000 -1.000000 -1.000000 337.000000 930.000000 -1.000000 0.000000 127.860032
1 1.785158 10.000000 1.039418 0.077163 0.315699 -1.000000 -1.000000 -1.000000 460.000000 1416.000000 -1.000000 0.000000 130.917139
1 1.606806 10.000000 1.080196 0.054649 0.214609 -1.000000 -1.000000 -1.000000 756.000000 956.000000 -1.000000 0.000000 130.446129
1 1.397058 10.000000 1.096605 0.030766 0.121182 -1.000000 -1.000000 -1.000000 253.000000 640.000000 -1.000000 0.000000 117.850675
1 1.535276 10.000000 1.097252 0.045430 0.189505 -1.000000 -1.000000 -1.000000 291.000000 1138.000000 -1.000000 0.000000 116.048733
1 1.366260 10.000000 1.041683 0.032357 0.133865 -1.000000 -1.000000 -1.000000 420.000000 618.000000 -1.000000 0.000000 121.961168
1 1.336913 10.000000 1.051335 0.029077 0.116073 -1.000000 -1.000000 -1.000000 352.000000 589.000000 -1.000000 0.000000 119.149873
1 1.428254 10.000000 1.041303 0.041027 0.161661 -1.000000 -1.000000 -1.000000 196.000000 1007.000000 -1.000000 0.000000 109.630600
1 1.300149 10.000000 1.065987 0.025538 0.096603 -1.000000 -1.000000 -1.000000 282.000000 427.000000 -1.000000 0.000000 108.721982
1 1.559305 10.000000 1.044329 0.052940 0.220931 -1.000000 -1.000000 -1.000000 362.000000 1145.000000 -1.000000 0.000000 122.093855
1 3.222594 10.000000 2.160436 0.112291 0.455623 -1.000000 -1.000000 -1.000000 507.000000 1093.000000 -1.000000 0.000000 122.919811
1 2.850423 10.000000 1.976831 0.083997 0.383601 -1.000000 -1.000000 -1.000000 597.000000 1136.000000 -1.000000 0.000000 119.723697
1 2.201552 10.000000 1.813900 0.038745 0.147410 -1.000000 -1.000000 -1.000000 242.000000 527.000000 -1.000000 0.000000 113.667072
1 1.981121 10.000000 1.468220 0.049048 0.209136 -1.000000 -1.000000 -1.000000 501.000000 825.000000 -1.000000 0.000000 114.989720
1 1.622679 10.000000 1.498772 0.013298 0.049825 -1.000000 -1.000000 -1.000000 30.000000 291.000000 -1.000000 0.000000 110.509223
1 2.290188 10.000000 1.820967 0.050736 0.178087 -1.000000 -1.000000 -1.000000 524.000000 531.000000 -1.000000 0.000000 121.669268
1 2.164086 10.000000 1.800636 0.037238 0.160002 -1.000000 -1.000000 -1.000000 371.000000 781.000000 -1.000000 0.000000 121.156812
1 2.448596 10.000000 1.072810 0.138376 0.555442 -1.000000 -1.000000 -1.000000 525.000000 1942.000000 -1.000000 0.000000 152.000136
1 1.411327 10.000000 1.023392 0.042197 0.162002 -1.000000 -1.000000 -1.000000 159.000000 913.000000 -1.000000 0.000000 120.676239
1 1.546481 10.000000 1.023446 0.053815 0.188724 -1.000000 -1.000000 -1.000000 526.000000 887.000000 -1.000000 0.000000 118.915036
1 1.997087 10.000000 1.015125 0.106133 0.348711 -1.000000 -1.000000 -1.000000 620.000000 1667.000000 -1.000000 0.000000 134.766964
1 1.343247 10.000000 1.052358 0.031525 0.117500 -1.000000 -1.000000 -1.000000 283.000000 634.000000 -1.000000 0.000000 125.971382
1 1.388066 10.000000 1.038067 0.036032 0.141397 -1.000000 -1.000000 -1.000000 394.000000 784.000000 -1.000000 0.000000 124.549928
1 2.999879 10.000000 2.065888 0.095550 0.423757 -1.000000 -1.000000 -1.000000 658.000000 978.000000 -1.000000 0.000000 119.738563
1 2.498352 10.000000 2.063976 0.046264 0.183305 -1.000000 -1.000000 -1.000000 308.000000 556.000000 -1.000000 0.000000 122.759357
1 2.374110 10.000000 1.891586 0.050523 0.204892 -1.000000 -1.000000 -1.000000 102.000000 637.000000 -1.000000 0.000000 124.370490
1 1.568436 10.000000 1.256795 0.034887 0.130205 -1.000000 -1.000000 -1.000000 238.000000 627.000000 -1.000000 0.000000 112.585827
1 1.378337 10.000000 1.197501 0.018090 0.071690 -1.000000 -1.000000 -1.000000 105.000000 394.000000 -1.000000 0.000000 108.471647
1 2.277877 10.000000 1.671748 0.060683 0.239911 -1.000000 -1.000000 -1.000000 214.000000 845.000000 -1.000000 0.000000 115.629148
