1 1.414310 1.000000 1.350828 0.025507 0.015497 0.000879 26.000000 0.000000 0.000000 21.000000 2.000000 1.000000 127.963468
1 1.418030 1.000000 1.366119 0.019439 0.012650 0.000846 26.000000 0.000000 0.000000 11.000000 2.000000 1.000000 127.810146
1 2.136039 1.000000 2.063166 0.029335 0.017617 0.001389 21.000000 0.000000 0.000000 9.000000 2.000000 1.000000 127.615367
1 2.744192 1.000000 2.665834 0.030285 0.019087 0.001269 30.000000 0.000000 0.000000 13.000000 2.000000 1.000000 125.724781
1 1.709495 1.000000 1.655943 0.023117 0.012309 0.000914 25.000000 0.000000 0.000000 14.000000 2.000000 1.000000 118.002522
1 1.595931 1.000000 1.545917 0.020019 0.011724 0.000823 22.000000 0.000000 0.000000 25.000000 2.000000 1.000000 124.701200
1 1.444632 1.000000 1.379549 0.027910 0.015369 0.000746 22.000000 0.000000 0.000000 19.000000 2.000000 1.000000 122.566090
1 1.421366 1.000000 1.364890 0.020316 0.013829 0.001098 26.000000 0.000000 0.000000 24.000000 2.000000 1.000000 124.699208
1 1.408936 1.000000 1.352714 0.022118 0.013818 0.001029 31.000000 0.000000 0.000000 17.000000 2.000000 1.000000 149.617349
1 1.618270 1.000000 1.541656 0.029513 0.018759 0.001163 32.000000 0.000000 0.000000 11.000000 2.000000 1.000000 139.341951
1 1.564218 1.000000 1.527791 0.014042 0.008675 0.000928 25.000000 0.000000 0.000000 1.000000 2.000000 1.000000 130.938722
1 1.495489 1.000000 1.457298 0.014864 0.009199 0.000765 23.000000 0.000000 0.000000 10.000000 2.000000 1.000000 127.477958
1 1.418109 1.000000 1.355324 0.024669 0.015648 0.000780 23.000000 0.000000 0.000000 35.000000 2.000000 1.000000 126.382891
1 1.382879 1.000000 1.347343 0.014044 0.008389 0.000903 27.000000 0.000000 0.000000 12.000000 2.000000 1.000000 132.236512
1 1.516211 1.000000 1.477695 0.015115 0.009082 0.000847 22.000000 0.000000 0.000000 4.000000 2.000000 1.000000 117.293694
1 1.592439 1.000000 1.508826 0.037061 0.019871 0.000946 25.000000 0.000000 0.000000 21.000000 2.000000 1.000000 125.418376
1 1.571072 1.000000 1.523832 0.018390 0.011347 0.000972 29.000000 0.000000 0.000000 6.000000 2.000000 1.000000 167.091364
1 1.404426 1.000000 1.343076 0.026695 0.014501 0.000830 25.000000 0.000000 0.000000 27.000000 2.000000 1.000000 126.918424
1 1.388750 1.000000 1.349913 0.015397 0.009226 0.000946 29.000000 0.000000 0.000000 5.000000 2.000000 1.000000 138.339457
1 1.448074 1.000000 1.410538 0.014605 0.008884 0.000824 22.000000 0.000000 0.000000 16.000000 2.000000 1.000000 121.202527
1 1.596084 1.000000 1.511865 0.031809 0.021248 0.000953 26.000000 0.000000 0.000000 19.000000 2.000000 1.000000 126.979223
1 1.562869 1.000000 1.523736 0.015522 0.009208 0.000862 23.000000 0.000000 0.000000 5.000000 2.000000 1.000000 125.165705
1 1.401861 1.000000 1.361343 0.016173 0.009757 0.000809 24.000000 0.000000 0.000000 11.000000 2.000000 1.000000 128.391350
1 1.384400 1.000000 1.345157 0.015772 0.009330 0.000753 23.000000 0.000000 0.000000 10.000000 2.000000 1.000000 130.362735
1 1.393908 1.000000 1.353960 0.014992 0.009478 0.000810 25.000000 0.000000 0.000000 11.000000 2.000000 1.000000 135.686574
1 1.577912 1.000000 1.540312 0.015001 0.009082 0.000990 26.000000 0.000000 0.000000 6.000000 2.000000 1.000000 129.032313
1 1.562939 1.000000 1.521420 0.016918 0.009436 0.000926 24.000000 0.000000 0.000000 3.000000 2.000000 1.000000 127.268317
1 1.486288 1.000000 1.438188 0.019645 0.011487 0.000875 27.000000 0.000000 0.000000 11.000000 2.000000 1.000000 129.073517
1 1.384802 1.000000 1.339921 0.018236 0.010911 0.000734 22.000000 0.000000 0.000000 15.000000 2.000000 1.000000 122.200315
1 1.395317 1.000000 1.362025 0.012909 0.007902 0.000701 21.000000 0.000000 0.000000 7.000000 2.000000 1.000000 121.179039
1 1.491356 1.000000 1.450210 0.016126 0.009938 0.000999 26.000000 0.000000 0.000000 5.000000 2.000000 1.000000 130.855172
1 1.559921 1.000000 1.518555 0.017974 0.009282 0.000930 25.000000 0.000000 0.000000 7.000000 2.000000 1.000000 117.859195
1 1.681135 1.000000 1.647406 0.012748 0.008125 0.000810 20.000000 0.000000 0.000000 0.000000 2.000000 1.000000 127.328929
1 3.219673 1.000000 3.147325 0.026815 0.018107 0.001729 23.000000 0.000000 0.000000 2.000000 2.000000 1.000000 116.083271
1 1.967580 1.000000 1.927246 0.016134 0.009238 0.001090 25.000000 0.000000 0.000000 2.000000 2.000000 1.000000 115.872563
1 1.327739 1.000000 1.275263 0.022241 0.012320 0.000833 26.000000 0.000000 0.000000 9.000000 2.000000 1.000000 188.187284
1 1.296492 1.000000 1.264206 0.012592 0.007843 0.000746 23.000000 0.000000 0.000000 2.000000 2.000000 1.000000 133.430392
1 1.296319 1.000000 1.263057 0.013479 0.007792 0.000744 23.000000 0.000000 0.000000 6.000000 2.000000 1.000000 126.967702
1 1.380139 1.000000 1.268324 0.048607 0.026491 0.001077 34.000000 0.000000 0.000000 30.000000 2.000000 1.000000 190.593932
1 1.325453 1.000000 1.282795 0.017253 0.010336 0.000893 26.000000 0.000000 0.000000 11.000000 2.000000 1.000000 126.585619
1 1.372067 1.000000 1.309143 0.024355 0.015002 0.001027 30.000000 0.000000 0.000000 19.000000 2.000000 1.000000 122.092874
1 1.332465 1.000000 1.292748 0.014702 0.009655 0.000807 25.000000 0.000000 0.000000 9.000000 2.000000 1.000000 129.686272
1 1.316254 1.000000 1.286626 0.012143 0.006711 0.000825 25.000000 0.000000 0.000000 3.000000 2.000000 1.000000 136.473394
1 1.348930 1.000000 1.294337 0.020697 0.014000 0.000833 26.000000 0.000000 0.000000 23.000000 2.000000 1.000000 142.419155
1 1.312373 1.000000 1.282255 0.012659 0.006794 0.000898 29.000000 0.000000 0.000000 9.000000 2.000000 1.000000 127.938734
1 1.319216 1.000000 1.282493 0.014411 0.008798 0.000728 21.000000 0.000000 0.000000 11.000000 2.000000 1.000000 122.870047
1 1.330882 1.000000 1.291118 0.015429 0.009432 0.000739 21.000000 0.000000 0.000000 7.000000 2.000000 1.000000 120.951176
1 1.311097 1.000000 1.268502 0.016549 0.010297 0.000967 29.000000 0.000000 0.000000 7.000000 2.000000 1.000000 147.075484
1 1.375340 1.000000 1.306834 0.025720 0.016760 0.000839 25.000000 0.000000 0.000000 11.000000 2.000000 1.000000 140.556815
1 1.338769 1.000000 1.293994 0.016666 0.011002 0.000891 28.000000 0.000000 0.000000 5.000000 2.000000 1.000000 130.821191
1 1.367326 1.000000 1.334201 0.013007 0.008149 0.000746 22.000000 0.000000 0.000000 0.000000 2.000000 1.000000 128.435684
1 1.328117 1.000000 1.294531 0.012888 0.008007 0.000772 25.000000 0.000000 0.000000 5.000000 2.000000 1.000000 117.725709
1 1.340386 1.000000 1.292178 0.018353 0.011472 0.001028 31.000000 0.000000 0.000000 8.000000 2.000000 1.000000 169.562427
1 1.343248 1.000000 1.285071 0.025210 0.013797 0.000883 26.000000 0.000000 0.000000 30.000000 2.000000 1.000000 161.308031
1 1.318911 1.000000 1.278793 0.015895 0.009230 0.000881 27.000000 0.000000 0.000000 12.000000 2.000000 1.000000 136.875527
1 1.360406 1.000000 1.311966 0.019168 0.012165 0.000898 27.000000 0.000000 0.000000 29.000000 2.000000 1.000000 131.849675
1 1.333591 1.000000 1.295948 0.014585 0.008925 0.000814 24.000000 0.000000 0.000000 10.000000 2.000000 1.000000 110.579273
1 1.445483 1.000000 1.339332 0.038913 0.026660 0.001114 33.000000 0.000000 0.000000 28.000000 2.000000 1.000000 170.983714
1 1.376148 1.000000 1.340392 0.014120 0.008368 0.000875 26.000000 0.000000 0.000000 4.000000 2.000000 1.000000 135.760592
1 1.447003 1.000000 1.367765 0.033819 0.018791 0.001090 32.000000 0.000000 0.000000 29.000000 2.000000 1.000000 166.465580
1 1.431269 2.000000 1.317341 0.040481 0.024297 0.018523 54.000000 0.000000 0.000000 30.000000 2.000000 1.000000 149.293199
1 1.375809 2.000000 1.293817 0.029236 0.017255 0.014015 44.000000 0.000000 0.000000 8.000000 2.000000 1.000000 139.922003
1 1.395474 2.000000 1.290905 0.033541 0.020725 0.023727 45.000000 0.000000 0.000000 9.000000 2.000000 1.000000 129.610696
1 1.522226 2.000000 1.332381 0.066835 0.040327 0.033453 57.000000 0.000000 0.000000 33.000000 2.000000 1.000000 161.197573
1 1.442594 2.000000 1.360948 0.026869 0.014206 0.023845 46.000000 0.000000 0.000000 6.000000 2.000000 1.000000 135.341852
1 1.881525 2.000000 1.700699 0.066878 0.037307 0.028701 48.000000 0.000000 0.000000 18.000000 2.000000 1.000000 155.058754
1 2.958477 2.000000 2.731759 0.089557 0.046514 0.034499 47.000000 0.000000 0.000000 15.000000 2.000000 1.000000 151.018755
1 1.776676 2.000000 1.663969 0.037841 0.022103 0.024290 59.000000 0.000000 0.000000 9.000000 2.000000 1.000000 178.112093
1 1.709405 2.000000 1.532704 0.053209 0.030603 0.057498 51.000000 0.000000 0.000000 26.000000 2.000000 1.000000 158.753169
1 1.678810 2.000000 1.415589 0.076193 0.046421 0.081670 66.000000 0.000000 6.000000 41.000000 2.000000 1.000000 204.527280
1 1.416533 2.000000 1.334303 0.027565 0.016012 0.019001 45.000000 0.000000 0.000000 5.000000 2.000000 1.000000 132.340642
1 1.570496 2.000000 1.382424 0.070819 0.041311 0.027212 68.000000 0.000000 0.000000 24.000000 2.000000 1.000000 198.941795
1 1.598088 2.000000 1.507542 0.029995 0.016790 0.022774 51.000000 0.000000 0.000000 1.000000 2.000000 1.000000 150.042172
1 1.655846 2.000000 1.505889 0.058769 0.031270 0.021130 52.000000 0.000000 0.000000 38.000000 2.000000 1.000000 175.065541
1 3.064301 2.000000 2.696857 0.141403 0.087087 0.026811 41.000000 0.000000 0.000000 32.000000 2.000000 1.000000 120.169878
1 3.022523 2.000000 2.859633 0.053528 0.031859 0.038714 44.000000 0.000000 0.000000 7.000000 2.000000 1.000000 124.480457
1 2.662140 2.000000 2.518246 0.046193 0.026137 0.037231 50.000000 0.000000 0.000000 9.000000 2.000000 1.000000 180.877091
1 1.799319 2.000000 1.665555 0.049108 0.028682 0.022257 53.000000 0.000000 0.000000 20.000000 2.000000 1.000000 149.056341
1 1.646602 2.000000 1.531123 0.040782 0.022300 0.026336 47.000000 0.000000 0.000000 12.000000 2.000000 1.000000 147.724791
1 1.471386 2.000000 1.349901 0.037886 0.020973 0.037431 52.000000 0.000000 0.000000 12.000000 2.000000 1.000000 135.673330
1 1.509143 2.000000 1.351935 0.055873 0.029519 0.037101 57.000000 0.000000 0.000000 23.000000 2.000000 1.000000 167.447088
1 1.496809 2.000000 1.399259 0.033723 0.019049 0.020941 48.000000 0.000000 3.000000 7.000000 2.000000 1.000000 131.402306
1 1.633501 2.000000 1.505915 0.046626 0.026443 0.022697 50.000000 0.000000 0.000000 16.000000 2.000000 1.000000 165.055830
1 1.635793 2.000000 1.533146 0.036170 0.020387 0.018265 44.000000 0.000000 0.000000 7.000000 2.000000 1.000000 138.805084
1 1.506682 2.000000 1.383002 0.042993 0.027490 0.019121 41.000000 0.000000 0.000000 24.000000 2.000000 1.000000 110.789366
1 1.464211 2.000000 1.343708 0.039936 0.022591 0.030305 58.000000 0.000000 0.000000 12.000000 2.000000 1.000000 160.377415
1 1.561991 2.000000 1.419286 0.050369 0.030433 0.022658 58.000000 0.000000 0.000000 21.000000 2.000000 1.000000 150.103880
1 1.661508 2.000000 1.536220 0.047198 0.025441 0.021913 54.000000 0.000000 0.000000 25.000000 2.000000 1.000000 152.225854
1 1.622058 2.000000 1.521007 0.035377 0.020088 0.023899 42.000000 0.000000 0.000000 13.000000 2.000000 1.000000 123.404084
1 1.493414 2.000000 1.342588 0.049283 0.025939 0.041491 63.000000 0.000000 0.000000 19.000000 2.000000 1.000000 244.202337
1 1.452914 2.000000 1.360340 0.036597 0.019196 0.013433 45.000000 0.000000 0.000000 18.000000 2.000000 1.000000 135.928712
1 1.525508 2.000000 1.389793 0.049317 0.029322 0.022185 56.000000 0.000000 5.000000 11.000000 2.000000 1.000000 169.144232
1 1.652269 2.000000 1.511581 0.055885 0.030859 0.016412 49.000000 0.000000 0.000000 28.000000 2.000000 1.000000 138.318380
1 1.622361 2.000000 1.499920 0.039017 0.022413 0.031065 44.000000 0.000000 2.000000 5.000000 2.000000 1.000000 144.555713
1 3.262747 2.000000 3.048847 0.075331 0.042829 0.040707 47.000000 0.000000 0.000000 11.000000 2.000000 1.000000 165.568296
1 3.000363 2.000000 2.808041 0.073169 0.040884 0.026673 52.000000 0.000000 0.000000 10.000000 2.000000 1.000000 162.378689
1 2.843307 2.000000 2.385383 0.135939 0.076816 0.147688 82.000000 0.000000 7.000000 85.000000 2.000000 1.000000 198.901444
1 1.853175 2.000000 1.528605 0.117810 0.077735 0.029192 66.000000 0.000000 0.000000 72.000000 2.000000 1.000000 201.506610
1 1.538512 2.000000 1.464431 0.025706 0.014156 0.016530 49.000000 0.000000 0.000000 5.000000 2.000000 1.000000 147.129311
1 1.451320 2.000000 1.348499 0.036312 0.021743 0.016760 49.000000 0.000000 0.000000 18.000000 2.000000 1.000000 133.224566
1 1.461605 2.000000 1.356835 0.034696 0.018601 0.027678 48.000000 0.000000 0.000000 4.000000 2.000000 1.000000 179.171994
1 1.580796 2.000000 1.448891 0.048582 0.025410 0.027055 48.000000 0.000000 0.000000 22.000000 2.000000 1.000000 141.597554
1 1.707823 2.000000 1.488825 0.078335 0.044764 0.041289 57.000000 0.000000 0.000000 45.000000 2.000000 1.000000 190.081903
1 1.579709 2.000000 1.482953 0.032943 0.018681 0.020527 53.000000 0.000000 0.000000 8.000000 2.000000 1.000000 158.177052
1 1.436008 2.000000 1.336450 0.034433 0.020711 0.016676 49.000000 0.000000 0.000000 7.000000 2.000000 1.000000 142.790335
1 1.460033 2.000000 1.348893 0.039099 0.021562 0.025976 48.000000 0.000000 0.000000 12.000000 2.000000 1.000000 164.868179
1 1.666687 2.000000 1.450123 0.074199 0.040744 0.052042 69.000000 0.000000 12.000000 13.000000 2.000000 1.000000 210.969658
1 1.614347 2.000000 1.504788 0.040737 0.022549 0.017774 44.000000 0.000000 0.000000 12.000000 2.000000 1.000000 157.620278
1 1.627396 2.000000 1.504635 0.043877 0.027606 0.017071 51.000000 0.000000 4.000000 20.000000 2.000000 1.000000 145.113093
1 1.456785 2.000000 1.324325 0.048984 0.030645 0.014625 51.000000 0.000000 0.000000 35.000000 2.000000 1.000000 130.962764
1 1.445072 2.000000 1.326195 0.042481 0.021770 0.030899 53.000000 0.000000 0.000000 7.000000 2.000000 1.000000 157.421921
1 1.393418 2.000000 1.299934 0.035232 0.020062 0.013273 44.000000 0.000000 0.000000 19.000000 2.000000 1.000000 128.182010
1 1.456060 2.000000 1.269054 0.063532 0.035490 0.038697 54.000000 0.000000 0.000000 44.000000 2.000000 1.000000 210.486041
1 1.408475 2.000000 1.272289 0.042818 0.022806 0.043353 50.000000 0.000000 0.000000 16.000000 2.000000 1.000000 171.881570
1 1.382037 2.000000 1.252416 0.040510 0.024335 0.035255 53.000000 0.000000 3.000000 22.000000 2.000000 1.000000 143.854554
1 1.381336 2.000000 1.260628 0.039585 0.021687 0.032324 49.000000 0.000000 0.000000 15.000000 2.000000 1.000000 202.808499
1 1.385776 2.000000 1.268057 0.039171 0.024298 0.025085 53.000000 0.000000 0.000000 20.000000 2.000000 1.000000 141.027540
1 1.450966 2.000000 1.297161 0.056452 0.028555 0.039015 79.000000 0.000000 2.000000 28.000000 2.000000 1.000000 178.368892
1 1.485731 2.000000 1.287869 0.061590 0.033936 0.059351 81.000000 0.000000 0.000000 30.000000 2.000000 1.000000 208.322926
1 1.563478 2.000000 1.274322 0.095901 0.060893 0.050844 62.000000 0.000000 2.000000 87.000000 2.000000 1.000000 142.061102
1 1.688496 4.000000 1.347695 0.103997 0.051151 0.136248 89.000000 0.000000 0.000000 24.000000 2.000000 1.000000 167.852076
1 1.729498 4.000000 1.286918 0.171501 0.080210 0.106636 103.000000 0.000000 0.000000 354.000000 2.000000 1.000000 160.989025
1 1.606743 4.000000 1.293626 0.114621 0.059365 0.073270 93.000000 0.000000 0.000000 77.000000 2.000000 1.000000 175.068422
0 76.417375 4.000000 1.299785 20.147981 7.728555 1.892292 829.000000 0.000000 0.000000 87891.000000 2.000000 1.000000 -1.000000
1 6.504283 4.000000 1.251619 2.359073 0.720697 0.485497 386.000000 0.000000 5.000000 30505.000000 2.000000 1.000000 161.262049
1 1.999012 4.000000 1.304057 0.245581 0.128809 0.179726 152.000000 0.000000 52.000000 122.000000 2.000000 1.000000 199.686571
1 1.662151 4.000000 1.292297 0.136262 0.062665 0.097789 100.000000 0.000000 0.000000 45.000000 2.000000 1.000000 161.805109
1 1.685193 4.000000 1.272074 0.142554 0.067353 0.129646 103.000000 0.000000 0.000000 112.000000 2.000000 1.000000 192.213657
1 1.601894 4.000000 1.284921 0.126546 0.054781 0.080603 86.000000 0.000000 0.000000 324.000000 2.000000 1.000000 134.126501
1 2.055500 4.000000 1.293234 0.310115 0.101721 0.233018 118.000000 0.000000 0.000000 2686.000000 2.000000 1.000000 182.984861
1 1.575605 4.000000 1.276370 0.112870 0.052251 0.081920 99.000000 0.000000 0.000000 250.000000 2.000000 1.000000 160.531522
1 1.975427 4.000000 1.313596 0.277109 0.130531 0.108514 146.000000 0.000000 0.000000 156.000000 2.000000 1.000000 184.545876
1 1.685054 4.000000 1.355045 0.122396 0.060704 0.083639 111.000000 0.000000 0.000000 79.000000 2.000000 1.000000 155.605840
1 2.600851 4.000000 2.142876 0.152636 0.079241 0.143049 83.000000 0.000000 0.000000 36.000000 2.000000 1.000000 141.728525
1 5.856332 4.000000 2.356686 1.805535 0.602083 0.405617 256.000000 0.000000 0.000000 16737.000000 2.000000 1.000000 139.452857
1 1.618287 4.000000 1.327784 0.117199 0.055584 0.059460 76.000000 0.000000 0.000000 207.000000 2.000000 1.000000 149.003117
1 1.615375 4.000000 1.330692 0.102638 0.050295 0.078770 91.000000 0.000000 3.000000 42.000000 2.000000 1.000000 150.505290
1 1.798748 4.000000 1.415986 0.120735 0.059831 0.137977 100.000000 0.000000 2.000000 84.000000 2.000000 1.000000 177.500764
1 1.989036 4.000000 1.531625 0.179057 0.085550 0.093057 100.000000 0.000000 0.000000 67.000000 2.000000 1.000000 179.957225
1 2.495447 4.000000 1.411712 0.490284 0.228105 0.117232 140.000000 0.000000 32.000000 700.000000 2.000000 1.000000 157.718036
1 1.609163 4.000000 1.330720 0.087509 0.044536 0.101196 95.000000 0.000000 3.000000 30.000000 2.000000 1.000000 153.560450
1 1.678861 4.000000 1.459490 0.069123 0.035192 0.077591 78.000000 0.000000 0.000000 8.000000 2.000000 1.000000 144.756498
1 1.984577 4.000000 1.510960 0.154963 0.074882 0.164586 104.000000 0.000000 7.000000 110.000000 2.000000 1.000000 167.363586
1 8.277107 4.000000 1.402242 3.681776 0.889500 1.130137 533.000000 0.000000 0.000000 42148.000000 2.000000 1.000000 179.262562
1 3.702465 4.000000 1.386530 1.166490 0.462830 0.073515 101.000000 0.000000 0.000000 749.000000 2.000000 1.000000 171.103254
1 2.370573 4.000000 1.421019 0.250238 0.126718 0.439191 149.000000 0.000000 9.000000 113.000000 2.000000 1.000000 201.678223
1 1.915008 4.000000 1.507629 0.164660 0.072536 0.096131 84.000000 0.000000 0.000000 427.000000 2.000000 1.000000 164.847561
1 1.688091 4.000000 1.381976 0.115531 0.060173 0.065577 82.000000 0.000000 13.000000 54.000000 2.000000 1.000000 131.667915
1 1.923668 4.000000 1.341986 0.216892 0.102767 0.154295 109.000000 0.000000 0.000000 146.000000 2.000000 1.000000 239.543620
1 1.901640 4.000000 1.477421 0.138046 0.066357 0.148342 101.000000 0.000000 1.000000 67.000000 2.000000 1.000000 168.300530
1 1.848646 4.000000 1.528498 0.113672 0.057426 0.090287 96.000000 0.000000 0.000000 45.000000 2.000000 1.000000 155.909238
1 3.311481 4.000000 2.560904 0.282017 0.127260 0.199832 82.000000 0.000000 0.000000 180.000000 2.000000 1.000000 145.057989
1 7.142870 4.000000 2.790868 2.332295 0.791917 0.346199 218.000000 0.000000 0.000000 11828.000000 2.000000 1.000000 204.996124
1 2.020390 4.000000 1.495103 0.204538 0.097410 0.115420 120.000000 0.000000 21.000000 72.000000 2.000000 1.000000 263.927008
1 1.568199 4.000000 1.347636 0.071731 0.035553 0.076084 82.000000 0.000000 0.000000 12.000000 2.000000 1.000000 181.044401
1 2.134721 4.000000 1.337712 0.150822 0.078608 0.485296 130.000000 0.000000 21.000000 85.000000 2.000000 1.000000 275.376074
1 1.991674 4.000000 1.542323 0.143429 0.071113 0.156182 110.000000 0.000000 0.000000 51.000000 2.000000 1.000000 194.125239
1 1.826902 4.000000 1.521078 0.110839 0.053867 0.082465 86.000000 0.000000 4.000000 32.000000 2.000000 1.000000 147.655562
1 1.569716 4.000000 1.343992 0.077131 0.037448 0.074477 81.000000 0.000000 0.000000 33.000000 2.000000 1.000000 131.893325
1 1.919649 4.000000 1.314601 0.186517 0.088738 0.232120 138.000000 0.000000 11.000000 248.000000 2.000000 1.000000 221.495314
1 1.889759 4.000000 1.460468 0.137286 0.073329 0.141213 104.000000 0.000000 0.000000 52.000000 2.000000 1.000000 173.721833
1 1.881173 4.000000 1.504188 0.131279 0.064711 0.110450 104.000000 0.000000 3.000000 59.000000 2.000000 1.000000 154.107089
1 3.227985 4.000000 2.576945 0.259562 0.128610 0.119308 78.000000 0.000000 0.000000 46.000000 2.000000 1.000000 142.009088
1 3.765860 4.000000 2.895265 0.354282 0.179311 0.134073 103.000000 0.000000 0.000000 121.000000 2.000000 1.000000 139.305040
1 2.637605 4.000000 2.210122 0.116610 0.056918 0.194649 96.000000 0.000000 0.000000 25.000000 2.000000 1.000000 158.876117
1 2.470143 4.000000 1.774974 0.229962 0.105873 0.251847 122.000000 0.000000 2.000000 284.000000 2.000000 1.000000 224.332437
1 3.391240 4.000000 1.756778 0.587003 0.224925 0.549053 190.000000 0.000000 0.000000 2901.000000 2.000000 1.000000 190.756331
1 2.237670 4.000000 1.775454 0.166807 0.077496 0.136272 95.000000 0.000000 0.000000 67.000000 2.000000 1.000000 202.465171
1 2.065861 4.000000 1.733858 0.105296 0.054070 0.119703 93.000000 0.000000 0.000000 32.000000 2.000000 1.000000 146.506338
1 1.986695 4.000000 1.690632 0.104917 0.050334 0.090151 80.000000 0.000000 0.000000 84.000000 2.000000 1.000000 161.947761
1 2.427975 4.000000 1.736439 0.264699 0.130455 0.152092 131.000000 0.000000 13.000000 136.000000 2.000000 1.000000 173.089183
1 2.069184 4.000000 1.709116 0.130567 0.058653 0.110335 86.000000 0.000000 0.000000 195.000000 2.000000 1.000000 178.146340
1 7.313436 4.000000 1.745445 2.844158 0.768670 0.763046 366.000000 0.000000 14.000000 26292.000000 2.000000 1.000000 149.596489
1 1.547121 4.000000 1.303210 0.090616 0.042305 0.067736 87.000000 0.000000 0.000000 72.000000 2.000000 1.000000 173.150664
1 1.498644 4.000000 1.286453 0.070233 0.035001 0.072375 79.000000 0.000000 0.000000 61.000000 2.000000 1.000000 145.021284
1 1.752906 4.000000 1.294292 0.158724 0.069979 0.151024 102.000000 0.000000 0.000000 275.000000 2.000000 1.000000 224.221559
1 1.717502 4.000000 1.288148 0.173561 0.085811 0.076145 118.000000 0.000000 0.000000 58.000000 2.000000 1.000000 220.398251
1 1.688473 4.000000 1.272068 0.173578 0.073329 0.087510 111.000000 0.000000 0.000000 485.000000 2.000000 1.000000 193.634071
1 1.461265 4.000000 1.274877 0.065437 0.032429 0.057133 76.000000 0.000000 0.000000 23.000000 2.000000 1.000000 139.797514
1 16.532837 4.000000 1.247997 3.080051 1.292965 0.114687 126.000000 0.000000 0.000000 4166.000000 2.000000 1.000000 196.004873
1 1.965529 6.000000 1.277324 0.254886 0.122772 0.183043 145.000000 0.000000 3.000000 85.000000 2.000000 1.000000 204.871913
1 2.177163 6.000000 1.251236 0.269390 0.125111 0.401421 153.000000 0.000000 0.000000 552.000000 2.000000 1.000000 155.933374
1 3.385608 6.000000 1.282505 0.477783 0.172408 1.240105 154.000000 0.000000 0.000000 2170.000000 2.000000 1.000000 152.189805
1 1.862566 6.000000 1.248160 0.212233 0.101069 0.204385 130.000000 0.000000 2.000000 455.000000 2.000000 1.000000 179.442212
1 2.405485 6.000000 1.306350 0.300580 0.166334 0.465181 188.000000 0.000000 5.000000 134.000000 2.000000 1.000000 179.997223
1 2.612617 6.000000 1.327403 0.386815 0.178442 0.538448 203.000000 0.000000 49.000000 917.000000 2.000000 1.000000 237.461667
1 6.617820 6.000000 1.264593 0.777376 0.397923 3.793091 190.000000 0.000000 117.000000 1402.000000 2.000000 1.000000 204.401068
1 2.488312 6.000000 1.330336 0.504886 0.237158 0.173413 128.000000 0.000000 0.000000 1204.000000 2.000000 1.000000 162.021267
1 2.048474 6.000000 1.287523 0.286762 0.130065 0.215273 116.000000 0.000000 0.000000 723.000000 2.000000 1.000000 150.690987
1 2.660008 6.000000 1.290918 0.592061 0.225285 0.293863 144.000000 0.000000 0.000000 2739.000000 2.000000 1.000000 161.836884
1 2.145052 6.000000 1.346352 0.273968 0.152520 0.221009 152.000000 0.000000 4.000000 103.000000 2.000000 1.000000 160.181451
1 19.864408 6.000000 2.456612 0.181706 0.095434 17.042908 136.000000 0.000000 5.000000 41.000000 2.000000 1.000000 203.546995
1 2.538922 6.000000 1.302994 0.393468 0.201426 0.433906 201.000000 0.000000 0.000000 267.000000 2.000000 1.000000 249.899613
1 2.458957 6.000000 1.271087 0.455803 0.241260 0.263097 156.000000 0.000000 3.000000 575.000000 2.000000 1.000000 183.842750
1 2.285643 6.000000 1.336529 0.360648 0.156389 0.271415 113.000000 0.000000 0.000000 1331.000000 2.000000 1.000000 140.799403
1 4.293295 6.000000 1.986048 0.846368 0.425003 0.607164 172.000000 0.000000 0.000000 362.000000 2.000000 1.000000 237.917437
1 8.924083 6.000000 1.660297 0.612324 0.299117 6.023130 253.000000 0.000000 25.000000 148.000000 2.000000 1.000000 374.918755
1 20.173115 6.000000 1.320200 0.465347 0.254071 17.869224 259.000000 0.000000 58.000000 374.000000 2.000000 1.000000 203.817912
1 1.892955 6.000000 1.313124 0.156006 0.084033 0.254191 135.000000 0.000000 0.000000 40.000000 2.000000 1.000000 206.291237
1 4.407368 6.000000 1.307214 0.302854 0.159998 2.476954 211.000000 0.000000 0.000000 121.000000 2.000000 1.000000 291.501862
1 11.568569 6.000000 1.296601 3.939026 1.801327 0.369619 278.000000 0.000000 14.000000 1476.000000 2.000000 1.000000 202.620658
1 1.838258 6.000000 1.293841 0.175217 0.094655 0.180317 130.000000 0.000000 5.000000 57.000000 2.000000 1.000000 164.193212
1 2.340762 6.000000 1.311734 0.234537 0.119011 0.554645 158.000000 0.000000 4.000000 250.000000 2.000000 1.000000 224.520758
1 2.293227 6.000000 1.284516 0.347773 0.181908 0.285574 199.000000 0.000000 0.000000 212.000000 2.000000 1.000000 213.789608
1 1.954253 6.000000 1.315120 0.194972 0.099635 0.243541 145.000000 0.000000 0.000000 62.000000 2.000000 1.000000 215.109200
1 1.874603 6.000000 1.302751 0.183034 0.098658 0.184779 125.000000 0.000000 2.000000 170.000000 2.000000 1.000000 163.149716
1 9.033703 6.000000 1.303334 2.639774 1.064794 0.621014 178.000000 0.000000 2.000000 7631.000000 2.000000 1.000000 173.188266
1 2.720290 6.000000 1.609606 0.343948 0.177849 0.412316 128.000000 0.000000 0.000000 166.000000 2.000000 1.000000 160.669553
1 4.566823 6.000000 2.578726 0.858767 0.345388 0.393596 186.000000 0.000000 11.000000 2423.000000 2.000000 1.000000 192.927909
1 2.569501 6.000000 1.770718 0.258176 0.137838 0.270921 122.000000 0.000000 12.000000 166.000000 2.000000 1.000000 151.405772
1 2.485004 6.000000 1.758368 0.224791 0.116595 0.264865 138.000000 0.000000 0.000000 67.000000 2.000000 1.000000 178.909211
1 4.135736 6.000000 1.771335 1.024633 0.537169 0.291163 152.000000 0.000000 264.000000 1019.000000 2.000000 1.000000 185.557581
1 2.032877 6.000000 1.346302 0.168628 0.095283 0.324980 141.000000 0.000000 3.000000 72.000000 2.000000 1.000000 185.510985
1 1.871410 6.000000 1.343442 0.177005 0.094874 0.162090 134.000000 0.000000 0.000000 81.000000 2.000000 1.000000 164.573107
1 6.222961 6.000000 2.707082 1.725815 0.404527 0.667447 223.000000 0.000000 3.000000 8602.000000 2.000000 1.000000 188.937711
1 17.414347 6.000000 1.556036 6.415567 1.304925 3.086673 509.000000 0.000000 0.000000 40412.000000 2.000000 1.000000 158.914775
1 2.036462 6.000000 1.355342 0.214338 0.112354 0.240373 170.000000 0.000000 7.000000 53.000000 2.000000 1.000000 224.753366
1 1.838919 6.000000 1.337171 0.137110 0.072862 0.228178 130.000000 0.000000 0.000000 69.000000 2.000000 1.000000 157.570927
1 2.067659 6.000000 1.298400 0.252981 0.127980 0.254065 145.000000 0.000000 5.000000 246.000000 2.000000 1.000000 184.078113
1 1.592398 6.000000 1.292967 0.080939 0.043319 0.133976 109.000000 0.000000 0.000000 28.000000 2.000000 1.000000 135.443499
1 2.551042 6.000000 1.362869 0.360056 0.188127 0.456289 213.000000 0.000000 31.000000 154.000000 2.000000 1.000000 214.629603
1 2.315075 6.000000 1.357728 0.297636 0.148201 0.364834 151.000000 0.000000 4.000000 198.000000 2.000000 1.000000 176.948739
1 3.568901 6.000000 2.683924 0.229714 0.122414 0.419379 128.000000 0.000000 2.000000 46.000000 2.000000 1.000000 194.689367
1 4.350652 6.000000 1.762422 1.028571 0.488442 0.549740 277.000000 0.000000 4.000000 1043.000000 2.000000 1.000000 268.720173
1 2.226457 6.000000 1.359561 0.353891 0.150063 0.206418 134.000000 0.000000 0.000000 820.000000 2.000000 1.000000 166.452524
1 2.023893 6.000000 1.435851 0.173151 0.093966 0.224256 136.000000 0.000000 5.000000 49.000000 2.000000 1.000000 171.524230
1 2.398006 6.000000 1.539353 0.319581 0.158683 0.223465 153.000000 0.000000 2.000000 50.000000 2.000000 1.000000 243.612380
1 2.296467 6.000000 1.345623 0.255984 0.133642 0.426101 153.000000 0.000000 0.000000 219.000000 2.000000 1.000000 153.025794
1 2.042106 6.000000 1.372279 0.248142 0.122610 0.175365 138.000000 0.000000 1.000000 177.000000 2.000000 1.000000 196.583376
1 3.948485 6.000000 1.313700 0.438716 0.256062 1.688553 255.000000 0.000000 70.000000 201.000000 2.000000 1.000000 207.999003
1 2.339583 6.000000 1.351197 0.372431 0.159124 0.282143 140.000000 0.000000 13.000000 1182.000000 2.000000 1.000000 145.860643
1 4.394073 6.000000 1.476939 1.005431 0.524928 0.817916 241.000000 0.000000 0.000000 406.000000 2.000000 1.000000 247.083767
1 2.525091 6.000000 1.936994 0.190702 0.100871 0.195942 124.000000 0.000000 0.000000 58.000000 2.000000 1.000000 199.695248
1 2.584503 6.000000 1.768711 0.285105 0.133295 0.268704 155.000000 0.000000 9.000000 431.000000 2.000000 1.000000 203.725439
0 76.393128 6.000000 1.357110 20.366027 5.002739 11.818264 1373.000000 0.000000 0.000000 150598.000000 2.000000 1.000000 -1.000000
1 2.228888 6.000000 1.340518 0.333506 0.163891 0.217712 184.000000 0.000000 14.000000 351.000000 2.000000 1.000000 197.385683
1 6.546410 6.000000 1.354304 0.163883 0.086464 4.900160 148.000000 0.000000 8.000000 31.000000 2.000000 1.000000 212.112476
1 29.596646 6.000000 1.359635 0.760500 0.224576 26.951995 146.000000 0.000000 0.000000 2977.000000 2.000000 1.000000 174.026836
1 2.137117 6.000000 1.700067 0.122816 0.062231 0.192030 116.000000 0.000000 0.000000 30.000000 2.000000 1.000000 170.486587
1 6.042014 6.000000 1.325286 2.118971 1.169169 0.284844 150.000000 0.000000 947.000000 2329.000000 2.000000 1.000000 152.165933
1 4.960021 8.000000 1.277255 0.328695 0.178300 3.031715 198.000000 0.000000 11.000000 90.000000 2.000000 1.000000 241.774672
1 16.849441 8.000000 1.322868 1.083436 0.466875 13.495637 242.000000 0.000000 1.000000 1557.000000 2.000000 1.000000 206.968413
1 14.130201 8.000000 1.552159 1.053087 0.316457 10.703252 250.000000 0.000000 57.000000 4674.000000 2.000000 1.000000 141.040459
1 10.801017 8.000000 1.284415 0.465560 0.254981 8.591457 247.000000 0.000000 7.000000 166.000000 2.000000 1.000000 263.397978
1 5.547106 8.000000 1.296956 0.428417 0.253852 3.333180 275.000000 0.000000 45.000000 178.000000 2.000000 1.000000 233.160668
1 8.859382 8.000000 1.272859 3.075237 1.281908 1.506020 343.000000 0.000000 7.000000 9818.000000 2.000000 1.000000 204.540491
1 22.058047 8.000000 1.272276 0.377608 0.202610 20.042311 210.000000 0.000000 18.000000 234.000000 2.000000 1.000000 221.415393
1 8.371024 8.000000 1.329592 1.218351 0.469556 4.801671 306.000000 0.000000 96.000000 4539.000000 2.000000 1.000000 241.141087
0 150.934639 8.000000 1.349624 1.035600 0.319828 151.884369 99.000000 0.000000 0.000000 3897.000000 2.000000 1.000000 -1.000000
1 17.195615 8.000000 1.333480 1.119781 0.587375 13.583213 355.000000 0.000000 10.000000 637.000000 2.000000 1.000000 257.235445
0 76.730292 8.000000 1.516620 7.858257 2.696158 1.117697 225.000000 0.000000 63.000000 24922.000000 2.000000 1.000000 -1.000000
0 103.882361 8.000000 1.525147 0.330740 0.186081 101.684860 252.000000 0.000000 5.000000 77.000000 2.000000 1.000000 -1.000000
1 24.185058 8.000000 1.300962 2.125251 1.104899 18.611590 513.000000 0.000000 102.000000 1417.000000 2.000000 1.000000 413.990929
1 5.831909 8.000000 1.519096 0.809533 0.442580 2.639560 268.000000 0.000000 0.000000 223.000000 2.000000 1.000000 201.516760
1 3.504254 8.000000 1.503546 0.519374 0.291572 0.913028 246.000000 0.000000 14.000000 226.000000 2.000000 1.000000 168.467729
1 41.750645 8.000000 1.441148 0.496358 0.233668 39.344832 198.000000 0.000000 2.000000 836.000000 2.000000 1.000000 219.057054
1 4.231132 8.000000 1.306427 0.825560 0.455554 1.204857 340.000000 0.000000 65.000000 403.000000 2.000000 1.000000 302.465346
0 90.852685 8.000000 1.279005 0.166181 0.090096 89.305353 123.000000 0.000000 0.000000 90.000000 2.000000 1.000000 -1.000000
1 5.143863 8.000000 1.269855 0.296786 0.165343 3.262521 215.000000 0.000000 24.000000 71.000000 2.000000 1.000000 197.119389
1 4.097506 8.000000 1.304230 0.494899 0.275083 1.788323 295.000000 0.000000 9.000000 167.000000 2.000000 1.000000 178.664218
1 6.473558 8.000000 1.341807 0.512638 0.272425 4.108341 163.000000 0.000000 27.000000 295.000000 2.000000 1.000000 159.265175
0 77.633302 8.000000 2.589888 15.010249 6.562103 44.050651 291.000000 0.000000 652.000000 41246.000000 2.000000 1.000000 -1.000000
1 3.299152 8.000000 1.416429 0.503149 0.260829 0.885666 230.000000 0.000000 13.000000 494.000000 2.000000 1.000000 207.717329
1 54.924746 8.000000 1.282274 1.448488 0.773609 50.722687 522.000000 0.000000 145.000000 1072.000000 2.000000 1.000000 311.920500
1 7.025117 8.000000 1.369892 1.787973 0.866368 2.187034 348.000000 0.000000 23.000000 2565.000000 2.000000 1.000000 290.191108
1 4.048172 8.000000 1.358298 0.800189 0.398844 1.118856 195.000000 0.000000 0.000000 1121.000000 2.000000 1.000000 167.440340
1 8.271717 8.000000 1.520723 0.957379 0.456599 4.903732 184.000000 0.000000 4.000000 1862.000000 2.000000 1.000000 212.955274
1 36.699577 8.000000 1.273074 0.607344 0.339617 34.182293 350.000000 0.000000 60.000000 157.000000 2.000000 1.000000 312.722740
1 3.361368 8.000000 1.845665 0.410793 0.225089 0.670728 225.000000 0.000000 20.000000 237.000000 2.000000 1.000000 227.745349
1 6.084703 8.000000 1.307216 1.690033 0.609619 1.699376 312.000000 0.000000 39.000000 7045.000000 2.000000 1.000000 239.028220
1 41.076928 8.000000 1.268189 0.390647 0.219208 38.991239 240.000000 0.000000 12.000000 164.000000 2.000000 1.000000 199.298300
1 35.444410 8.000000 1.358075 0.440153 0.241944 33.190858 246.000000 0.000000 8.000000 154.000000 2.000000 1.000000 193.430145
1 4.101707 8.000000 1.383528 0.622084 0.355519 1.423898 270.000000 0.000000 130.000000 255.000000 2.000000 1.000000 180.672849
1 47.250472 8.000000 1.498840 0.468606 0.246668 44.808268 210.000000 0.000000 4.000000 139.000000 2.000000 1.000000 210.931023
1 3.281433 8.000000 1.396989 0.421741 0.233031 1.022896 222.000000 0.000000 0.000000 112.000000 2.000000 1.000000 224.377980
1 4.462185 8.000000 1.506349 0.521574 0.265635 1.961232 251.000000 0.000000 18.000000 604.000000 2.000000 1.000000 199.495210
1 4.118811 8.000000 1.321694 0.319184 0.177959 2.131557 227.000000 0.000000 11.000000 83.000000 2.000000 1.000000 228.419987
1 9.795631 8.000000 1.305651 0.222205 0.126670 8.032073 172.000000 0.000000 23.000000 95.000000 2.000000 1.000000 155.377173
1 4.102357 8.000000 1.241170 0.924315 0.496620 0.958587 335.000000 0.000000 8.000000 937.000000 2.000000 1.000000 220.959629
1 2.411734 8.000000 1.292239 0.260810 0.138689 0.588115 165.000000 0.000000 0.000000 189.000000 2.000000 1.000000 167.865413
1 23.379389 8.000000 1.354474 1.189844 0.624779 19.643521 316.000000 0.000000 4.000000 693.000000 2.000000 1.000000 244.173151
1 22.852852 8.000000 2.619106 0.859889 0.443615 18.529410 276.000000 0.000000 15.000000 501.000000 2.000000 1.000000 224.226229
1 65.793613 8.000000 1.356380 0.609823 0.333109 63.183799 274.000000 0.000000 7.000000 175.000000 2.000000 1.000000 258.981765
1 11.924910 8.000000 1.322500 0.296410 0.174832 9.977038 230.000000 0.000000 7.000000 82.000000 2.000000 1.000000 195.847318
1 29.441932 8.000000 1.296495 9.377458 4.641513 3.783668 170.000000 0.000000 0.000000 6511.000000 2.000000 1.000000 204.041410
1 3.210823 8.000000 1.269675 0.310770 0.173899 1.310560 238.000000 0.000000 9.000000 126.000000 2.000000 1.000000 166.167012
1 3.525220 8.000000 1.270905 0.481408 0.262424 1.269239 270.000000 0.000000 13.000000 180.000000 2.000000 1.000000 214.007613
1 9.585893 8.000000 1.288995 1.412723 0.726265 7.900090 201.000000 0.000000 36.000000 2655.000000 2.000000 1.000000 155.303401
1 2.399850 8.000000 1.278739 0.346455 0.194943 0.399711 200.000000 0.000000 0.000000 144.000000 2.000000 1.000000 145.819175
1 33.808218 8.000000 1.340388 0.951012 0.516042 30.518694 301.000000 0.000000 73.000000 377.000000 2.000000 1.000000 252.498921
1 13.605858 8.000000 1.284925 0.572503 0.292506 11.237941 262.000000 0.000000 37.000000 632.000000 2.000000 1.000000 245.785403
0 122.818671 8.000000 1.294608 0.240708 0.136829 121.047803 151.000000 0.000000 12.000000 79.000000 2.000000 1.000000 -1.000000
1 3.501151 8.000000 1.278501 0.204541 0.110459 1.813315 154.000000 0.000000 0.000000 126.000000 2.000000 1.000000 166.936530
1 2.446063 8.000000 1.273313 0.232623 0.132614 0.688783 161.000000 0.000000 13.000000 92.000000 2.000000 1.000000 149.361120
1 8.463753 8.000000 1.273668 2.058286 0.724799 3.324868 317.000000 0.000000 63.000000 10065.000000 2.000000 1.000000 189.065185
1 39.013756 8.000000 1.289650 1.595213 0.586699 34.787251 330.000000 0.000000 31.000000 5561.000000 2.000000 1.000000 240.974637
1 3.287352 8.000000 1.563927 0.337568 0.189794 1.030182 199.000000 0.000000 5.000000 102.000000 2.000000 1.000000 166.481912
1 5.570002 8.000000 1.430065 0.813793 0.442378 2.479361 328.000000 0.000000 59.000000 766.000000 2.000000 1.000000 203.032743
0 76.558399 8.000000 1.291527 0.270314 0.153638 74.726305 167.000000 0.000000 3.000000 89.000000 2.000000 1.000000 -1.000000
1 52.411861 8.000000 1.313201 0.611390 0.343394 49.841306 313.000000 0.000000 9.000000 185.000000 2.000000 1.000000 264.668140
1 51.234638 10.000000 1.274507 1.019359 0.557008 47.920604 410.000000 0.000000 72.000000 862.000000 2.000000 1.000000 286.181384
1 48.241515 10.000000 1.310871 1.699745 0.949831 46.967995 469.000000 0.000000 9.000000 729.000000 2.000000 1.000000 240.764064
0 92.436241 10.000000 1.480004 0.429805 0.260572 90.079626 231.000000 0.000000 90.000000 99.000000 2.000000 1.000000 -1.000000
0 77.437976 10.000000 1.948494 2.527553 0.892454 70.923580 70.000000 0.000000 0.000000 7500.000000 2.000000 1.000000 -1.000000
0 117.997144 10.000000 1.274121 0.947472 0.491588 114.885813 289.000000 0.000000 13.000000 1274.000000 2.000000 1.000000 -1.000000
0 285.677544 10.000000 1.346291 0.312629 0.190883 283.720275 215.000000 0.000000 0.000000 85.000000 2.000000 1.000000 -1.000000
0 140.848713 10.000000 1.327935 0.205184 0.124442 139.109735 138.000000 0.000000 1.000000 95.000000 2.000000 1.000000 -1.000000
0 490.087128 10.000000 1.337715 0.287601 0.164495 493.812821 168.000000 0.000000 3.000000 89.000000 2.000000 1.000000 -1.000000
0 398.257075 10.000000 1.386239 0.303100 0.177899 396.308000 238.000000 0.000000 12.000000 80.000000 2.000000 1.000000 -1.000000
0 312.672820 10.000000 1.313710 0.924724 0.389677 309.651316 206.000000 0.000000 6.000000 2589.000000 2.000000 1.000000 -1.000000
0 137.935842 10.000000 1.244255 0.416233 0.211334 135.878284 169.000000 0.000000 19.000000 771.000000 2.000000 1.000000 -1.000000
1 31.169687 10.000000 1.266891 0.378643 0.223913 29.129871 248.000000 0.000000 22.000000 73.000000 2.000000 1.000000 223.908189
0 175.478882 10.000000 1.283303 0.803304 0.435545 175.549355 358.000000 0.000000 37.000000 943.000000 2.000000 1.000000 -1.000000
0 233.555715 10.000000 1.261478 0.239993 0.142261 231.867307 151.000000 0.000000 6.000000 89.000000 2.000000 1.000000 -1.000000
1 62.378603 10.000000 1.230508 0.843376 0.463010 64.331113 429.000000 0.000000 40.000000 142.000000 2.000000 1.000000 283.946638
0 86.688682 10.000000 1.258565 0.218317 0.115303 84.999696 147.000000 0.000000 12.000000 281.000000 2.000000 1.000000 -1.000000
0 259.730089 10.000000 1.251788 0.252427 0.157108 257.954979 223.000000 0.000000 15.000000 74.000000 2.000000 1.000000 -1.000000
0 107.268616 10.000000 1.250015 0.317936 0.189057 105.375933 205.000000 0.000000 23.000000 167.000000 2.000000 1.000000 -1.000000
0 78.167767 10.000000 1.246406 0.233903 0.140291 76.722795 146.000000 0.000000 0.000000 93.000000 2.000000 1.000000 -1.000000
0 363.844282 10.000000 1.251577 0.213253 0.129417 362.184889 199.000000 0.000000 21.000000 71.000000 2.000000 1.000000 -1.000000
0 106.525630 10.000000 1.269966 0.196634 0.120477 104.868110 157.000000 0.000000 3.000000 92.000000 2.000000 1.000000 -1.000000
0 409.746922 10.000000 1.236721 0.183346 0.110655 408.354662 151.000000 0.000000 17.000000 77.000000 2.000000 1.000000 -1.000000
0 117.767810 10.000000 1.255718 0.879445 0.398589 114.854724 114.000000 0.000000 2.000000 1994.000000 2.000000 1.000000 -1.000000
0 378.426378 10.000000 1.229129 0.314516 0.139792 383.607873 127.000000 0.000000 0.000000 696.000000 2.000000 1.000000 -1.000000
0 93.968900 10.000000 1.251060 0.368639 0.220810 91.985750 239.000000 0.000000 61.000000 129.000000 2.000000 1.000000 -1.000000
0 85.366124 10.000000 1.271687 0.157530 0.099409 83.783623 112.000000 0.000000 39.000000 59.000000 2.000000 1.000000 -1.000000
0 110.752372 10.000000 1.253676 0.313004 0.184222 108.878615 184.000000 0.000000 0.000000 295.000000 2.000000 1.000000 -1.000000
0 129.280300 10.000000 1.240569 0.300996 0.176963 127.494679 209.000000 0.000000 32.000000 160.000000 2.000000 1.000000 -1.000000
0 224.858956 10.000000 1.228267 0.267870 0.161620 229.798553 211.000000 0.000000 14.000000 78.000000 2.000000 1.000000 -1.000000
0 497.560335 10.000000 1.261088 0.184787 0.107112 496.022432 111.000000 0.000000 14.000000 78.000000 2.000000 1.000000 -1.000000
0 76.437200 10.000000 1.269782 0.235046 0.139361 77.639516 181.000000 0.000000 8.000000 81.000000 2.000000 1.000000 -1.000000
0 670.707345 10.000000 1.267860 0.249206 0.158618 668.965943 177.000000 0.000000 12.000000 75.000000 2.000000 1.000000 -1.000000
0 325.603381 10.000000 1.284968 0.218767 0.131064 323.970882 171.000000 0.000000 5.000000 89.000000 2.000000 1.000000 -1.000000
1 57.304364 10.000000 1.249946 0.614909 0.353932 54.776159 293.000000 0.000000 42.000000 253.000000 2.000000 1.000000 193.095802
0 258.172517 10.000000 1.253109 0.234229 0.140128 263.320268 152.000000 0.000000 6.000000 87.000000 2.000000 1.000000 -1.000000
0 76.266411 10.000000 1.235193 2.500158 0.621376 70.742811 111.000000 0.000000 0.000000 12000.000000 2.000000 1.000000 -1.000000
0 160.448255 10.000000 1.295575 0.263895 0.148576 158.637924 151.000000 0.000000 8.000000 86.000000 2.000000 1.000000 -1.000000
1 78.241050 10.000000 1.237737 0.757329 0.425495 75.454914 347.000000 0.000000 0.000000 550.000000 2.000000 1.000000 188.879160
0 209.317424 10.000000 1.251093 0.215523 0.133002 207.615605 164.000000 0.000000 2.000000 91.000000 2.000000 1.000000 -1.000000
1 63.132695 10.000000 1.230932 1.207155 0.702442 59.375254 515.000000 0.000000 98.000000 479.000000 2.000000 1.000000 254.784413
0 169.144492 10.000000 1.251453 1.132368 0.545894 165.842351 206.000000 0.000000 3.000000 2486.000000 2.000000 1.000000 -1.000000
0 115.655869 10.000000 1.247102 0.509160 0.282844 113.387610 268.000000 0.000000 2.000000 590.000000 2.000000 1.000000 -1.000000
0 85.356472 10.000000 1.242548 0.450702 0.275152 83.155913 293.000000 0.000000 29.000000 153.000000 2.000000 1.000000 -1.000000
0 141.370686 10.000000 1.228759 0.413299 0.229399 143.114471 188.000000 0.000000 38.000000 456.000000 2.000000 1.000000 -1.000000
0 80.989071 10.000000 1.241755 2.191317 0.542850 75.911282 117.000000 0.000000 0.000000 11100.000000 2.000000 1.000000 -1.000000
1 53.882908 10.000000 1.249739 1.301397 0.657005 50.088731 347.000000 0.000000 16.000000 1713.000000 2.000000 1.000000 280.578748
0 192.692582 10.000000 1.262481 0.227446 0.137323 191.012095 156.000000 0.000000 14.000000 77.000000 2.000000 1.000000 -1.000000
0 367.663820 10.000000 1.239485 0.195577 0.122900 366.082285 135.000000 0.000000 26.000000 68.000000 2.000000 1.000000 -1.000000
0 328.580435 10.000000 1.255389 0.271251 0.158556 326.845176 229.000000 0.000000 23.000000 63.000000 2.000000 1.000000 -1.000000
0 99.121554 10.000000 1.237015 0.404375 0.244014 97.051337 289.000000 0.000000 11.000000 173.000000 2.000000 1.000000 -1.000000
0 274.734030 10.000000 1.252771 0.334976 0.168241 272.913232 199.000000 0.000000 12.000000 480.000000 2.000000 1.000000 -1.000000
0 215.717781 10.000000 1.259497 0.268428 0.157729 213.921332 260.000000 0.000000 1.000000 88.000000 2.000000 1.000000 -1.000000
0 152.144248 10.000000 1.260105 0.300813 0.181466 154.093056 240.000000 0.000000 16.000000 73.000000 2.000000 1.000000 -1.000000
0 79.932893 10.000000 1.237846 0.801379 0.436674 81.893478 403.000000 0.000000 35.000000 745.000000 2.000000 1.000000 -1.000000
0 105.220418 10.000000 1.255964 0.288166 0.161239 103.402199 144.000000 0.000000 44.000000 251.000000 2.000000 1.000000 -1.000000
0 141.752685 10.000000 1.238434 0.785240 0.214279 139.194584 114.000000 0.000000 0.000000 3696.000000 2.000000 1.000000 -1.000000
0 115.144640 10.000000 1.222559 0.207786 0.127108 113.501677 138.000000 0.000000 11.000000 83.000000 2.000000 1.000000 -1.000000
0 166.673162 10.000000 1.250518 1.411753 0.494616 166.306992 182.000000 0.000000 26.000000 5070.000000 2.000000 1.000000 -1.000000
0 96.075018 10.000000 1.266663 0.644970 0.389240 100.591276 302.000000 0.000000 16.000000 366.000000 2.000000 1.000000 -1.000000
1 16.357987 10.000000 1.224816 0.447852 0.258287 14.226864 303.000000 0.000000 14.000000 210.000000 2.000000 1.000000 199.803826
