1 1.133074 1.000000 1.070207 0.025440 0.015285 0.000152 28.000000 10.000000 0.000000 4.000000 0.000000 1.000000 149.710473
1 1.613471 1.000000 1.546680 0.028029 0.016256 0.000223 23.000000 10.000000 0.000000 3.000000 0.000000 1.000000 133.261347
1 1.853912 1.000000 1.778295 0.030094 0.018983 0.000210 23.000000 10.000000 0.000000 3.000000 0.000000 1.000000 128.916394
1 1.447430 1.000000 1.411102 0.014851 0.008613 0.000136 22.000000 10.000000 0.000000 6.000000 0.000000 1.000000 125.887381
1 1.093771 1.000000 1.025393 0.024909 0.017189 0.000128 25.000000 10.000000 0.000000 13.000000 0.000000 1.000000 117.686761
1 1.101494 1.000000 1.020372 0.031540 0.020710 0.000174 27.000000 10.000000 0.000000 15.000000 0.000000 1.000000 178.324149
1 1.074912 1.000000 1.034592 0.016155 0.009585 0.000119 22.000000 10.000000 0.000000 8.000000 0.000000 1.000000 120.551874
1 0.952677 1.000000 0.920703 0.012484 0.008009 0.000143 28.000000 10.000000 0.000000 2.000000 0.000000 1.000000 142.668626
1 1.093800 1.000000 1.004125 0.037712 0.021982 0.000147 26.000000 10.000000 0.000000 12.000000 0.000000 1.000000 157.575937
1 1.056278 1.000000 1.024054 0.013467 0.007818 0.000121 24.000000 10.000000 0.000000 7.000000 0.000000 1.000000 140.564212
1 1.050504 1.000000 1.012540 0.015867 0.008971 0.000129 24.000000 10.000000 0.000000 3.000000 0.000000 1.000000 140.698110
1 1.077138 1.000000 1.034451 0.016966 0.010158 0.000143 25.000000 10.000000 0.000000 0.000000 0.000000 1.000000 152.058735
1 1.066209 1.000000 1.036478 0.012593 0.007257 0.000135 25.000000 10.000000 0.000000 3.000000 0.000000 1.000000 135.105749
1 1.073078 1.000000 1.027138 0.018233 0.011827 0.000156 26.000000 10.000000 0.000000 2.000000 0.000000 1.000000 171.210270
1 1.670019 1.000000 1.615262 0.023049 0.013788 0.000252 22.000000 10.000000 0.000000 11.000000 0.000000 1.000000 125.546181
1 2.212285 1.000000 2.111433 0.041028 0.025020 0.000285 27.000000 10.000000 0.000000 3.000000 0.000000 1.000000 148.926625
1 2.261781 1.000000 1.902673 0.148141 0.092657 0.000261 27.000000 10.000000 0.000000 30.000000 0.000000 1.000000 142.357317
1 1.893828 1.000000 1.804054 0.035443 0.022780 0.000242 23.000000 10.000000 0.000000 3.000000 0.000000 1.000000 140.412418
1 1.219506 1.000000 1.184153 0.014614 0.008643 0.000145 27.000000 10.000000 0.000000 2.000000 0.000000 1.000000 158.165718
1 1.072507 1.000000 1.018273 0.021866 0.013157 0.000135 26.000000 10.000000 0.000000 13.000000 0.000000 1.000000 156.328719
1 1.058325 1.000000 1.012778 0.019018 0.010936 0.000105 20.000000 10.000000 0.000000 5.000000 0.000000 1.000000 123.258184
1 1.215925 1.000000 1.141557 0.029410 0.018332 0.000199 22.000000 10.000000 0.000000 4.000000 0.000000 1.000000 138.145913
1 1.942519 1.000000 1.873523 0.026585 0.016582 0.000218 23.000000 10.000000 0.000000 3.000000 0.000000 1.000000 135.994843
1 1.780625 1.000000 1.739405 0.016677 0.010018 0.000138 22.000000 10.000000 0.000000 4.000000 0.000000 1.000000 125.023174
1 1.065301 1.000000 1.022714 0.017068 0.010165 0.000113 22.000000 10.000000 0.000000 5.000000 0.000000 1.000000 122.880718
1 1.043262 1.000000 1.001418 0.016176 0.010279 0.000140 26.000000 10.000000 0.000000 4.000000 0.000000 1.000000 143.448169
1 1.051766 1.000000 0.999452 0.019186 0.013281 0.000153 29.000000 10.000000 0.000000 11.000000 0.000000 1.000000 153.332877
1 1.435974 1.000000 1.356311 0.031748 0.019865 0.000244 25.000000 10.000000 0.000000 4.000000 0.000000 1.000000 158.022903
1 1.932982 1.000000 1.821730 0.040777 0.028334 0.000218 25.000000 10.000000 0.000000 7.000000 0.000000 1.000000 165.158920
1 1.642175 1.000000 1.574794 0.026086 0.016527 0.000156 22.000000 10.000000 0.000000 6.000000 0.000000 1.000000 131.306558
1 1.193456 1.000000 1.138043 0.021989 0.013505 0.000163 28.000000 10.000000 0.000000 1.000000 0.000000 1.000000 148.424982
1 1.096824 1.000000 1.036422 0.024469 0.014690 0.000132 26.000000 10.000000 0.000000 12.000000 0.000000 1.000000 151.920672
1 1.060921 1.000000 1.022167 0.016248 0.009599 0.000149 24.000000 10.000000 0.000000 2.000000 0.000000 1.000000 128.290743
1 1.784145 1.000000 1.744554 0.015922 0.009676 0.000197 21.000000 10.000000 0.000000 0.000000 0.000000 1.000000 119.776571
1 1.882249 1.000000 1.796579 0.035055 0.020830 0.000267 29.000000 10.000000 0.000000 4.000000 0.000000 1.000000 143.079812
1 1.291904 1.000000 1.240348 0.021416 0.012510 0.000159 26.000000 10.000000 0.000000 3.000000 0.000000 1.000000 140.474298
1 1.053053 1.000000 1.015476 0.015208 0.008929 0.000145 23.000000 10.000000 0.000000 3.000000 0.000000 1.000000 149.770734
1 1.049973 1.000000 1.002282 0.018981 0.011952 0.000141 28.000000 10.000000 0.000000 4.000000 0.000000 1.000000 138.250044
1 1.204432 1.000000 1.123594 0.034568 0.019673 0.000227 25.000000 10.000000 0.000000 12.000000 0.000000 1.000000 124.544854
1 1.826820 1.000000 1.734691 0.035568 0.023287 0.000248 27.000000 10.000000 0.000000 9.000000 0.000000 1.000000 142.688652
1 1.886436 1.000000 1.836520 0.021093 0.011876 0.000162 25.000000 10.000000 0.000000 16.000000 0.000000 1.000000 127.018252
1 1.032240 1.000000 0.999511 0.013231 0.008136 0.000130 27.000000 10.000000 0.000000 2.000000 0.000000 1.000000 146.975117
1 1.068280 1.000000 1.015225 0.020760 0.013172 0.000159 28.000000 10.000000 0.000000 3.000000 0.000000 1.000000 145.814564
1 1.051980 1.000000 1.009497 0.017476 0.010788 0.000145 26.000000 10.000000 0.000000 8.000000 0.000000 1.000000 156.145685
1 1.060722 1.000000 0.999112 0.022766 0.015430 0.000109 22.000000 10.000000 0.000000 13.000000 0.000000 1.000000 130.220659
1 1.018652 1.000000 0.976325 0.016743 0.010240 0.000127 23.000000 10.000000 0.000000 2.000000 0.000000 1.000000 139.278159
1 1.000643 1.000000 0.952836 0.017878 0.011871 0.000106 23.000000 10.000000 0.000000 11.000000 0.000000 1.000000 137.403230
1 1.024303 1.000000 0.962052 0.024710 0.015355 0.000160 26.000000 10.000000 0.000000 10.000000 0.000000 1.000000 126.105874
1 1.050564 1.000000 1.012060 0.016001 0.009247 0.000117 23.000000 10.000000 0.000000 1.000000 0.000000 1.000000 126.179363
1 1.070115 1.000000 1.015101 0.022087 0.013366 0.000165 29.000000 10.000000 0.000000 13.000000 0.000000 1.000000 135.564534
1 1.149154 1.000000 0.984870 0.063574 0.041643 0.000157 30.000000 10.000000 0.000000 32.000000 0.000000 1.000000 168.443892
1 1.064808 1.000000 1.016466 0.020740 0.011553 0.000128 23.000000 10.000000 0.000000 8.000000 0.000000 1.000000 124.104276
1 2.187982 1.000000 2.097508 0.037518 0.022150 0.000282 28.000000 10.000000 0.000000 3.000000 0.000000 1.000000 135.072406
1 2.206312 1.000000 2.118735 0.036436 0.020958 0.000236 24.000000 10.000000 0.000000 10.000000 0.000000 1.000000 148.939279
1 1.928996 1.000000 1.854631 0.029280 0.018391 0.000275 31.000000 10.000000 0.000000 5.000000 0.000000 1.000000 179.199149
1 1.879756 1.000000 1.762951 0.042172 0.030534 0.000167 25.000000 10.000000 0.000000 18.000000 0.000000 1.000000 140.658150
1 1.070408 1.000000 1.022771 0.019465 0.011513 0.000131 24.000000 10.000000 0.000000 1.000000 0.000000 1.000000 126.089399
1 1.104479 1.000000 1.060049 0.017710 0.010645 0.000123 23.000000 10.000000 0.000000 4.000000 0.000000 1.000000 146.988883
1 1.079637 1.000000 1.010574 0.026860 0.017147 0.000174 27.000000 10.000000 0.000000 17.000000 0.000000 1.000000 145.935579
1 1.061302 1.000000 0.990437 0.028652 0.017517 0.000136 27.000000 10.000000 0.000000 14.000000 0.000000 1.000000 137.626791
1 1.111050 2.000000 0.992679 0.044111 0.026650 0.013812 46.000000 10.000000 0.000000 18.000000 0.000000 1.000000 125.472298
1 1.096815 2.000000 0.993306 0.039442 0.022531 0.012906 52.000000 10.000000 0.000000 7.000000 0.000000 1.000000 168.695412
1 1.170269 2.000000 0.957919 0.086512 0.052501 0.010579 43.000000 10.000000 0.000000 42.000000 0.000000 1.000000 127.516045
1 1.151222 2.000000 0.990461 0.066417 0.034441 0.013078 51.000000 10.000000 0.000000 10.000000 0.000000 1.000000 179.919308
1 1.165853 2.000000 1.012321 0.059983 0.035369 0.013517 47.000000 10.000000 0.000000 27.000000 0.000000 1.000000 154.118074
1 1.156520 2.000000 1.015054 0.053715 0.031061 0.016690 46.000000 10.000000 0.000000 21.000000 0.000000 1.000000 171.538718
1 2.176799 2.000000 1.871706 0.120703 0.063069 0.040933 50.000000 10.000000 0.000000 9.000000 0.000000 1.000000 215.360093
1 2.455657 2.000000 2.149619 0.120469 0.068249 0.029730 96.000000 10.000000 6.000000 15.000000 0.000000 1.000000 177.672308
1 2.078599 2.000000 1.782494 0.122677 0.063650 0.030497 50.000000 10.000000 0.000000 12.000000 0.000000 1.000000 218.190962
1 1.804815 2.000000 1.663874 0.052559 0.032142 0.013764 45.000000 10.000000 0.000000 14.000000 0.000000 1.000000 131.241315
1 1.288447 2.000000 1.041616 0.107328 0.051790 0.023761 52.000000 10.000000 0.000000 55.000000 0.000000 1.000000 293.314344
1 1.144099 2.000000 1.023248 0.048664 0.026957 0.010400 42.000000 10.000000 0.000000 12.000000 0.000000 1.000000 152.941557
1 1.084455 2.000000 1.009534 0.028244 0.016318 0.008837 42.000000 10.000000 0.000000 3.000000 0.000000 1.000000 153.833635
1 1.093378 2.000000 0.945589 0.054839 0.034228 0.014934 59.000000 10.000000 4.000000 20.000000 0.000000 1.000000 150.096877
1 1.154105 2.000000 1.009388 0.058166 0.031597 0.013313 48.000000 10.000000 0.000000 8.000000 0.000000 1.000000 217.747516
1 1.107172 2.000000 1.000392 0.042805 0.023711 0.011841 49.000000 10.000000 3.000000 10.000000 0.000000 1.000000 135.019815
1 1.161783 2.000000 0.997419 0.059898 0.037182 0.020245 60.000000 10.000000 0.000000 10.000000 0.000000 1.000000 202.746121
1 1.212860 2.000000 1.024167 0.070556 0.044278 0.013743 54.000000 10.000000 0.000000 29.000000 0.000000 1.000000 195.350934
1 1.316619 2.000000 1.049038 0.111574 0.061936 0.017286 78.000000 10.000000 0.000000 52.000000 0.000000 1.000000 236.852876
1 1.745299 2.000000 1.405490 0.135776 0.073440 0.038954 59.000000 10.000000 0.000000 25.000000 0.000000 1.000000 161.658696
1 2.393651 2.000000 2.135473 0.101528 0.057095 0.025222 50.000000 10.000000 0.000000 12.000000 0.000000 1.000000 184.221123
1 2.082429 2.000000 1.857715 0.087280 0.050586 0.021852 47.000000 10.000000 2.000000 12.000000 0.000000 1.000000 178.259159
1 1.931423 2.000000 1.762017 0.065502 0.037184 0.019953 48.000000 10.000000 0.000000 10.000000 0.000000 1.000000 151.788425
1 1.910558 2.000000 1.214286 0.289512 0.159677 0.027938 90.000000 10.000000 0.000000 89.000000 0.000000 1.000000 260.944567
1 1.185402 2.000000 1.010118 0.067046 0.037964 0.019682 56.000000 10.000000 0.000000 8.000000 0.000000 1.000000 221.508140
1 1.253231 2.000000 1.028303 0.089258 0.050038 0.022147 53.000000 10.000000 4.000000 7.000000 0.000000 1.000000 138.859718
1 1.984209 2.000000 1.790772 0.071971 0.042415 0.023126 51.000000 10.000000 0.000000 12.000000 0.000000 1.000000 135.679641
1 1.904270 2.000000 1.734289 0.064265 0.037150 0.022425 60.000000 10.000000 0.000000 35.000000 0.000000 1.000000 149.101445
1 1.270325 2.000000 1.163719 0.038629 0.023923 0.011982 41.000000 10.000000 0.000000 7.000000 0.000000 1.000000 120.842019
1 1.310878 2.000000 1.158828 0.059350 0.034157 0.013589 50.000000 10.000000 3.000000 22.000000 0.000000 1.000000 142.014241
1 1.111030 2.000000 1.019955 0.034955 0.019918 0.010148 44.000000 10.000000 0.000000 5.000000 0.000000 1.000000 216.496148
1 1.017105 2.000000 0.925595 0.036945 0.019495 0.010343 46.000000 10.000000 0.000000 11.000000 0.000000 1.000000 133.474745
1 1.258792 2.000000 0.970432 0.112644 0.066847 0.022512 87.000000 10.000000 4.000000 58.000000 0.000000 1.000000 187.480805
1 1.125687 2.000000 1.016375 0.045607 0.023589 0.010913 50.000000 10.000000 0.000000 16.000000 0.000000 1.000000 173.169319
1 1.117252 2.000000 1.025369 0.034997 0.019469 0.011862 43.000000 10.000000 0.000000 9.000000 0.000000 1.000000 148.212770
1 1.158005 2.000000 1.019111 0.052630 0.031665 0.014822 48.000000 10.000000 0.000000 14.000000 0.000000 1.000000 147.662884
1 1.211597 2.000000 1.026716 0.067991 0.040146 0.022602 83.000000 10.000000 9.000000 38.000000 0.000000 1.000000 162.507616
1 1.536943 2.000000 1.249815 0.108491 0.062959 0.036139 60.000000 10.000000 0.000000 11.000000 0.000000 1.000000 220.048015
1 2.451473 2.000000 2.114839 0.126522 0.068649 0.052424 68.000000 10.000000 0.000000 11.000000 0.000000 1.000000 199.083212
1 2.186320 2.000000 1.951178 0.084606 0.050819 0.032214 48.000000 10.000000 0.000000 10.000000 0.000000 1.000000 156.001848
1 2.264997 2.000000 1.782073 0.190757 0.107110 0.045272 101.000000 10.000000 6.000000 24.000000 0.000000 1.000000 224.588813
1 1.245851 2.000000 1.146372 0.036757 0.021791 0.012766 46.000000 10.000000 0.000000 4.000000 0.000000 1.000000 151.621107
1 1.245178 2.000000 1.024635 0.097462 0.049831 0.013405 55.000000 10.000000 0.000000 61.000000 0.000000 1.000000 205.914227
1 1.297310 2.000000 1.025971 0.100230 0.060850 0.024524 159.000000 10.000000 6.000000 32.000000 0.000000 1.000000 175.494277
1 1.842132 2.000000 1.568616 0.110293 0.060326 0.025038 53.000000 10.000000 0.000000 14.000000 0.000000 1.000000 194.300704
1 2.019969 2.000000 1.862207 0.055771 0.035316 0.020057 45.000000 10.000000 0.000000 11.000000 0.000000 1.000000 133.575537
1 1.303597 2.000000 1.174640 0.049394 0.027892 0.014206 44.000000 10.000000 0.000000 8.000000 0.000000 1.000000 184.549042
1 1.127001 2.000000 1.016008 0.044516 0.023709 0.012731 49.000000 10.000000 0.000000 8.000000 0.000000 1.000000 168.717995
1 1.121314 2.000000 1.005276 0.043268 0.023711 0.018972 49.000000 10.000000 0.000000 13.000000 0.000000 1.000000 153.152074
1 1.480472 2.000000 1.294627 0.073324 0.040932 0.017952 42.000000 10.000000 0.000000 7.000000 0.000000 1.000000 175.834822
1 2.083615 2.000000 1.858505 0.087219 0.046614 0.031911 49.000000 10.000000 0.000000 9.000000 0.000000 1.000000 193.520130
1 1.634135 2.000000 1.499552 0.048102 0.028227 0.019215 140.000000 10.000000 12.000000 7.000000 0.000000 1.000000 159.834571
1 1.124604 2.000000 1.027504 0.037784 0.021758 0.010012 45.000000 10.000000 0.000000 8.000000 0.000000 1.000000 129.491034
1 1.202759 2.000000 1.064944 0.048452 0.028582 0.021059 49.000000 10.000000 0.000000 13.000000 0.000000 1.000000 148.600538
1 1.107060 2.000000 1.000249 0.040366 0.023644 0.012024 51.000000 10.000000 0.000000 7.000000 0.000000 1.000000 128.666979
1 1.148569 2.000000 0.948268 0.074024 0.045953 0.021204 153.000000 10.000000 4.000000 19.000000 0.000000 1.000000 185.092739
1 1.076675 2.000000 0.946918 0.051453 0.029680 0.012040 53.000000 10.000000 0.000000 16.000000 0.000000 1.000000 193.703235
1 1.099218 2.000000 0.999617 0.036853 0.022032 0.012009 51.000000 10.000000 0.000000 9.000000 0.000000 1.000000 142.476842
1 1.070938 2.000000 0.991295 0.029136 0.016577 0.011507 40.000000 10.000000 0.000000 3.000000 0.000000 1.000000 122.307282
1 1.165990 2.000000 1.034942 0.051170 0.027418 0.017021 51.000000 10.000000 0.000000 7.000000 0.000000 1.000000 185.258447
1 1.360092 4.000000 1.004083 0.135874 0.065811 0.081449 90.000000 10.000000 0.000000 159.000000 0.000000 1.000000 202.070346
1 2.773938 4.000000 1.500627 0.511777 0.257665 0.227032 134.000000 10.000000 1.000000 56.000000 0.000000 1.000000 267.098233
1 3.277159 4.000000 1.992834 0.508113 0.262377 0.232813 141.000000 10.000000 12.000000 56.000000 0.000000 1.000000 272.699028
1 2.560916 4.000000 1.806149 0.314406 0.146649 0.136456 97.000000 10.000000 6.000000 195.000000 0.000000 1.000000 215.856952
1 1.419342 4.000000 1.004656 0.161705 0.081269 0.083943 97.000000 10.000000 1.000000 87.000000 0.000000 1.000000 210.909560
1 1.285930 4.000000 1.005152 0.110580 0.054509 0.058483 78.000000 10.000000 0.000000 23.000000 0.000000 1.000000 187.932664
1 1.331311 4.000000 1.003023 0.143689 0.067421 0.050273 83.000000 10.000000 0.000000 354.000000 0.000000 1.000000 163.362002
1 1.433419 4.000000 0.944045 0.194592 0.104751 0.083529 125.000000 10.000000 0.000000 81.000000 0.000000 1.000000 172.381839
1 1.180228 4.000000 0.971436 0.071971 0.036476 0.062165 81.000000 10.000000 0.000000 13.000000 0.000000 1.000000 154.693165
1 1.318207 4.000000 1.007301 0.122909 0.059826 0.063167 85.000000 10.000000 2.000000 24.000000 0.000000 1.000000 207.414345
1 1.625871 4.000000 1.008953 0.238450 0.121694 0.128897 161.000000 10.000000 29.000000 72.000000 0.000000 1.000000 188.295139
1 2.122151 4.000000 1.013643 0.498794 0.225574 0.128828 151.000000 10.000000 7.000000 67.000000 0.000000 1.000000 356.186181
1 4.582646 4.000000 2.106055 1.048783 0.528943 0.363281 214.000000 10.000000 10.000000 251.000000 0.000000 1.000000 235.861189
1 2.510953 4.000000 1.813957 0.266662 0.130467 0.157149 115.000000 10.000000 0.000000 26.000000 0.000000 1.000000 273.481983
1 1.720317 4.000000 1.254380 0.183570 0.097187 0.081063 98.000000 10.000000 0.000000 52.000000 0.000000 1.000000 169.858904
1 2.040831 4.000000 1.170554 0.350247 0.174399 0.157219 174.000000 10.000000 0.000000 90.000000 0.000000 1.000000 346.910546
1 1.134062 4.000000 0.921977 0.077181 0.038701 0.055560 81.000000 10.000000 0.000000 17.000000 0.000000 1.000000 160.686209
1 1.584673 4.000000 0.996138 0.237820 0.121044 0.104460 143.000000 10.000000 6.000000 99.000000 0.000000 1.000000 242.287876
1 1.428318 4.000000 0.983283 0.182610 0.086563 0.080059 111.000000 10.000000 0.000000 32.000000 0.000000 1.000000 285.813663
1 1.298350 4.000000 1.027373 0.104012 0.051609 0.061062 89.000000 10.000000 0.000000 44.000000 0.000000 1.000000 174.264166
1 1.316976 4.000000 1.029968 0.112248 0.053815 0.064778 88.000000 10.000000 0.000000 138.000000 0.000000 1.000000 159.273653
1 1.695410 4.000000 1.037739 0.248059 0.125404 0.146898 95.000000 10.000000 2.000000 43.000000 0.000000 1.000000 173.688537
1 2.766089 4.000000 2.188907 0.203664 0.105660 0.157366 89.000000 10.000000 0.000000 14.000000 0.000000 1.000000 149.582883
1 11.608079 4.000000 1.852416 4.835444 2.225172 0.137842 157.000000 10.000000 0.000000 7248.000000 0.000000 1.000000 195.385576
1 1.412866 4.000000 1.018185 0.154221 0.075953 0.079479 107.000000 10.000000 0.000000 31.000000 0.000000 1.000000 265.966168
1 1.280573 4.000000 1.009635 0.099534 0.049489 0.066682 91.000000 10.000000 0.000000 39.000000 0.000000 1.000000 189.796447
1 1.694944 4.000000 1.002813 0.268035 0.133767 0.143303 165.000000 10.000000 15.000000 121.000000 0.000000 1.000000 227.253320
1 2.681732 4.000000 1.830977 0.328999 0.166260 0.178888 118.000000 10.000000 0.000000 40.000000 0.000000 1.000000 198.997012
1 3.056192 4.000000 2.014608 0.423845 0.214342 0.183945 131.000000 10.000000 0.000000 86.000000 0.000000 1.000000 266.021588
1 3.012357 4.000000 2.418626 0.249314 0.126456 0.086833 110.000000 10.000000 0.000000 177.000000 0.000000 1.000000 171.368052
1 1.364641 4.000000 0.984299 0.140605 0.073696 0.081581 101.000000 10.000000 9.000000 55.000000 0.000000 1.000000 170.798729
1 1.304719 4.000000 1.021996 0.105100 0.054272 0.062726 81.000000 10.000000 0.000000 20.000000 0.000000 1.000000 166.508945
1 1.876597 4.000000 1.437330 0.162933 0.086476 0.099019 72.000000 10.000000 0.000000 19.000000 0.000000 1.000000 143.180358
1 2.301466 4.000000 1.727185 0.210200 0.102276 0.148899 96.000000 10.000000 0.000000 11.000000 0.000000 1.000000 175.823473
1 1.465424 4.000000 1.094631 0.143117 0.073205 0.076110 102.000000 10.000000 0.000000 58.000000 0.000000 1.000000 151.591499
1 1.444510 4.000000 1.025545 0.155753 0.078294 0.099949 105.000000 10.000000 3.000000 26.000000 0.000000 1.000000 207.183536
1 1.595326 4.000000 1.005542 0.225199 0.112644 0.131447 96.000000 10.000000 0.000000 64.000000 0.000000 1.000000 181.280369
1 2.379025 4.000000 1.754373 0.234185 0.117350 0.154088 110.000000 10.000000 0.000000 28.000000 0.000000 1.000000 230.810344
1 1.675578 4.000000 1.428199 0.090516 0.046723 0.060221 70.000000 10.000000 0.000000 14.000000 0.000000 1.000000 132.423419
1 1.264568 4.000000 1.004955 0.093775 0.048307 0.067134 87.000000 10.000000 0.000000 23.000000 0.000000 1.000000 157.192490
1 1.303375 4.000000 1.012192 0.104343 0.054195 0.070924 92.000000 10.000000 0.000000 27.000000 0.000000 1.000000 185.116600
1 2.218872 4.000000 1.444561 0.315239 0.158438 0.138481 100.000000 10.000000 0.000000 75.000000 0.000000 1.000000 200.850525
1 5.665515 4.000000 2.332215 1.641215 0.730328 0.119437 138.000000 10.000000 17.000000 2740.000000 0.000000 1.000000 224.543612
1 2.178018 4.000000 0.984335 0.519973 0.265804 0.117388 150.000000 10.000000 66.000000 162.000000 0.000000 1.000000 208.817995
1 1.388180 4.000000 1.001238 0.149606 0.073117 0.086557 93.000000 10.000000 8.000000 24.000000 0.000000 1.000000 210.850952
1 1.400776 4.000000 1.005218 0.152646 0.074925 0.088461 91.000000 10.000000 0.000000 126.000000 0.000000 1.000000 167.837768
1 1.417201 4.000000 1.008160 0.158029 0.076693 0.088698 98.000000 10.000000 0.000000 49.000000 0.000000 1.000000 228.038850
1 1.313031 4.000000 1.014258 0.112684 0.055860 0.071369 99.000000 10.000000 0.000000 112.000000 0.000000 1.000000 142.931128
1 2.865173 4.000000 1.752519 0.420898 0.215329 0.239857 138.000000 10.000000 1.000000 76.000000 0.000000 1.000000 248.106918
1 2.396233 4.000000 1.980415 0.149401 0.077355 0.108603 90.000000 10.000000 0.000000 18.000000 0.000000 1.000000 146.031584
1 5.066010 4.000000 1.769137 1.713491 0.555457 0.135540 160.000000 10.000000 0.000000 6852.000000 0.000000 1.000000 188.034474
1 1.324219 4.000000 1.008664 0.123573 0.062016 0.063492 83.000000 10.000000 0.000000 82.000000 0.000000 1.000000 136.091554
1 1.346518 4.000000 0.958935 0.157107 0.078445 0.071277 102.000000 10.000000 1.000000 34.000000 0.000000 1.000000 203.575176
1 1.389325 4.000000 0.994865 0.158185 0.078079 0.075433 97.000000 10.000000 3.000000 241.000000 0.000000 1.000000 165.412227
1 1.431117 4.000000 0.996671 0.174521 0.089040 0.078269 112.000000 10.000000 0.000000 67.000000 0.000000 1.000000 187.603289
1 1.303458 4.000000 1.018927 0.103400 0.052380 0.073128 97.000000 10.000000 5.000000 15.000000 0.000000 1.000000 229.030189
1 1.350587 4.000000 1.009767 0.127813 0.064031 0.078472 95.000000 10.000000 0.000000 34.000000 0.000000 1.000000 183.787757
1 1.452471 4.000000 1.033417 0.147183 0.077086 0.109760 96.000000 10.000000 0.000000 21.000000 0.000000 1.000000 162.432351
1 2.812357 4.000000 2.195079 0.232070 0.113199 0.145042 96.000000 10.000000 0.000000 12.000000 0.000000 1.000000 195.252512
1 2.455997 4.000000 1.919586 0.198064 0.101334 0.129894 92.000000 10.000000 0.000000 31.000000 0.000000 1.000000 156.898950
1 2.685692 6.000000 1.860082 0.261719 0.148741 0.265823 139.000000 10.000000 2.000000 49.000000 0.000000 1.000000 169.182009
1 1.983322 6.000000 1.179363 0.278537 0.147245 0.230866 163.000000 10.000000 2.000000 40.000000 0.000000 1.000000 270.533297
1 1.772687 6.000000 1.185586 0.194972 0.106193 0.182281 122.000000 10.000000 2.000000 39.000000 0.000000 1.000000 175.964939
1 1.772610 6.000000 1.183599 0.192599 0.107328 0.181251 120.000000 10.000000 0.000000 102.000000 0.000000 1.000000 148.604101
1 1.740631 6.000000 0.915736 0.276647 0.148768 0.248421 162.000000 10.000000 26.000000 59.000000 0.000000 1.000000 257.539410
1 1.529651 6.000000 1.039726 0.154558 0.083759 0.165646 121.000000 10.000000 4.000000 24.000000 0.000000 1.000000 237.141098
0 76.070344 6.000000 1.044300 32.578364 7.708506 2.952780 1847.000000 10.000000 0.000000 210100.000000 0.000000 1.000000 -1.000000
1 3.183532 6.000000 1.727248 0.641372 0.235845 0.265911 157.000000 10.000000 10.000000 2167.000000 0.000000 1.000000 174.046601
1 1.844594 6.000000 1.024730 0.288732 0.152649 0.218652 148.000000 10.000000 0.000000 58.000000 0.000000 1.000000 237.729204
1 2.519267 6.000000 1.237244 0.458340 0.234308 0.356682 139.000000 10.000000 4.000000 136.000000 0.000000 1.000000 215.131789
1 2.340444 6.000000 1.768634 0.195574 0.105006 0.169403 108.000000 10.000000 0.000000 86.000000 0.000000 1.000000 141.397145
1 1.839925 6.000000 1.027597 0.309798 0.174738 0.167696 142.000000 10.000000 8.000000 96.000000 0.000000 1.000000 168.254048
1 1.671078 6.000000 1.004674 0.232624 0.123969 0.187364 139.000000 10.000000 3.000000 42.000000 0.000000 1.000000 243.862259
1 1.912433 6.000000 0.959873 0.351958 0.190216 0.235168 190.000000 10.000000 6.000000 88.000000 0.000000 1.000000 243.410222
1 2.046556 6.000000 0.989393 0.371696 0.189475 0.296188 184.000000 10.000000 3.000000 49.000000 0.000000 1.000000 333.110390
1 1.783269 6.000000 1.046907 0.279925 0.138822 0.176021 131.000000 10.000000 0.000000 359.000000 0.000000 1.000000 193.136352
1 1.572157 6.000000 1.036104 0.183914 0.096186 0.161193 125.000000 10.000000 0.000000 20.000000 0.000000 1.000000 209.749745
1 2.877218 6.000000 1.851078 0.337057 0.185392 0.310038 122.000000 10.000000 7.000000 18.000000 0.000000 1.000000 199.757024
1 3.880698 6.000000 1.949935 0.757058 0.381354 0.388328 162.000000 10.000000 11.000000 730.000000 0.000000 1.000000 175.887338
1 2.338563 6.000000 1.609247 0.242268 0.132558 0.216314 144.000000 10.000000 3.000000 60.000000 0.000000 1.000000 192.115512
1 1.683897 6.000000 1.036776 0.214601 0.114626 0.204805 137.000000 10.000000 0.000000 79.000000 0.000000 1.000000 192.610490
1 2.960771 6.000000 1.079606 0.696156 0.408185 0.382845 176.000000 10.000000 5.000000 110.000000 0.000000 1.000000 236.358915
1 2.883695 6.000000 1.791010 0.376022 0.214859 0.281448 183.000000 10.000000 0.000000 141.000000 0.000000 1.000000 186.302180
1 1.766121 6.000000 1.026879 0.247482 0.128292 0.239559 162.000000 10.000000 0.000000 63.000000 0.000000 1.000000 228.520723
1 7.616528 6.000000 1.030556 3.225861 1.179204 0.377698 235.000000 10.000000 0.000000 11962.000000 0.000000 1.000000 223.341372
1 1.610271 6.000000 1.010314 0.235531 0.111780 0.138056 133.000000 10.000000 0.000000 515.000000 0.000000 1.000000 197.268662
1 1.844100 6.000000 0.973036 0.342183 0.181293 0.169031 144.000000 10.000000 0.000000 295.000000 0.000000 1.000000 169.275518
1 1.726541 6.000000 0.954795 0.283325 0.153149 0.189954 148.000000 10.000000 4.000000 130.000000 0.000000 1.000000 187.976100
0 76.166896 6.000000 1.040024 18.809142 5.066086 1.727824 950.000000 10.000000 0.000000 104597.000000 0.000000 1.000000 -1.000000
1 1.418841 6.000000 1.020695 0.118702 0.065771 0.149007 118.000000 10.000000 0.000000 14.000000 0.000000 1.000000 153.283572
1 1.485436 6.000000 1.009731 0.152165 0.085260 0.152910 124.000000 10.000000 0.000000 27.000000 0.000000 1.000000 179.063111
1 1.491633 6.000000 0.918972 0.184573 0.101677 0.184734 139.000000 10.000000 2.000000 31.000000 0.000000 1.000000 216.507899
1 1.685275 6.000000 0.967823 0.235018 0.128511 0.220997 157.000000 10.000000 19.000000 37.000000 0.000000 1.000000 211.717928
1 1.376837 6.000000 0.994525 0.120174 0.064826 0.131988 109.000000 10.000000 0.000000 12.000000 0.000000 1.000000 168.171873
1 1.664704 6.000000 1.048140 0.210788 0.110032 0.186618 135.000000 10.000000 5.000000 144.000000 0.000000 1.000000 195.698794
1 1.639579 6.000000 1.042568 0.190310 0.103882 0.195029 134.000000 10.000000 0.000000 20.000000 0.000000 1.000000 215.777481
1 3.927667 6.000000 1.850837 0.815792 0.421885 0.420499 168.000000 10.000000 0.000000 263.000000 0.000000 1.000000 240.028358
1 3.680573 6.000000 1.803034 0.617832 0.329682 0.588264 228.000000 10.000000 8.000000 50.000000 0.000000 1.000000 345.885157
1 1.621538 6.000000 1.218235 0.115667 0.065642 0.156939 121.000000 10.000000 0.000000 26.000000 0.000000 1.000000 168.833744
1 1.678189 6.000000 1.006586 0.226677 0.119549 0.200377 147.000000 10.000000 8.000000 42.000000 0.000000 1.000000 213.970899
1 2.462325 6.000000 1.161473 0.501360 0.282131 0.266836 128.000000 10.000000 0.000000 139.000000 0.000000 1.000000 160.706350
1 2.367977 6.000000 1.768954 0.183088 0.103323 0.213392 117.000000 10.000000 0.000000 25.000000 0.000000 1.000000 164.777300
1 1.783487 6.000000 1.003379 0.288244 0.154075 0.185899 126.000000 10.000000 9.000000 221.000000 0.000000 1.000000 188.474705
1 1.654546 6.000000 1.032846 0.194673 0.111063 0.203462 139.000000 10.000000 0.000000 36.000000 0.000000 1.000000 188.515859
1 3.169597 6.000000 1.831840 0.487813 0.247454 0.351896 139.000000 10.000000 0.000000 71.000000 0.000000 1.000000 236.417269
1 2.612743 6.000000 1.367070 0.507496 0.264416 0.197532 158.000000 10.000000 3.000000 185.000000 0.000000 1.000000 180.006989
1 1.655462 6.000000 1.007114 0.217066 0.121940 0.190691 146.000000 10.000000 7.000000 68.000000 0.000000 1.000000 167.284704
1 2.736563 6.000000 1.552418 0.414446 0.224772 0.320666 150.000000 10.000000 0.000000 72.000000 0.000000 1.000000 181.108969
1 2.425724 6.000000 1.663470 0.311334 0.136957 0.166313 137.000000 10.000000 0.000000 863.000000 0.000000 1.000000 171.826962
1 1.644402 6.000000 1.029308 0.220137 0.116675 0.160550 126.000000 10.000000 7.000000 128.000000 0.000000 1.000000 177.877423
1 2.269811 6.000000 1.008764 0.428784 0.227331 0.365014 160.000000 10.000000 4.000000 230.000000 0.000000 1.000000 212.161513
1 3.748076 6.000000 1.749352 0.712476 0.373338 0.531374 235.000000 10.000000 19.000000 92.000000 0.000000 1.000000 380.739832
1 1.566181 6.000000 1.067594 0.154140 0.088408 0.166680 125.000000 10.000000 2.000000 26.000000 0.000000 1.000000 177.059160
1 2.322739 6.000000 1.026153 0.482396 0.250744 0.304605 147.000000 10.000000 7.000000 422.000000 0.000000 1.000000 255.686495
1 3.018478 6.000000 1.714229 0.421170 0.214970 0.428805 169.000000 10.000000 3.000000 110.000000 0.000000 1.000000 286.756922
1 1.609858 6.000000 1.000049 0.199171 0.104711 0.192942 138.000000 10.000000 5.000000 81.000000 0.000000 1.000000 221.410972
1 1.841903 6.000000 1.004990 0.265726 0.138403 0.291149 175.000000 10.000000 1.000000 53.000000 0.000000 1.000000 301.385850
1 4.488081 6.000000 1.714429 1.128223 0.620030 0.400554 194.000000 10.000000 2.000000 193.000000 0.000000 1.000000 233.308530
1 1.531747 6.000000 1.024297 0.163573 0.089313 0.161653 114.000000 10.000000 0.000000 19.000000 0.000000 1.000000 219.040976
1 1.843234 6.000000 1.054540 0.252852 0.135755 0.261842 168.000000 10.000000 3.000000 42.000000 0.000000 1.000000 250.430294
1 6.162060 8.000000 1.843914 1.413679 0.775421 1.413858 430.000000 10.000000 40.000000 353.000000 0.000000 1.000000 380.015021
1 4.911344 8.000000 1.041602 1.321065 0.770330 1.066528 355.000000 10.000000 108.000000 147.000000 0.000000 1.000000 279.046688
1 2.755916 8.000000 1.258112 0.541552 0.297342 0.367083 192.000000 10.000000 0.000000 311.000000 0.000000 1.000000 222.438021
1 3.311848 8.000000 1.008887 0.702031 0.399229 0.813601 251.000000 10.000000 25.000000 91.000000 0.000000 1.000000 270.067804
1 3.411845 8.000000 1.915990 0.525039 0.269785 0.433927 206.000000 10.000000 0.000000 415.000000 0.000000 1.000000 215.952985
1 2.073343 8.000000 1.009339 0.327985 0.198526 0.359189 191.000000 10.000000 12.000000 87.000000 0.000000 1.000000 151.516122
1 2.952520 8.000000 1.467938 0.462155 0.263081 0.526747 164.000000 10.000000 0.000000 81.000000 0.000000 1.000000 169.157860
1 3.153343 8.000000 1.667537 0.491210 0.278487 0.460294 235.000000 10.000000 19.000000 85.000000 0.000000 1.000000 292.247091
1 1.932807 8.000000 1.010799 0.266719 0.151144 0.364983 172.000000 10.000000 0.000000 54.000000 0.000000 1.000000 188.659767
1 3.221202 8.000000 0.960585 0.746395 0.417930 0.705575 370.000000 10.000000 17.000000 205.000000 0.000000 1.000000 308.540992
1 2.509380 8.000000 0.985929 0.512291 0.291579 0.451832 221.000000 10.000000 6.000000 83.000000 0.000000 1.000000 316.511368
1 2.138183 8.000000 1.023527 0.348284 0.203625 0.373864 193.000000 10.000000 14.000000 70.000000 0.000000 1.000000 214.962594
1 2.212935 8.000000 0.973106 0.374521 0.212455 0.442126 214.000000 10.000000 20.000000 73.000000 0.000000 1.000000 224.034317
1 2.208985 8.000000 0.968570 0.369848 0.216584 0.456631 206.000000 10.000000 15.000000 51.000000 0.000000 1.000000 242.573380
1 2.300269 8.000000 1.043593 0.425123 0.245894 0.360878 200.000000 10.000000 0.000000 114.000000 0.000000 1.000000 226.999587
1 3.352223 8.000000 1.379360 0.635749 0.346165 0.687821 177.000000 10.000000 0.000000 50.000000 0.000000 1.000000 210.304370
1 3.338062 8.000000 2.000228 0.376569 0.215796 0.552635 149.000000 10.000000 0.000000 31.000000 0.000000 1.000000 167.629281
1 3.166627 8.000000 1.701427 0.494279 0.273527 0.445809 178.000000 10.000000 0.000000 74.000000 0.000000 1.000000 199.768735
1 2.236972 8.000000 1.025896 0.393348 0.218851 0.396881 192.000000 10.000000 5.000000 292.000000 0.000000 1.000000 133.418779
1 2.389508 8.000000 1.402246 0.273770 0.161011 0.397942 191.000000 10.000000 1.000000 47.000000 0.000000 1.000000 220.619011
1 1.913549 8.000000 0.996899 0.290326 0.166375 0.304176 158.000000 10.000000 4.000000 56.000000 0.000000 1.000000 215.880826
1 1.875524 8.000000 1.022330 0.254098 0.148039 0.315920 166.000000 10.000000 12.000000 37.000000 0.000000 1.000000 222.529976
1 2.966449 8.000000 1.020288 0.569791 0.325921 0.747392 209.000000 10.000000 3.000000 72.000000 0.000000 1.000000 210.476608
1 4.398156 8.000000 2.135226 0.717516 0.418904 0.754540 215.000000 10.000000 3.000000 99.000000 0.000000 1.000000 226.197890
1 2.930537 8.000000 1.770988 0.354799 0.203824 0.411011 167.000000 10.000000 14.000000 81.000000 0.000000 1.000000 174.345050
1 2.010709 8.000000 1.025081 0.279177 0.160416 0.390909 195.000000 10.000000 8.000000 73.000000 0.000000 1.000000 195.275861
1 3.266759 8.000000 1.336913 0.644903 0.363730 0.587373 183.000000 10.000000 7.000000 57.000000 0.000000 1.000000 206.697729
1 2.485782 8.000000 1.549431 0.276887 0.158547 0.353614 176.000000 10.000000 9.000000 69.000000 0.000000 1.000000 194.746871
1 3.726793 8.000000 1.037137 0.924176 0.511200 0.790057 358.000000 10.000000 62.000000 268.000000 0.000000 1.000000 336.899635
1 2.154315 8.000000 0.978542 0.366493 0.212639 0.402885 217.000000 10.000000 16.000000 98.000000 0.000000 1.000000 186.818421
1 2.357918 8.000000 0.999355 0.419922 0.245208 0.468237 226.000000 10.000000 5.000000 93.000000 0.000000 1.000000 244.484890
1 3.303111 8.000000 1.014411 0.801104 0.442951 0.649187 231.000000 10.000000 19.000000 80.000000 0.000000 1.000000 285.060502
1 4.329210 8.000000 2.118894 0.665741 0.392235 0.790603 220.000000 10.000000 2.000000 62.000000 0.000000 1.000000 227.155806
1 4.414308 8.000000 1.811119 0.768564 0.441535 0.976834 335.000000 10.000000 36.000000 204.000000 0.000000 1.000000 252.265779
1 2.523719 8.000000 1.011945 0.451502 0.274096 0.535014 184.000000 10.000000 16.000000 44.000000 0.000000 1.000000 184.880664
1 3.519655 8.000000 1.820762 0.507832 0.299155 0.622353 230.000000 10.000000 3.000000 120.000000 0.000000 1.000000 197.345998
1 2.027371 8.000000 1.055419 0.318699 0.173898 0.324730 166.000000 10.000000 4.000000 249.000000 0.000000 1.000000 160.148342
1 3.185570 8.000000 1.129415 0.690812 0.382229 0.616546 191.000000 10.000000 5.000000 104.000000 0.000000 1.000000 200.746641
1 5.037876 8.000000 1.710787 1.030198 0.604334 1.112862 476.000000 10.000000 61.000000 401.000000 0.000000 1.000000 311.038464
1 4.400378 8.000000 1.505145 0.841573 0.480301 1.118547 273.000000 10.000000 11.000000 69.000000 0.000000 1.000000 321.779294
1 2.756573 8.000000 0.998052 0.588576 0.327544 0.539445 278.000000 10.000000 52.000000 99.000000 0.000000 1.000000 331.215370
1 3.219758 8.000000 1.110556 0.625700 0.381171 0.763720 212.000000 10.000000 4.000000 87.000000 0.000000 1.000000 185.325560
1 3.691961 8.000000 1.693335 0.662835 0.364211 0.630104 304.000000 10.000000 14.000000 192.000000 0.000000 1.000000 294.456098
1 2.943532 8.000000 1.007092 0.566263 0.332114 0.729526 250.000000 10.000000 1.000000 108.000000 0.000000 1.000000 203.407958
1 3.108364 8.000000 1.812894 0.369076 0.205815 0.540244 197.000000 10.000000 3.000000 29.000000 0.000000 1.000000 282.341703
1 2.048246 8.000000 1.006876 0.359900 0.195028 0.309294 173.000000 10.000000 0.000000 106.000000 0.000000 1.000000 186.794694
1 3.218951 8.000000 1.013294 0.666589 0.350476 0.844055 202.000000 10.000000 0.000000 395.000000 0.000000 1.000000 221.381960
1 3.245039 8.000000 1.824723 0.476415 0.256074 0.448696 209.000000 10.000000 9.000000 216.000000 0.000000 1.000000 216.768605
1 2.090768 8.000000 1.026169 0.307527 0.186587 0.403829 194.000000 10.000000 4.000000 55.000000 0.000000 1.000000 205.816743
1 2.110654 8.000000 0.967634 0.346582 0.208698 0.397937 206.000000 10.000000 5.000000 90.000000 0.000000 1.000000 158.359259
1 2.248301 8.000000 0.951039 0.427236 0.234144 0.413392 229.000000 10.000000 30.000000 75.000000 0.000000 1.000000 260.020963
1 2.701508 8.000000 1.005933 0.609359 0.337294 0.455215 231.000000 10.000000 3.000000 167.000000 0.000000 1.000000 255.605360
1 3.667097 8.000000 1.334069 0.706122 0.407431 0.844541 203.000000 10.000000 0.000000 99.000000 0.000000 1.000000 239.213505
1 3.348616 8.000000 1.931354 0.450249 0.259851 0.479431 151.000000 10.000000 0.000000 46.000000 0.000000 1.000000 200.584610
1 2.853527 8.000000 1.662031 0.348132 0.207625 0.444583 200.000000 10.000000 28.000000 62.000000 0.000000 1.000000 200.001298
1 2.753998 8.000000 1.016830 0.543818 0.307700 0.609243 270.000000 10.000000 12.000000 104.000000 0.000000 1.000000 289.947979
1 4.182302 8.000000 1.777986 0.671152 0.388655 0.972239 269.000000 10.000000 6.000000 120.000000 0.000000 1.000000 247.570824
1 2.353115 8.000000 1.023318 0.421512 0.239203 0.451298 221.000000 10.000000 7.000000 72.000000 0.000000 1.000000 291.321202
1 18.710185 8.000000 1.259472 7.678527 1.570776 1.616550 608.000000 10.000000 35.000000 32131.000000 0.000000 1.000000 293.966110
1 2.651078 8.000000 0.986999 0.620158 0.354573 0.354515 210.000000 10.000000 10.000000 237.000000 0.000000 1.000000 206.223156
1 4.479309 10.000000 1.047040 1.017986 0.597732 1.297023 341.000000 10.000000 41.000000 220.000000 0.000000 1.000000 328.604240
1 5.295911 10.000000 2.163222 0.891526 0.530659 1.256993 258.000000 10.000000 45.000000 75.000000 0.000000 1.000000 237.919278
1 3.976260 10.000000 1.447373 0.754487 0.421200 0.966545 295.000000 10.000000 14.000000 399.000000 0.000000 1.000000 226.537838
1 4.639894 10.000000 1.320220 0.931846 0.554569 1.345998 299.000000 10.000000 12.000000 103.000000 0.000000 1.000000 284.303640
1 9.328023 10.000000 1.171862 2.631182 1.571089 2.533145 693.000000 10.000000 257.000000 462.000000 0.000000 1.000000 410.781158
1 5.224319 10.000000 1.049477 1.251713 0.741271 1.522106 376.000000 10.000000 46.000000 211.000000 0.000000 1.000000 214.208202
1 4.632831 10.000000 1.505018 0.966440 0.566368 1.091413 354.000000 10.000000 53.000000 162.000000 0.000000 1.000000 322.245067
1 3.847087 10.000000 0.915276 0.852164 0.530526 1.082249 428.000000 10.000000 16.000000 264.000000 0.000000 1.000000 272.240838
1 9.001310 10.000000 1.005398 2.358701 1.357030 3.054147 657.000000 10.000000 65.000000 336.000000 0.000000 1.000000 436.516147
1 7.635659 10.000000 1.798423 2.449248 1.332949 0.840203 299.000000 10.000000 5.000000 770.000000 0.000000 1.000000 273.601320
1 4.815157 10.000000 1.857436 0.877046 0.509211 1.108570 291.000000 10.000000 32.000000 185.000000 0.000000 1.000000 286.745679
1 3.913974 10.000000 1.208323 0.785544 0.473744 1.028686 293.000000 10.000000 10.000000 178.000000 0.000000 1.000000 264.560355
1 8.529989 10.000000 1.178665 2.500875 1.486627 2.042896 661.000000 10.000000 119.000000 714.000000 0.000000 1.000000 320.875537
1 6.709805 10.000000 2.709178 1.109509 0.691831 1.578196 384.000000 10.000000 23.000000 190.000000 0.000000 1.000000 277.149967
1 2.694274 10.000000 1.083568 0.470924 0.282317 0.619582 252.000000 10.000000 9.000000 101.000000 0.000000 1.000000 206.397928
1 4.348086 10.000000 0.960876 1.091857 0.617164 1.127584 397.000000 10.000000 46.000000 179.000000 0.000000 1.000000 312.165824
1 4.481021 10.000000 1.013332 1.104657 0.657600 1.113836 343.000000 10.000000 36.000000 239.000000 0.000000 1.000000 232.970451
1 4.592938 10.000000 2.108541 0.639020 0.393003 1.109519 250.000000 10.000000 2.000000 70.000000 0.000000 1.000000 236.329793
1 6.176515 10.000000 1.713831 1.342840 0.790830 1.650237 515.000000 10.000000 31.000000 260.000000 0.000000 1.000000 434.340053
1 4.290314 10.000000 1.800349 0.654926 0.396929 1.095819 265.000000 10.000000 18.000000 46.000000 0.000000 1.000000 287.860124
1 3.229676 10.000000 1.135081 0.573923 0.344475 0.876455 283.000000 10.000000 20.000000 159.000000 0.000000 1.000000 228.012898
1 3.599744 10.000000 1.011343 0.784117 0.433307 0.978286 321.000000 10.000000 16.000000 447.000000 0.000000 1.000000 291.270271
1 4.225701 10.000000 1.038666 0.920747 0.544822 1.236460 390.000000 10.000000 18.000000 193.000000 0.000000 1.000000 276.896045
1 15.722002 10.000000 2.147560 4.508698 2.741675 3.951789 1011.000000 10.000000 56.000000 929.000000 0.000000 1.000000 450.206363
1 3.436352 10.000000 1.191377 0.616737 0.360453 0.951610 368.000000 10.000000 28.000000 170.000000 0.000000 1.000000 279.084209
1 3.379432 10.000000 0.901065 0.756357 0.403487 0.939761 349.000000 10.000000 33.000000 791.000000 0.000000 1.000000 243.816686
1 4.562457 10.000000 1.637754 0.792815 0.450743 1.289052 285.000000 10.000000 5.000000 73.000000 0.000000 1.000000 298.251964
1 7.042070 10.000000 1.178219 2.397739 1.152870 1.171532 466.000000 10.000000 21.000000 3038.000000 0.000000 1.000000 386.839072
1 5.261219 10.000000 1.389717 1.050407 0.604813 1.675473 539.000000 10.000000 43.000000 345.000000 0.000000 1.000000 343.704452
1 2.645847 10.000000 0.906553 0.491198 0.285111 0.713426 283.000000 10.000000 34.000000 74.000000 0.000000 1.000000 255.295023
1 2.782405 10.000000 1.020300 0.451221 0.272419 0.794982 282.000000 10.000000 33.000000 52.000000 0.000000 1.000000 253.046410
1 2.998779 10.000000 1.007965 0.584405 0.344139 0.767308 309.000000 10.000000 26.000000 120.000000 0.000000 1.000000 244.654222
1 4.676661 10.000000 0.942269 1.330194 0.777999 0.910759 350.000000 10.000000 16.000000 212.000000 0.000000 1.000000 235.754732
1 4.065450 10.000000 1.030012 0.776610 0.462715 1.398184 220.000000 10.000000 22.000000 53.000000 0.000000 1.000000 210.034249
1 4.777654 10.000000 1.894380 0.739605 0.462892 1.279186 263.000000 10.000000 11.000000 70.000000 0.000000 1.000000 239.505239
1 4.333105 10.000000 1.162184 0.964080 0.580757 1.126043 330.000000 10.000000 69.000000 188.000000 0.000000 1.000000 265.518328
1 7.069748 10.000000 1.166879 1.753317 1.017793 2.248277 603.000000 10.000000 74.000000 465.000000 0.000000 1.000000 344.800778
1 3.498665 10.000000 1.171978 0.625474 0.374382 1.001396 301.000000 10.000000 27.000000 76.000000 0.000000 1.000000 254.005034
1 2.701495 10.000000 1.070583 0.432034 0.260164 0.716757 298.000000 10.000000 9.000000 135.000000 0.000000 1.000000 225.326197
1 3.576341 10.000000 0.909411 0.781171 0.468316 1.005775 428.000000 10.000000 11.000000 246.000000 0.000000 1.000000 272.870523
1 2.179731 10.000000 0.855243 0.318263 0.191041 0.645529 237.000000 10.000000 8.000000 73.000000 0.000000 1.000000 194.702399
1 3.525394 10.000000 0.894543 0.798371 0.470035 0.979170 416.000000 10.000000 16.000000 166.000000 0.000000 1.000000 392.723468
1 6.709653 10.000000 1.735172 1.646802 0.938412 1.581739 330.000000 10.000000 12.000000 314.000000 0.000000 1.000000 232.525848
1 11.968447 10.000000 1.804874 3.226271 1.853516 3.451837 717.000000 10.000000 113.000000 553.000000 0.000000 1.000000 309.504144
1 5.198778 10.000000 1.798782 0.936745 0.561806 1.414827 283.000000 10.000000 17.000000 100.000000 0.000000 1.000000 248.277974
1 2.461449 10.000000 0.912130 0.434984 0.269647 0.605873 284.000000 10.000000 21.000000 66.000000 0.000000 1.000000 250.672932
1 2.892187 10.000000 0.900068 0.607505 0.364237 0.704454 338.000000 10.000000 43.000000 107.000000 0.000000 1.000000 308.406333
1 4.718380 10.000000 0.885815 1.093382 0.610998 1.586981 570.000000 10.000000 57.000000 297.000000 0.000000 1.000000 421.993401
1 2.791078 10.000000 0.865205 0.584267 0.343956 0.690983 291.000000 10.000000 0.000000 95.000000 0.000000 1.000000 238.204322
1 2.751622 10.000000 0.852611 0.567123 0.326494 0.719976 290.000000 10.000000 6.000000 81.000000 0.000000 1.000000 327.392739
1 2.911322 10.000000 0.857680 0.580823 0.336264 0.843118 330.000000 10.000000 12.000000 127.000000 0.000000 1.000000 352.170271
1 2.771028 10.000000 0.861932 0.578515 0.339005 0.694154 300.000000 10.000000 78.000000 75.000000 0.000000 1.000000 271.181377
1 9.852123 10.000000 0.877282 3.012312 1.798883 2.705345 758.000000 10.000000 22.000000 1070.000000 0.000000 1.000000 285.293735
1 3.532622 10.000000 1.156210 0.716714 0.427687 0.852932 271.000000 10.000000 67.000000 61.000000 0.000000 1.000000 291.599171
1 2.579513 10.000000 0.877724 0.497057 0.297511 0.663711 283.000000 10.000000 44.000000 116.000000 0.000000 1.000000 248.080019
1 2.688352 10.000000 0.906897 0.535568 0.313754 0.666185 298.000000 10.000000 31.000000 122.000000 0.000000 1.000000 263.142981
1 3.905504 10.000000 1.223624 0.749727 0.442428 1.102186 397.000000 10.000000 40.000000 184.000000 0.000000 1.000000 303.691365
1 3.129927 10.000000 0.906949 0.647682 0.376312 0.864771 258.000000 10.000000 14.000000 145.000000 0.000000 1.000000 258.191289
1 6.829736 10.000000 1.800790 1.318000 0.775673 2.254253 568.000000 10.000000 99.000000 190.000000 0.000000 1.000000 404.052838
1 2.843813 10.000000 0.903099 0.541748 0.318924 0.805111 352.000000 10.000000 28.000000 161.000000 0.000000 1.000000 245.618231
