1 0.883803 1.000000 0.000000 0.789885 0.097576 -1.000000 -1.000000 -1.000000 0.000000 2303.000000 0.000000 1.000000 328.469912
1 2.252644 1.000000 0.000000 1.377643 0.171663 -1.000000 -1.000000 -1.000000 0.000000 2004.000000 0.000000 1.000000 295.305451
1 4.577493 1.000000 0.000000 2.013372 0.241932 -1.000000 -1.000000 -1.000000 0.000000 4205.000000 0.000000 1.000000 171.941646
1 2.252644 1.000000 0.000000 1.377643 0.171663 -1.000000 -1.000000 -1.000000 0.000000 2004.000000 0.000000 1.000000 295.305451
1 0.515379 1.000000 0.000000 0.501102 0.066501 -1.000000 -1.000000 -1.000000 0.000000 2547.000000 0.000000 1.000000 133.046080
1 1.538186 1.000000 0.000000 1.199046 0.135961 -1.000000 -1.000000 -1.000000 0.000000 3592.000000 0.000000 1.000000 420.545221
1 0.428959 1.000000 0.000000 0.426624 0.053730 -1.000000 -1.000000 -1.000000 0.000000 2479.000000 0.000000 1.000000 193.948629
1 4.188185 1.000000 0.000000 1.944674 0.245437 -1.000000 -1.000000 -1.000000 0.000000 6759.000000 0.000000 1.000000 495.669373
1 1.382122 1.000000 0.000000 1.091479 0.133076 -1.000000 -1.000000 -1.000000 0.000000 3094.000000 0.000000 1.000000 256.169742
1 1.002422 1.000000 0.000000 0.907030 0.108571 -1.000000 -1.000000 -1.000000 0.000000 2239.000000 0.000000 1.000000 252.155084
1 0.424577 1.000000 0.000000 0.512801 0.059714 -1.000000 -1.000000 -1.000000 0.000000 3176.000000 0.000000 1.000000 165.291476
1 8.201545 1.000000 0.000000 2.542216 0.313355 -1.000000 -1.000000 -1.000000 0.000000 4843.000000 0.000000 1.000000 279.816146
1 0.851553 1.000000 0.000000 0.814791 0.100624 -1.000000 -1.000000 -1.000000 0.000000 3617.000000 0.000000 1.000000 255.283932
1 0.679854 1.000000 0.000000 0.683893 0.089507 -1.000000 -1.000000 -1.000000 0.000000 1605.000000 0.000000 1.000000 188.182061
1 4.188185 1.000000 0.000000 1.944674 0.245437 -1.000000 -1.000000 -1.000000 0.000000 6759.000000 0.000000 1.000000 495.669373
1 0.285672 1.000000 0.000000 0.338651 0.041044 -1.000000 -1.000000 -1.000000 0.000000 1352.000000 0.000000 1.000000 185.244371
1 0.911452 1.000000 0.000000 0.859952 0.107059 -1.000000 -1.000000 -1.000000 0.000000 3427.000000 0.000000 1.000000 214.558492
1 3.820251 1.000000 0.000000 1.832942 0.223131 -1.000000 -1.000000 -1.000000 0.000000 4445.000000 0.000000 1.000000 163.054815
1 5.528355 1.000000 0.000000 2.156626 0.268710 -1.000000 -1.000000 -1.000000 0.000000 3614.000000 0.000000 1.000000 175.245978
1 6.586566 1.000000 0.000000 2.342690 0.289163 -1.000000 -1.000000 -1.000000 0.000000 6483.000000 0.000000 1.000000 380.372384
1 7.459978 1.000000 0.000000 2.653621 0.325955 -1.000000 -1.000000 -1.000000 0.000000 10671.000000 0.000000 1.000000 240.629045
1 2.938358 1.000000 0.000000 1.727441 0.207089 -1.000000 -1.000000 -1.000000 0.000000 5859.000000 0.000000 1.000000 267.761200
1 2.938358 1.000000 0.000000 1.727441 0.207089 -1.000000 -1.000000 -1.000000 0.000000 5859.000000 0.000000 1.000000 267.761200
1 0.434272 1.000000 0.000000 0.458612 0.056337 -1.000000 -1.000000 -1.000000 0.000000 1439.000000 0.000000 1.000000 250.306438
1 1.026323 1.000000 0.000000 0.904717 0.110978 -1.000000 -1.000000 -1.000000 0.000000 1838.000000 0.000000 1.000000 243.983072
1 7.942231 1.000000 0.000000 2.637708 0.330776 -1.000000 -1.000000 -1.000000 0.000000 3401.000000 0.000000 1.000000 243.065689
1 2.938358 1.000000 0.000000 1.727441 0.207089 -1.000000 -1.000000 -1.000000 0.000000 5859.000000 0.000000 1.000000 267.761200
1 1.394119 1.000000 0.000000 1.046238 0.136473 -1.000000 -1.000000 -1.000000 0.000000 3071.000000 0.000000 1.000000 375.365785
1 2.069353 1.000000 0.000000 1.246697 0.158270 -1.000000 -1.000000 -1.000000 0.000000 4330.000000 0.000000 1.000000 246.054158
1 1.807954 1.000000 0.000000 1.209600 0.157047 -1.000000 -1.000000 -1.000000 0.000000 3860.000000 0.000000 1.000000 212.934252
1 1.651453 1.000000 0.000000 1.261317 0.157041 -1.000000 -1.000000 -1.000000 0.000000 3923.000000 0.000000 1.000000 173.553428
1 0.814269 1.000000 0.000000 0.726123 0.089950 -1.000000 -1.000000 -1.000000 0.000000 1818.000000 0.000000 1.000000 192.428574
1 1.044108 1.000000 0.000000 0.871307 0.106789 -1.000000 -1.000000 -1.000000 0.000000 1619.000000 0.000000 1.000000 215.576826
1 3.896606 1.000000 0.000000 1.896292 0.239315 -1.000000 -1.000000 -1.000000 0.000000 7778.000000 0.000000 1.000000 177.577622
1 6.199119 1.000000 0.000000 2.140568 0.269114 -1.000000 -1.000000 -1.000000 0.000000 3297.000000 0.000000 1.000000 218.606676
1 2.069353 1.000000 0.000000 1.246697 0.158270 -1.000000 -1.000000 -1.000000 0.000000 4330.000000 0.000000 1.000000 246.054158
1 1.355470 1.000000 0.000000 1.033827 0.131748 -1.000000 -1.000000 -1.000000 0.000000 3742.000000 0.000000 1.000000 242.412698
1 2.252644 1.000000 0.000000 1.377643 0.171663 -1.000000 -1.000000 -1.000000 0.000000 2004.000000 0.000000 1.000000 295.305451
1 1.263886 1.000000 0.000000 0.862200 0.107733 -1.000000 -1.000000 -1.000000 0.000000 4243.000000 0.000000 1.000000 248.674829
1 2.612108 1.000000 0.000000 1.488310 0.190828 -1.000000 -1.000000 -1.000000 0.000000 3564.000000 0.000000 1.000000 226.954109
1 1.211290 1.000000 0.000000 0.930170 0.120584 -1.000000 -1.000000 -1.000000 0.000000 4171.000000 0.000000 1.000000 196.554095
1 0.153490 1.000000 0.000000 0.200577 0.024365 -1.000000 -1.000000 -1.000000 0.000000 242.000000 0.000000 1.000000 151.524886
1 19.576548 1.000000 0.000000 3.953844 0.491474 -1.000000 -1.000000 -1.000000 0.000000 8974.000000 0.000000 1.000000 221.626322
1 4.208623 1.000000 0.000000 1.814768 0.228443 -1.000000 -1.000000 -1.000000 0.000000 5162.000000 0.000000 1.000000 311.885121
1 0.758104 1.000000 0.000000 0.697181 0.082609 -1.000000 -1.000000 -1.000000 0.000000 3242.000000 0.000000 1.000000 218.920317
1 1.199953 1.000000 0.000000 0.991097 0.116717 -1.000000 -1.000000 -1.000000 0.000000 2627.000000 0.000000 1.000000 233.851471
1 0.299254 1.000000 0.000000 0.335626 0.044741 -1.000000 -1.000000 -1.000000 0.000000 1899.000000 0.000000 1.000000 202.995064
1 0.413277 1.000000 0.000000 0.422172 0.050076 -1.000000 -1.000000 -1.000000 0.000000 1640.000000 0.000000 1.000000 172.226111
1 0.434228 1.000000 0.000000 0.478893 0.057931 -1.000000 -1.000000 -1.000000 0.000000 2320.000000 0.000000 1.000000 231.374447
1 2.829040 1.000000 0.000000 1.570498 0.208324 -1.000000 -1.000000 -1.000000 0.000000 4719.000000 0.000000 1.000000 352.092244
1 0.346743 1.000000 0.000000 0.362676 0.054497 -1.000000 -1.000000 -1.000000 0.000000 1871.000000 0.000000 1.000000 148.719661
1 0.869964 1.000000 0.000000 0.731489 0.096966 -1.000000 -1.000000 -1.000000 0.000000 2095.000000 0.000000 1.000000 259.207696
1 1.181099 1.000000 0.000000 0.992619 0.130717 -1.000000 -1.000000 -1.000000 0.000000 4227.000000 0.000000 1.000000 150.074420
1 0.454039 1.000000 0.000000 0.521380 0.065774 -1.000000 -1.000000 -1.000000 0.000000 946.000000 0.000000 1.000000 319.613541
1 5.600479 1.000000 0.000000 2.321522 0.291413 -1.000000 -1.000000 -1.000000 0.000000 7105.000000 0.000000 1.000000 434.022696
1 3.729023 1.000000 0.000000 1.935160 0.243382 -1.000000 -1.000000 -1.000000 0.000000 3753.000000 0.000000 1.000000 260.258672
1 2.829040 1.000000 0.000000 1.570498 0.208324 -1.000000 -1.000000 -1.000000 0.000000 4719.000000 0.000000 1.000000 352.092244
1 0.234689 1.000000 0.000000 0.278873 0.035929 -1.000000 -1.000000 -1.000000 0.000000 1793.000000 0.000000 1.000000 227.784211
1 1.173334 1.000000 0.000000 0.971655 0.116126 -1.000000 -1.000000 -1.000000 0.000000 2410.000000 0.000000 1.000000 378.076891
1 1.072156 1.000000 0.000000 0.956869 0.124976 -1.000000 -1.000000 -1.000000 0.000000 2599.000000 0.000000 1.000000 282.881100
1 30.024046 2.000000 0.000000 8.569578 1.012799 -1.000000 -1.000000 -1.000000 80.000000 14521.000000 0.000000 1.000000 439.268927
0 90.698649 2.000000 0.000000 14.115095 1.746010 -1.000000 -1.000000 -1.000000 -1.000000 -1.000000 0.000000 1.000000 -1.000000
1 18.253063 2.000000 0.000000 5.510527 0.623915 -1.000000 -1.000000 -1.000000 35.000000 14100.000000 0.000000 1.000000 481.712061
1 7.635431 2.000000 0.000000 3.258123 0.395635 -1.000000 -1.000000 -1.000000 362.000000 9191.000000 0.000000 1.000000 251.468707
1 10.049221 2.000000 0.000000 5.396416 0.642797 -1.000000 -1.000000 -1.000000 406.000000 8804.000000 0.000000 1.000000 401.086487
1 21.526145 2.000000 0.000000 5.578429 0.682475 -1.000000 -1.000000 -1.000000 5.000000 13024.000000 0.000000 1.000000 526.517767
1 24.741336 2.000000 0.000000 7.391518 0.866752 -1.000000 -1.000000 -1.000000 109.000000 15096.000000 0.000000 1.000000 496.994887
1 33.023220 2.000000 0.000000 10.318185 1.223628 -1.000000 -1.000000 -1.000000 67.000000 24011.000000 0.000000 1.000000 382.327806
0 90.304632 2.000000 0.000000 15.340689 1.792072 -1.000000 -1.000000 -1.000000 -1.000000 -1.000000 0.000000 1.000000 -1.000000
1 79.760089 2.000000 0.000000 16.500524 1.996150 -1.000000 -1.000000 -1.000000 42.000000 44571.000000 0.000000 1.000000 432.635312
0 90.193891 2.000000 0.000000 15.264251 1.859942 -1.000000 -1.000000 -1.000000 -1.000000 -1.000000 0.000000 1.000000 -1.000000
1 18.948975 2.000000 0.000000 5.457487 0.666018 -1.000000 -1.000000 -1.000000 0.000000 9323.000000 0.000000 1.000000 323.618774
1 37.761641 2.000000 0.000000 9.813047 1.188132 -1.000000 -1.000000 -1.000000 61.000000 22494.000000 0.000000 1.000000 263.611264
1 19.865886 2.000000 0.000000 7.080298 0.857831 -1.000000 -1.000000 -1.000000 0.000000 10747.000000 0.000000 1.000000 237.771231
1 79.085646 2.000000 0.000000 13.153250 1.588810 -1.000000 -1.000000 -1.000000 738.000000 26061.000000 0.000000 1.000000 311.143920
0 90.962487 2.000000 0.000000 16.433435 1.907747 -1.000000 -1.000000 -1.000000 -1.000000 -1.000000 0.000000 1.000000 -1.000000
1 33.857362 2.000000 0.000000 9.710926 1.184597 -1.000000 -1.000000 -1.000000 42.000000 25013.000000 0.000000 1.000000 479.833782
1 39.737016 2.000000 0.000000 10.175752 1.198881 -1.000000 -1.000000 -1.000000 24.000000 13285.000000 0.000000 1.000000 392.343735
1 29.909506 2.000000 0.000000 8.876346 1.045557 -1.000000 -1.000000 -1.000000 73.000000 13778.000000 0.000000 1.000000 265.400739
1 68.013135 2.000000 0.000000 14.208088 1.699460 -1.000000 -1.000000 -1.000000 0.000000 25025.000000 0.000000 1.000000 437.240933
0 90.138389 2.000000 0.000000 16.236331 1.915530 -1.000000 -1.000000 -1.000000 -1.000000 -1.000000 0.000000 1.000000 -1.000000
1 21.671774 2.000000 0.000000 7.114607 0.855462 -1.000000 -1.000000 -1.000000 135.000000 11956.000000 0.000000 1.000000 518.761794
1 10.842032 2.000000 0.000000 5.102847 0.570404 -1.000000 -1.000000 -1.000000 7.000000 8819.000000 0.000000 1.000000 426.779934
1 3.558695 2.000000 0.000000 2.878612 0.347545 -1.000000 -1.000000 -1.000000 135.000000 8103.000000 0.000000 1.000000 288.356027
1 33.759899 2.000000 0.000000 7.810372 0.899998 -1.000000 -1.000000 -1.000000 36.000000 13006.000000 0.000000 1.000000 283.596004
1 24.292145 2.000000 0.000000 8.607014 0.942671 -1.000000 -1.000000 -1.000000 9.000000 28521.000000 0.000000 1.000000 378.401110
1 73.764043 2.000000 0.000000 17.548574 1.753095 -1.000000 -1.000000 -1.000000 277.000000 13899.000000 0.000000 1.000000 908.417822
1 53.953480 2.000000 0.000000 12.305124 1.448834 -1.000000 -1.000000 -1.000000 70.000000 18038.000000 0.000000 1.000000 411.458879
1 80.742803 2.000000 0.000000 13.897621 1.653688 -1.000000 -1.000000 -1.000000 215.000000 23511.000000 0.000000 1.000000 327.292344
1 30.255287 2.000000 0.000000 8.767861 0.987854 -1.000000 -1.000000 -1.000000 1261.000000 23271.000000 0.000000 1.000000 324.080547
1 31.420810 2.000000 0.000000 8.566496 0.983544 -1.000000 -1.000000 -1.000000 152.000000 17128.000000 0.000000 1.000000 435.329993
1 58.927514 2.000000 0.000000 13.341471 1.568349 -1.000000 -1.000000 -1.000000 274.000000 20983.000000 0.000000 1.000000 515.995475
1 20.119231 2.000000 0.000000 7.525340 0.877420 -1.000000 -1.000000 -1.000000 42.000000 16149.000000 0.000000 1.000000 366.012499
1 17.547036 2.000000 0.000000 6.206859 0.704016 -1.000000 -1.000000 -1.000000 150.000000 16230.000000 0.000000 1.000000 511.175202
1 82.860341 2.000000 0.000000 13.741167 1.740423 -1.000000 -1.000000 -1.000000 0.000000 39781.000000 0.000000 1.000000 415.994500
0 90.268843 2.000000 0.000000 20.694669 2.291773 -1.000000 -1.000000 -1.000000 -1.000000 -1.000000 0.000000 1.000000 -1.000000
1 66.400229 2.000000 0.000000 13.599199 1.671104 -1.000000 -1.000000 -1.000000 223.000000 18912.000000 0.000000 1.000000 542.151256
1 20.129188 2.000000 0.000000 7.407129 0.804246 -1.000000 -1.000000 -1.000000 36.000000 9547.000000 0.000000 1.000000 512.173457
1 71.348465 2.000000 0.000000 14.935933 1.727702 -1.000000 -1.000000 -1.000000 55.000000 31405.000000 0.000000 1.000000 441.178665
1 49.418437 2.000000 0.000000 10.543931 1.224864 -1.000000 -1.000000 -1.000000 88.000000 22739.000000 0.000000 1.000000 480.143147
0 90.383753 2.000000 0.000000 15.654953 1.886456 -1.000000 -1.000000 -1.000000 -1.000000 -1.000000 0.000000 1.000000 -1.000000
1 36.003581 2.000000 0.000000 9.552401 1.160746 -1.000000 -1.000000 -1.000000 233.000000 13840.000000 0.000000 1.000000 339.350908
1 77.151982 2.000000 0.000000 14.229189 1.720702 -1.000000 -1.000000 -1.000000 0.000000 35146.000000 0.000000 1.000000 575.472928
0 90.564669 2.000000 0.000000 12.831409 1.567564 -1.000000 -1.000000 -1.000000 -1.000000 -1.000000 0.000000 1.000000 -1.000000
1 16.420900 2.000000 0.000000 5.621351 0.666015 -1.000000 -1.000000 -1.000000 27.000000 17748.000000 0.000000 1.000000 518.038775
1 5.481986 2.000000 0.000000 3.653494 0.431096 -1.000000 -1.000000 -1.000000 1.000000 11180.000000 0.000000 1.000000 253.103653
1 83.873493 2.000000 0.000000 16.299961 2.072278 -1.000000 -1.000000 -1.000000 13.000000 33280.000000 0.000000 1.000000 524.378957
1 44.093478 2.000000 0.000000 9.027603 1.108470 -1.000000 -1.000000 -1.000000 54.000000 19684.000000 0.000000 1.000000 366.672996
1 54.719380 2.000000 0.000000 9.782410 1.177312 -1.000000 -1.000000 -1.000000 764.000000 19369.000000 0.000000 1.000000 295.939868
1 29.035956 2.000000 0.000000 7.060436 0.861002 -1.000000 -1.000000 -1.000000 6.000000 14107.000000 0.000000 1.000000 331.982394
1 30.358107 2.000000 0.000000 7.149988 0.834464 -1.000000 -1.000000 -1.000000 202.000000 17823.000000 0.000000 1.000000 351.245881
0 90.745341 2.000000 0.000000 14.617867 1.624232 -1.000000 -1.000000 -1.000000 -1.000000 -1.000000 0.000000 1.000000 -1.000000
0 90.478432 2.000000 0.000000 13.922724 1.662934 -1.000000 -1.000000 -1.000000 -1.000000 -1.000000 0.000000 1.000000 -1.000000
1 67.121626 2.000000 0.000000 11.632449 1.394773 -1.000000 -1.000000 -1.000000 112.000000 13618.000000 0.000000 1.000000 379.878988
1 32.153847 2.000000 0.000000 7.424790 0.885454 -1.000000 -1.000000 -1.000000 21.000000 16256.000000 0.000000 1.000000 468.504463
0 90.035769 2.000000 0.000000 13.313957 1.621282 -1.000000 -1.000000 -1.000000 -1.000000 -1.000000 0.000000 1.000000 -1.000000
1 73.186838 2.000000 0.000000 11.526049 1.396296 -1.000000 -1.000000 -1.000000 47.000000 23086.000000 0.000000 1.000000 546.589676
1 66.634970 2.000000 0.000000 11.798703 1.431935 -1.000000 -1.000000 -1.000000 46.000000 17111.000000 0.000000 1.000000 398.527704
1 56.240620 2.000000 0.000000 10.838078 1.312985 -1.000000 -1.000000 -1.000000 63.000000 22747.000000 0.000000 1.000000 364.417989
0 90.103539 2.000000 0.000000 13.951694 1.640050 -1.000000 -1.000000 -1.000000 -1.000000 -1.000000 0.000000 1.000000 -1.000000
0 90.004025 4.000000 0.000000 92.279904 9.495626 -1.000000 -1.000000 -1.000000 -1.000000 -1.000000 0.000000 1.000000 -1.000000
0 90.045969 4.000000 0.000000 28.969511 2.521438 -1.000000 -1.000000 -1.000000 -1.000000 -1.000000 0.000000 1.000000 -1.000000
0 90.023636 4.000000 0.000000 55.328690 5.204375 -1.000000 -1.000000 -1.000000 -1.000000 -1.000000 0.000000 1.000000 -1.000000
0 90.088248 4.000000 0.000000 40.171329 3.542617 -1.000000 -1.000000 -1.000000 -1.000000 -1.000000 0.000000 1.000000 -1.000000
0 90.001523 4.000000 0.000000 102.478392 8.316361 -1.000000 -1.000000 -1.000000 -1.000000 -1.000000 0.000000 1.000000 -1.000000
0 90.119466 4.000000 0.000000 46.414959 3.896044 -1.000000 -1.000000 -1.000000 -1.000000 -1.000000 0.000000 1.000000 -1.000000
0 90.017367 4.000000 0.000000 71.616007 7.532301 -1.000000 -1.000000 -1.000000 -1.000000 -1.000000 0.000000 1.000000 -1.000000
0 90.015642 4.000000 0.000000 84.537551 7.855173 -1.000000 -1.000000 -1.000000 -1.000000 -1.000000 0.000000 1.000000 -1.000000
0 90.011989 4.000000 0.000000 44.817153 3.957251 -1.000000 -1.000000 -1.000000 -1.000000 -1.000000 0.000000 1.000000 -1.000000
0 90.056353 4.000000 0.000000 50.515433 5.674160 -1.000000 -1.000000 -1.000000 -1.000000 -1.000000 0.000000 1.000000 -1.000000
0 90.010741 4.000000 0.000000 47.008693 4.715709 -1.000000 -1.000000 -1.000000 -1.000000 -1.000000 0.000000 1.000000 -1.000000
0 90.029116 4.000000 0.000000 86.174364 7.845269 -1.000000 -1.000000 -1.000000 -1.000000 -1.000000 0.000000 1.000000 -1.000000
0 90.006764 4.000000 0.000000 101.031252 9.276813 -1.000000 -1.000000 -1.000000 -1.000000 -1.000000 0.000000 1.000000 -1.000000
0 90.044709 4.000000 0.000000 55.559151 5.407052 -1.000000 -1.000000 -1.000000 -1.000000 -1.000000 0.000000 1.000000 -1.000000
0 90.070141 4.000000 0.000000 40.142769 3.803087 -1.000000 -1.000000 -1.000000 -1.000000 -1.000000 0.000000 1.000000 -1.000000
0 90.111322 4.000000 0.000000 62.831643 5.579733 -1.000000 -1.000000 -1.000000 -1.000000 -1.000000 0.000000 1.000000 -1.000000
0 90.239310 4.000000 0.000000 31.863271 3.294166 -1.000000 -1.000000 -1.000000 -1.000000 -1.000000 0.000000 1.000000 -1.000000
0 90.015243 4.000000 0.000000 105.231522 6.808865 -1.000000 -1.000000 -1.000000 -1.000000 -1.000000 0.000000 1.000000 -1.000000
0 90.076167 4.000000 0.000000 40.910893 3.330898 -1.000000 -1.000000 -1.000000 -1.000000 -1.000000 0.000000 1.000000 -1.000000
0 90.103162 4.000000 0.000000 28.567838 2.825605 -1.000000 -1.000000 -1.000000 -1.000000 -1.000000 0.000000 1.000000 -1.000000
0 90.056858 4.000000 0.000000 45.056868 4.408215 -1.000000 -1.000000 -1.000000 -1.000000 -1.000000 0.000000 1.000000 -1.000000
0 90.003170 4.000000 0.000000 84.905115 8.988348 -1.000000 -1.000000 -1.000000 -1.000000 -1.000000 0.000000 1.000000 -1.000000
0 90.024929 4.000000 0.000000 33.126704 3.583859 -1.000000 -1.000000 -1.000000 -1.000000 -1.000000 0.000000 1.000000 -1.000000
0 90.023363 4.000000 0.000000 82.915584 8.138748 -1.000000 -1.000000 -1.000000 -1.000000 -1.000000 0.000000 1.000000 -1.000000
0 90.000008 4.000000 0.000000 69.065605 7.446441 -1.000000 -1.000000 -1.000000 -1.000000 -1.000000 0.000000 1.000000 -1.000000
0 90.034811 4.000000 0.000000 82.110885 6.937780 -1.000000 -1.000000 -1.000000 -1.000000 -1.000000 0.000000 1.000000 -1.000000
0 90.074280 4.000000 0.000000 44.642769 4.604550 -1.000000 -1.000000 -1.000000 -1.000000 -1.000000 0.000000 1.000000 -1.000000
0 90.042109 4.000000 0.000000 55.990418 5.572831 -1.000000 -1.000000 -1.000000 -1.000000 -1.000000 0.000000 1.000000 -1.000000
0 90.018220 4.000000 0.000000 98.238113 10.098752 -1.000000 -1.000000 -1.000000 -1.000000 -1.000000 0.000000 1.000000 -1.000000
0 90.041113 4.000000 0.000000 31.629253 2.943808 -1.000000 -1.000000 -1.000000 -1.000000 -1.000000 0.000000 1.000000 -1.000000
0 90.063503 4.000000 0.000000 35.160856 3.500243 -1.000000 -1.000000 -1.000000 -1.000000 -1.000000 0.000000 1.000000 -1.000000
0 90.175053 4.000000 0.000000 23.078978 2.218974 -1.000000 -1.000000 -1.000000 -1.000000 -1.000000 0.000000 1.000000 -1.000000
0 90.080092 4.000000 0.000000 52.055827 4.911686 -1.000000 -1.000000 -1.000000 -1.000000 -1.000000 0.000000 1.000000 -1.000000
0 90.149477 4.000000 0.000000 30.198588 2.506286 -1.000000 -1.000000 -1.000000 -1.000000 -1.000000 0.000000 1.000000 -1.000000
0 90.014723 4.000000 0.000000 69.354046 6.265285 -1.000000 -1.000000 -1.000000 -1.000000 -1.000000 0.000000 1.000000 -1.000000
0 90.014202 4.000000 0.000000 53.009703 5.034276 -1.000000 -1.000000 -1.000000 -1.000000 -1.000000 0.000000 1.000000 -1.000000
0 90.091527 4.000000 0.000000 41.527049 3.676202 -1.000000 -1.000000 -1.000000 -1.000000 -1.000000 0.000000 1.000000 -1.000000
0 90.008724 4.000000 0.000000 92.978097 10.425433 -1.000000 -1.000000 -1.000000 -1.000000 -1.000000 0.000000 1.000000 -1.000000
0 90.119747 4.000000 0.000000 31.728701 2.915168 -1.000000 -1.000000 -1.000000 -1.000000 -1.000000 0.000000 1.000000 -1.000000
0 90.059538 4.000000 0.000000 59.441661 5.674946 -1.000000 -1.000000 -1.000000 -1.000000 -1.000000 0.000000 1.000000 -1.000000
0 90.065575 4.000000 0.000000 78.898593 8.568602 -1.000000 -1.000000 -1.000000 -1.000000 -1.000000 0.000000 1.000000 -1.000000
0 90.058816 4.000000 0.000000 90.091287 7.790666 -1.000000 -1.000000 -1.000000 -1.000000 -1.000000 0.000000 1.000000 -1.000000
0 90.219286 4.000000 0.000000 22.139978 2.226218 -1.000000 -1.000000 -1.000000 -1.000000 -1.000000 0.000000 1.000000 -1.000000
0 90.031698 4.000000 0.000000 56.565086 4.925966 -1.000000 -1.000000 -1.000000 -1.000000 -1.000000 0.000000 1.000000 -1.000000
0 90.114242 4.000000 0.000000 35.698780 3.247257 -1.000000 -1.000000 -1.000000 -1.000000 -1.000000 0.000000 1.000000 -1.000000
0 90.028383 4.000000 0.000000 77.331583 5.765506 -1.000000 -1.000000 -1.000000 -1.000000 -1.000000 0.000000 1.000000 -1.000000
0 90.121148 4.000000 0.000000 36.725104 3.802888 -1.000000 -1.000000 -1.000000 -1.000000 -1.000000 0.000000 1.000000 -1.000000
0 90.091993 4.000000 0.000000 35.593265 3.553803 -1.000000 -1.000000 -1.000000 -1.000000 -1.000000 0.000000 1.000000 -1.000000
0 90.026252 4.000000 0.000000 24.439024 2.256347 -1.000000 -1.000000 -1.000000 -1.000000 -1.000000 0.000000 1.000000 -1.000000
0 90.011362 4.000000 0.000000 66.536930 6.318900 -1.000000 -1.000000 -1.000000 -1.000000 -1.000000 0.000000 1.000000 -1.000000
0 90.234302 4.000000 0.000000 58.765251 4.409201 -1.000000 -1.000000 -1.000000 -1.000000 -1.000000 0.000000 1.000000 -1.000000
0 90.042990 4.000000 0.000000 39.230620 4.064412 -1.000000 -1.000000 -1.000000 -1.000000 -1.000000 0.000000 1.000000 -1.000000
0 90.048588 4.000000 0.000000 46.083467 4.082063 -1.000000 -1.000000 -1.000000 -1.000000 -1.000000 0.000000 1.000000 -1.000000
0 90.056120 4.000000 0.000000 42.401493 4.528269 -1.000000 -1.000000 -1.000000 -1.000000 -1.000000 0.000000 1.000000 -1.000000
0 90.009486 4.000000 0.000000 44.142025 4.489404 -1.000000 -1.000000 -1.000000 -1.000000 -1.000000 0.000000 1.000000 -1.000000
0 90.044460 4.000000 0.000000 59.692795 5.277159 -1.000000 -1.000000 -1.000000 -1.000000 -1.000000 0.000000 1.000000 -1.000000
0 90.009717 4.000000 0.000000 78.337695 8.917065 -1.000000 -1.000000 -1.000000 -1.000000 -1.000000 0.000000 1.000000 -1.000000
0 90.035635 4.000000 0.000000 48.181901 3.638636 -1.000000 -1.000000 -1.000000 -1.000000 -1.000000 0.000000 1.000000 -1.000000
0 90.004025 6.000000 0.000000 92.279904 9.495626 -1.000000 -1.000000 -1.000000 -1.000000 -1.000000 0.000000 1.000000 -1.000000
0 90.045969 6.000000 0.000000 28.969511 2.521438 -1.000000 -1.000000 -1.000000 -1.000000 -1.000000 0.000000 1.000000 -1.000000
0 90.023636 6.000000 0.000000 55.328690 5.204375 -1.000000 -1.000000 -1.000000 -1.000000 -1.000000 0.000000 1.000000 -1.000000
0 90.088248 6.000000 0.000000 40.171329 3.542617 -1.000000 -1.000000 -1.000000 -1.000000 -1.000000 0.000000 1.000000 -1.000000
0 90.001523 6.000000 0.000000 102.478392 8.316361 -1.000000 -1.000000 -1.000000 -1.000000 -1.000000 0.000000 1.000000 -1.000000
0 90.119466 6.000000 0.000000 46.414959 3.896044 -1.000000 -1.000000 -1.000000 -1.000000 -1.000000 0.000000 1.000000 -1.000000
0 90.017367 6.000000 0.000000 71.616007 7.532301 -1.000000 -1.000000 -1.000000 -1.000000 -1.000000 0.000000 1.000000 -1.000000
0 90.015642 6.000000 0.000000 84.537551 7.855173 -1.000000 -1.000000 -1.000000 -1.000000 -1.000000 0.000000 1.000000 -1.000000
0 90.011989 6.000000 0.000000 44.817153 3.957251 -1.000000 -1.000000 -1.000000 -1.000000 -1.000000 0.000000 1.000000 -1.000000
0 90.056353 6.000000 0.000000 50.515433 5.674160 -1.000000 -1.000000 -1.000000 -1.000000 -1.000000 0.000000 1.000000 -1.000000
0 90.010741 6.000000 0.000000 47.008693 4.715709 -1.000000 -1.000000 -1.000000 -1.000000 -1.000000 0.000000 1.000000 -1.000000
0 90.029116 6.000000 0.000000 86.174364 7.845269 -1.000000 -1.000000 -1.000000 -1.000000 -1.000000 0.000000 1.000000 -1.000000
0 90.006764 6.000000 0.000000 101.031252 9.276813 -1.000000 -1.000000 -1.000000 -1.000000 -1.000000 0.000000 1.000000 -1.000000
0 90.044709 6.000000 0.000000 55.559151 5.407052 -1.000000 -1.000000 -1.000000 -1.000000 -1.000000 0.000000 1.000000 -1.000000
0 90.070141 6.000000 0.000000 40.142769 3.803087 -1.000000 -1.000000 -1.000000 -1.000000 -1.000000 0.000000 1.000000 -1.000000
0 90.111322 6.000000 0.000000 62.831643 5.579733 -1.000000 -1.000000 -1.000000 -1.000000 -1.000000 0.000000 1.000000 -1.000000
0 90.239310 6.000000 0.000000 31.863271 3.294166 -1.000000 -1.000000 -1.000000 -1.000000 -1.000000 0.000000 1.000000 -1.000000
0 90.015243 6.000000 0.000000 105.231522 6.808865 -1.000000 -1.000000 -1.000000 -1.000000 -1.000000 0.000000 1.000000 -1.000000
0 90.076167 6.000000 0.000000 40.910893 3.330898 -1.000000 -1.000000 -1.000000 -1.000000 -1.000000 0.000000 1.000000 -1.000000
0 90.103162 6.000000 0.000000 28.567838 2.825605 -1.000000 -1.000000 -1.000000 -1.000000 -1.000000 0.000000 1.000000 -1.000000
0 90.056858 6.000000 0.000000 45.056868 4.408215 -1.000000 -1.000000 -1.000000 -1.000000 -1.000000 0.000000 1.000000 -1.000000
0 90.003170 6.000000 0.000000 84.905115 8.988348 -1.000000 -1.000000 -1.000000 -1.000000 -1.000000 0.000000 1.000000 -1.000000
0 90.024929 6.000000 0.000000 33.126704 3.583859 -1.000000 -1.000000 -1.000000 -1.000000 -1.000000 0.000000 1.000000 -1.000000
0 90.023363 6.000000 0.000000 82.915584 8.138748 -1.000000 -1.000000 -1.000000 -1.000000 -1.000000 0.000000 1.000000 -1.000000
0 90.000008 6.000000 0.000000 69.065605 7.446441 -1.000000 -1.000000 -1.000000 -1.000000 -1.000000 0.000000 1.000000 -1.000000
0 90.034811 6.000000 0.000000 82.110885 6.937780 -1.000000 -1.000000 -1.000000 -1.000000 -1.000000 0.000000 1.000000 -1.000000
0 90.074280 6.000000 0.000000 44.642769 4.604550 -1.000000 -1.000000 -1.000000 -1.000000 -1.000000 0.000000 1.000000 -1.000000
0 90.042109 6.000000 0.000000 55.990418 5.572831 -1.000000 -1.000000 -1.000000 -1.000000 -1.000000 0.000000 1.000000 -1.000000
0 90.018220 6.000000 0.000000 98.238113 10.098752 -1.000000 -1.000000 -1.000000 -1.000000 -1.000000 0.000000 1.000000 -1.000000
0 90.041113 6.000000 0.000000 31.629253 2.943808 -1.000000 -1.000000 -1.000000 -1.000000 -1.000000 0.000000 1.000000 -1.000000
0 90.063503 6.000000 0.000000 35.160856 3.500243 -1.000000 -1.000000 -1.000000 -1.000000 -1.000000 0.000000 1.000000 -1.000000
0 90.175053 6.000000 0.000000 23.078978 2.218974 -1.000000 -1.000000 -1.000000 -1.000000 -1.000000 0.000000 1.000000 -1.000000
0 90.080092 6.000000 0.000000 52.055827 4.911686 -1.000000 -1.000000 -1.000000 -1.000000 -1.000000 0.000000 1.000000 -1.000000
0 90.149477 6.000000 0.000000 30.198588 2.506286 -1.000000 -1.000000 -1.000000 -1.000000 -1.000000 0.000000 1.000000 -1.000000
0 90.014723 6.000000 0.000000 69.354046 6.265285 -1.000000 -1.000000 -1.000000 -1.000000 -1.000000 0.000000 1.000000 -1.000000
0 90.014202 6.000000 0.000000 53.009703 5.034276 -1.000000 -1.000000 -1.000000 -1.000000 -1.000000 0.000000 1.000000 -1.000000
0 90.091527 6.000000 0.000000 41.527049 3.676202 -1.000000 -1.000000 -1.000000 -1.000000 -1.000000 0.000000 1.000000 -1.000000
0 90.008724 6.000000 0.000000 92.978097 10.425433 -1.000000 -1.000000 -1.000000 -1.000000 -1.000000 0.000000 1.000000 -1.000000
0 90.119747 6.000000 0.000000 31.728701 2.915168 -1.000000 -1.000000 -1.000000 -1.000000 -1.000000 0.000000 1.000000 -1.000000
0 90.059538 6.000000 0.000000 59.441661 5.674946 -1.000000 -1.000000 -1.000000 -1.000000 -1.000000 0.000000 1.000000 -1.000000
0 90.065575 6.000000 0.000000 78.898593 8.568602 -1.000000 -1.000000 -1.000000 -1.000000 -1.000000 0.000000 1.000000 -1.000000
0 90.058816 6.000000 0.000000 90.091287 7.790666 -1.000000 -1.000000 -1.000000 -1.000000 -1.000000 0.000000 1.000000 -1.000000
0 90.219286 6.000000 0.000000 22.139978 2.226218 -1.000000 -1.000000 -1.000000 -1.000000 -1.000000 0.000000 1.000000 -1.000000
0 90.031698 6.000000 0.000000 56.565086 4.925966 -1.000000 -1.000000 -1.000000 -1.000000 -1.000000 0.000000 1.000000 -1.000000
0 90.114242 6.000000 0.000000 35.698780 3.247257 -1.000000 -1.000000 -1.000000 -1.000000 -1.000000 0.000000 1.000000 -1.000000
0 90.028383 6.000000 0.000000 77.331583 5.765506 -1.000000 -1.000000 -1.000000 -1.000000 -1.000000 0.000000 1.000000 -1.000000
0 90.121148 6.000000 0.000000 36.725104 3.802888 -1.000000 -1.000000 -1.000000 -1.000000 -1.000000 0.000000 1.000000 -1.000000
0 90.091993 6.000000 0.000000 35.593265 3.553803 -1.000000 -1.000000 -1.000000 -1.000000 -1.000000 0.000000 1.000000 -1.000000
0 90.026252 6.000000 0.000000 24.439024 2.256347 -1.000000 -1.000000 -1.000000 -1.000000 -1.000000 0.000000 1.000000 -1.000000
0 90.011362 6.000000 0.000000 66.536930 6.318900 -1.000000 -1.000000 -1.000000 -1.000000 -1.000000 0.000000 1.000000 -1.000000
0 90.234302 6.000000 0.000000 58.765251 4.409201 -1.000000 -1.000000 -1.000000 -1.000000 -1.000000 0.000000 1.000000 -1.000000
0 90.042990 6.000000 0.000000 39.230620 4.064412 -1.000000 -1.000000 -1.000000 -1.000000 -1.000000 0.000000 1.000000 -1.000000
0 90.048588 6.000000 0.000000 46.083467 4.082063 -1.000000 -1.000000 -1.000000 -1.000000 -1.000000 0.000000 1.000000 -1.000000
0 90.056120 6.000000 0.000000 42.401493 4.528269 -1.000000 -1.000000 -1.000000 -1.000000 -1.000000 0.000000 1.000000 -1.000000
0 90.009486 6.000000 0.000000 44.142025 4.489404 -1.000000 -1.000000 -1.000000 -1.000000 -1.000000 0.000000 1.000000 -1.000000
0 90.044460 6.000000 0.000000 59.692795 5.277159 -1.000000 -1.000000 -1.000000 -1.000000 -1.000000 0.000000 1.000000 -1.000000
0 90.009717 6.000000 0.000000 78.337695 8.917065 -1.000000 -1.000000 -1.000000 -1.000000 -1.000000 0.000000 1.000000 -1.000000
0 90.035635 6.000000 0.000000 48.181901 3.638636 -1.000000 -1.000000 -1.000000 -1.000000 -1.000000 0.000000 1.000000 -1.000000
0 90.004025 8.000000 0.000000 92.279904 9.495626 -1.000000 -1.000000 -1.000000 -1.000000 -1.000000 0.000000 1.000000 -1.000000
0 90.045969 8.000000 0.000000 28.969511 2.521438 -1.000000 -1.000000 -1.000000 -1.000000 -1.000000 0.000000 1.000000 -1.000000
0 90.023636 8.000000 0.000000 55.328690 5.204375 -1.000000 -1.000000 -1.000000 -1.000000 -1.000000 0.000000 1.000000 -1.000000
0 90.088248 8.000000 0.000000 40.171329 3.542617 -1.000000 -1.000000 -1.000000 -1.000000 -1.000000 0.000000 1.000000 -1.000000
0 90.001523 8.000000 0.000000 102.478392 8.316361 -1.000000 -1.000000 -1.000000 -1.000000 -1.000000 0.000000 1.000000 -1.000000
0 90.119466 8.000000 0.000000 46.414959 3.896044 -1.000000 -1.000000 -1.000000 -1.000000 -1.000000 0.000000 1.000000 -1.000000
0 90.017367 8.000000 0.000000 71.616007 7.532301 -1.000000 -1.000000 -1.000000 -1.000000 -1.000000 0.000000 1.000000 -1.000000
0 90.015642 8.000000 0.000000 84.537551 7.855173 -1.000000 -1.000000 -1.000000 -1.000000 -1.000000 0.000000 1.000000 -1.000000
0 90.011989 8.000000 0.000000 44.817153 3.957251 -1.000000 -1.000000 -1.000000 -1.000000 -1.000000 0.000000 1.000000 -1.000000
0 90.056353 8.000000 0.000000 50.515433 5.674160 -1.000000 -1.000000 -1.000000 -1.000000 -1.000000 0.000000 1.000000 -1.000000
0 90.010741 8.000000 0.000000 47.008693 4.715709 -1.000000 -1.000000 -1.000000 -1.000000 -1.000000 0.000000 1.000000 -1.000000
0 90.029116 8.000000 0.000000 86.174364 7.845269 -1.000000 -1.000000 -1.000000 -1.000000 -1.000000 0.000000 1.000000 -1.000000
0 90.006764 8.000000 0.000000 101.031252 9.276813 -1.000000 -1.000000 -1.000000 -1.000000 -1.000000 0.000000 1.000000 -1.000000
0 90.044709 8.000000 0.000000 55.559151 5.407052 -1.000000 -1.000000 -1.000000 -1.000000 -1.000000 0.000000 1.000000 -1.000000
0 90.070141 8.000000 0.000000 40.142769 3.803087 -1.000000 -1.000000 -1.000000 -1.000000 -1.000000 0.000000 1.000000 -1.000000
0 90.111322 8.000000 0.000000 62.831643 5.579733 -1.000000 -1.000000 -1.000000 -1.000000 -1.000000 0.000000 1.000000 -1.000000
0 90.239310 8.000000 0.000000 31.863271 3.294166 -1.000000 -1.000000 -1.000000 -1.000000 -1.000000 0.000000 1.000000 -1.000000
0 90.015243 8.000000 0.000000 105.231522 6.808865 -1.000000 -1.000000 -1.000000 -1.000000 -1.000000 0.000000 1.000000 -1.000000
0 90.076167 8.000000 0.000000 40.910893 3.330898 -1.000000 -1.000000 -1.000000 -1.000000 -1.000000 0.000000 1.000000 -1.000000
0 90.103162 8.000000 0.000000 28.567838 2.825605 -1.000000 -1.000000 -1.000000 -1.000000 -1.000000 0.000000 1.000000 -1.000000
0 90.056858 8.000000 0.000000 45.056868 4.408215 -1.000000 -1.000000 -1.000000 -1.000000 -1.000000 0.000000 1.000000 -1.000000
0 90.003170 8.000000 0.000000 84.905115 8.988348 -1.000000 -1.000000 -1.000000 -1.000000 -1.000000 0.000000 1.000000 -1.000000
0 90.024929 8.000000 0.000000 33.126704 3.583859 -1.000000 -1.000000 -1.000000 -1.000000 -1.000000 0.000000 1.000000 -1.000000
0 90.023363 8.000000 0.000000 82.915584 8.138748 -1.000000 -1.000000 -1.000000 -1.000000 -1.000000 0.000000 1.000000 -1.000000
0 90.000008 8.000000 0.000000 69.065605 7.446441 -1.000000 -1.000000 -1.000000 -1.000000 -1.000000 0.000000 1.000000 -1.000000
0 90.034811 8.000000 0.000000 82.110885 6.937780 -1.000000 -1.000000 -1.000000 -1.000000 -1.000000 0.000000 1.000000 -1.000000
0 90.074280 8.000000 0.000000 44.642769 4.604550 -1.000000 -1.000000 -1.000000 -1.000000 -1.000000 0.000000 1.000000 -1.000000
0 90.042109 8.000000 0.000000 55.990418 5.572831 -1.000000 -1.000000 -1.000000 -1.000000 -1.000000 0.000000 1.000000 -1.000000
0 90.018220 8.000000 0.000000 98.238113 10.098752 -1.000000 -1.000000 -1.000000 -1.000000 -1.000000 0.000000 1.000000 -1.000000
0 90.041113 8.000000 0.000000 31.629253 2.943808 -1.000000 -1.000000 -1.000000 -1.000000 -1.000000 0.000000 1.000000 -1.000000
0 90.063503 8.000000 0.000000 35.160856 3.500243 -1.000000 -1.000000 -1.000000 -1.000000 -1.000000 0.000000 1.000000 -1.000000
0 90.175053 8.000000 0.000000 23.078978 2.218974 -1.000000 -1.000000 -1.000000 -1.000000 -1.000000 0.000000 1.000000 -1.000000
0 90.080092 8.000000 0.000000 52.055827 4.911686 -1.000000 -1.000000 -1.000000 -1.000000 -1.000000 0.000000 1.000000 -1.000000
0 90.149477 8.000000 0.000000 30.198588 2.506286 -1.000000 -1.000000 -1.000000 -1.000000 -1.000000 0.000000 1.000000 -1.000000
0 90.014723 8.000000 0.000000 69.354046 6.265285 -1.000000 -1.000000 -1.000000 -1.000000 -1.000000 0.000000 1.000000 -1.000000
0 90.014202 8.000000 0.000000 53.009703 5.034276 -1.000000 -1.000000 -1.000000 -1.000000 -1.000000 0.000000 1.000000 -1.000000
0 90.091527 8.000000 0.000000 41.527049 3.676202 -1.000000 -1.000000 -1.000000 -1.000000 -1.000000 0.000000 1.000000 -1.000000
0 90.008724 8.000000 0.000000 92.978097 10.425433 -1.000000 -1.000000 -1.000000 -1.000000 -1.000000 0.000000 1.000000 -1.000000
0 90.119747 8.000000 0.000000 31.728701 2.915168 -1.000000 -1.000000 -1.000000 -1.000000 -1.000000 0.000000 1.000000 -1.000000
0 90.059538 8.000000 0.000000 59.441661 5.674946 -1.000000 -1.000000 -1.000000 -1.000000 -1.000000 0.000000 1.000000 -1.000000
0 90.065575 8.000000 0.000000 78.898593 8.568602 -1.000000 -1.000000 -1.000000 -1.000000 -1.000000 0.000000 1.000000 -1.000000
0 90.058816 8.000000 0.000000 90.091287 7.790666 -1.000000 -1.000000 -1.000000 -1.000000 -1.000000 0.000000 1.000000 -1.000000
0 90.219286 8.000000 0.000000 22.139978 2.226218 -1.000000 -1.000000 -1.000000 -1.000000 -1.000000 0.000000 1.000000 -1.000000
0 90.031698 8.000000 0.000000 56.565086 4.925966 -1.000000 -1.000000 -1.000000 -1.000000 -1.000000 0.000000 1.000000 -1.000000
0 90.114242 8.000000 0.000000 35.698780 3.247257 -1.000000 -1.000000 -1.000000 -1.000000 -1.000000 0.000000 1.000000 -1.000000
0 90.028383 8.000000 0.000000 77.331583 5.765506 -1.000000 -1.000000 -1.000000 -1.000000 -1.000000 0.000000 1.000000 -1.000000
0 90.121148 8.000000 0.000000 36.725104 3.802888 -1.000000 -1.000000 -1.000000 -1.000000 -1.000000 0.000000 1.000000 -1.000000
0 90.091993 8.000000 0.000000 35.593265 3.553803 -1.000000 -1.000000 -1.000000 -1.000000 -1.000000 0.000000 1.000000 -1.000000
0 90.026252 8.000000 0.000000 24.439024 2.256347 -1.000000 -1.000000 -1.000000 -1.000000 -1.000000 0.000000 1.000000 -1.000000
0 90.011362 8.000000 0.000000 66.536930 6.318900 -1.000000 -1.000000 -1.000000 -1.000000 -1.000000 0.000000 1.000000 -1.000000
0 90.234302 8.000000 0.000000 58.765251 4.409201 -1.000000 -1.000000 -1.000000 -1.000000 -1.000000 0.000000 1.000000 -1.000000
0 90.042990 8.000000 0.000000 39.230620 4.064412 -1.000000 -1.000000 -1.000000 -1.000000 -1.000000 0.000000 1.000000 -1.000000
0 90.048588 8.000000 0.000000 46.083467 4.082063 -1.000000 -1.000000 -1.000000 -1.000000 -1.000000 0.000000 1.000000 -1.000000
0 90.056120 8.000000 0.000000 42.401493 4.528269 -1.000000 -1.000000 -1.000000 -1.000000 -1.000000 0.000000 1.000000 -1.000000
0 90.009486 8.000000 0.000000 44.142025 4.489404 -1.000000 -1.000000 -1.000000 -1.000000 -1.000000 0.000000 1.000000 -1.000000
0 90.044460 8.000000 0.000000 59.692795 5.277159 -1.000000 -1.000000 -1.000000 -1.000000 -1.000000 0.000000 1.000000 -1.000000
0 90.009717 8.000000 0.000000 78.337695 8.917065 -1.000000 -1.000000 -1.000000 -1.000000 -1.000000 0.000000 1.000000 -1.000000
0 90.035635 8.000000 0.000000 48.181901 3.638636 -1.000000 -1.000000 -1.000000 -1.000000 -1.000000 0.000000 1.000000 -1.000000
0 90.004025 10.000000 0.000000 92.279904 9.495626 -1.000000 -1.000000 -1.000000 -1.000000 -1.000000 0.000000 1.000000 -1.000000
0 90.045969 10.000000 0.000000 28.969511 2.521438 -1.000000 -1.000000 -1.000000 -1.000000 -1.000000 0.000000 1.000000 -1.000000
0 90.023636 10.000000 0.000000 55.328690 5.204375 -1.000000 -1.000000 -1.000000 -1.000000 -1.000000 0.000000 1.000000 -1.000000
0 90.088248 10.000000 0.000000 40.171329 3.542617 -1.000000 -1.000000 -1.000000 -1.000000 -1.000000 0.000000 1.000000 -1.000000
0 90.001523 10.000000 0.000000 102.478392 8.316361 -1.000000 -1.000000 -1.000000 -1.000000 -1.000000 0.000000 1.000000 -1.000000
0 90.119466 10.000000 0.000000 46.414959 3.896044 -1.000000 -1.000000 -1.000000 -1.000000 -1.000000 0.000000 1.000000 -1.000000
0 90.017367 10.000000 0.000000 71.616007 7.532301 -1.000000 -1.000000 -1.000000 -1.000000 -1.000000 0.000000 1.000000 -1.000000
0 90.015642 10.000000 0.000000 84.537551 7.855173 -1.000000 -1.000000 -1.000000 -1.000000 -1.000000 0.000000 1.000000 -1.000000
0 90.011989 10.000000 0.000000 44.817153 3.957251 -1.000000 -1.000000 -1.000000 -1.000000 -1.000000 0.000000 1.000000 -1.000000
0 90.056353 10.000000 0.000000 50.515433 5.674160 -1.000000 -1.000000 -1.000000 -1.000000 -1.000000 0.000000 1.000000 -1.000000
0 90.010741 10.000000 0.000000 47.008693 4.715709 -1.000000 -1.000000 -1.000000 -1.000000 -1.000000 0.000000 1.000000 -1.000000
0 90.029116 10.000000 0.000000 86.174364 7.845269 -1.000000 -1.000000 -1.000000 -1.000000 -1.000000 0.000000 1.000000 -1.000000
0 90.006764 10.000000 0.000000 101.031252 9.276813 -1.000000 -1.000000 -1.000000 -1.000000 -1.000000 0.000000 1.000000 -1.000000
0 90.044709 10.000000 0.000000 55.559151 5.407052 -1.000000 -1.000000 -1.000000 -1.000000 -1.000000 0.000000 1.000000 -1.000000
0 90.070141 10.000000 0.000000 40.142769 3.803087 -1.000000 -1.000000 -1.000000 -1.000000 -1.000000 0.000000 1.000000 -1.000000
0 90.111322 10.000000 0.000000 62.831643 5.579733 -1.000000 -1.000000 -1.000000 -1.000000 -1.000000 0.000000 1.000000 -1.000000
0 90.239310 10.000000 0.000000 31.863271 3.294166 -1.000000 -1.000000 -1.000000 -1.000000 -1.000000 0.000000 1.000000 -1.000000
0 90.015243 10.000000 0.000000 105.231522 6.808865 -1.000000 -1.000000 -1.000000 -1.000000 -1.000000 0.000000 1.000000 -1.000000
0 90.076167 10.000000 0.000000 40.910893 3.330898 -1.000000 -1.000000 -1.000000 -1.000000 -1.000000 0.000000 1.000000 -1.000000
0 90.103162 10.000000 0.000000 28.567838 2.825605 -1.000000 -1.000000 -1.000000 -1.000000 -1.000000 0.000000 1.000000 -1.000000
0 90.056858 10.000000 0.000000 45.056868 4.408215 -1.000000 -1.000000 -1.000000 -1.000000 -1.000000 0.000000 1.000000 -1.000000
0 90.003170 10.000000 0.000000 84.905115 8.988348 -1.000000 -1.000000 -1.000000 -1.000000 -1.000000 0.000000 1.000000 -1.000000
0 90.024929 10.000000 0.000000 33.126704 3.583859 -1.000000 -1.000000 -1.000000 -1.000000 -1.000000 0.000000 1.000000 -1.000000
0 90.023363 10.000000 0.000000 82.915584 8.138748 -1.000000 -1.000000 -1.000000 -1.000000 -1.000000 0.000000 1.000000 -1.000000
0 90.000008 10.000000 0.000000 69.065605 7.446441 -1.000000 -1.000000 -1.000000 -1.000000 -1.000000 0.000000 1.000000 -1.000000
0 90.034811 10.000000 0.000000 82.110885 6.937780 -1.000000 -1.000000 -1.000000 -1.000000 -1.000000 0.000000 1.000000 -1.000000
0 90.074280 10.000000 0.000000 44.642769 4.604550 -1.000000 -1.000000 -1.000000 -1.000000 -1.000000 0.000000 1.000000 -1.000000
0 90.042109 10.000000 0.000000 55.990418 5.572831 -1.000000 -1.000000 -1.000000 -1.000000 -1.000000 0.000000 1.000000 -1.000000
0 90.018220 10.000000 0.000000 98.238113 10.098752 -1.000000 -1.000000 -1.000000 -1.000000 -1.000000 0.000000 1.000000 -1.000000
0 90.041113 10.000000 0.000000 31.629253 2.943808 -1.000000 -1.000000 -1.000000 -1.000000 -1.000000 0.000000 1.000000 -1.000000
0 90.063503 10.000000 0.000000 35.160856 3.500243 -1.000000 -1.000000 -1.000000 -1.000000 -1.000000 0.000000 1.000000 -1.000000
0 90.175053 10.000000 0.000000 23.078978 2.218974 -1.000000 -1.000000 -1.000000 -1.000000 -1.000000 0.000000 1.000000 -1.000000
0 90.080092 10.000000 0.000000 52.055827 4.911686 -1.000000 -1.000000 -1.000000 -1.000000 -1.000000 0.000000 1.000000 -1.000000
0 90.149477 10.000000 0.000000 30.198588 2.506286 -1.000000 -1.000000 -1.000000 -1.000000 -1.000000 0.000000 1.000000 -1.000000
0 90.014723 10.000000 0.000000 69.354046 6.265285 -1.000000 -1.000000 -1.000000 -1.000000 -1.000000 0.000000 1.000000 -1.000000
0 90.014202 10.000000 0.000000 53.009703 5.034276 -1.000000 -1.000000 -1.000000 -1.000000 -1.000000 0.000000 1.000000 -1.000000
0 90.091527 10.000000 0.000000 41.527049 3.676202 -1.000000 -1.000000 -1.000000 -1.000000 -1.000000 0.000000 1.000000 -1.000000
0 90.008724 10.000000 0.000000 92.978097 10.425433 -1.000000 -1.000000 -1.000000 -1.000000 -1.000000 0.000000 1.000000 -1.000000
0 90.119747 10.000000 0.000000 31.728701 2.915168 -1.000000 -1.000000 -1.000000 -1.000000 -1.000000 0.000000 1.000000 -1.000000
0 90.059538 10.000000 0.000000 59.441661 5.674946 -1.000000 -1.000000 -1.000000 -1.000000 -1.000000 0.000000 1.000000 -1.000000
0 90.065575 10.000000 0.000000 78.898593 8.568602 -1.000000 -1.000000 -1.000000 -1.000000 -1.000000 0.000000 1.000000 -1.000000
0 90.058816 10.000000 0.000000 90.091287 7.790666 -1.000000 -1.000000 -1.000000 -1.000000 -1.000000 0.000000 1.000000 -1.000000
0 90.219286 10.000000 0.000000 22.139978 2.226218 -1.000000 -1.000000 -1.000000 -1.000000 -1.000000 0.000000 1.000000 -1.000000
0 90.031698 10.000000 0.000000 56.565086 4.925966 -1.000000 -1.000000 -1.000000 -1.000000 -1.000000 0.000000 1.000000 -1.000000
0 90.114242 10.000000 0.000000 35.698780 3.247257 -1.000000 -1.000000 -1.000000 -1.000000 -1.000000 0.000000 1.000000 -1.000000
0 90.028383 10.000000 0.000000 77.331583 5.765506 -1.000000 -1.000000 -1.000000 -1.000000 -1.000000 0.000000 1.000000 -1.000000
0 90.121148 10.000000 0.000000 36.725104 3.802888 -1.000000 -1.000000 -1.000000 -1.000000 -1.000000 0.000000 1.000000 -1.000000
0 90.091993 10.000000 0.000000 35.593265 3.553803 -1.000000 -1.000000 -1.000000 -1.000000 -1.000000 0.000000 1.000000 -1.000000
0 90.026252 10.000000 0.000000 24.439024 2.256347 -1.000000 -1.000000 -1.000000 -1.000000 -1.000000 0.000000 1.000000 -1.000000
0 90.011362 10.000000 0.000000 66.536930 6.318900 -1.000000 -1.000000 -1.000000 -1.000000 -1.000000 0.000000 1.000000 -1.000000
0 90.234302 10.000000 0.000000 58.765251 4.409201 -1.000000 -1.000000 -1.000000 -1.000000 -1.000000 0.000000 1.000000 -1.000000
0 90.042990 10.000000 0.000000 39.230620 4.064412 -1.000000 -1.000000 -1.000000 -1.000000 -1.000000 0.000000 1.000000 -1.000000
0 90.048588 10.000000 0.000000 46.083467 4.082063 -1.000000 -1.000000 -1.000000 -1.000000 -1.000000 0.000000 1.000000 -1.000000
0 90.056120 10.000000 0.000000 42.401493 4.528269 -1.000000 -1.000000 -1.000000 -1.000000 -1.000000 0.000000 1.000000 -1.000000
0 90.009486 10.000000 0.000000 44.142025 4.489404 -1.000000 -1.000000 -1.000000 -1.000000 -1.000000 0.000000 1.000000 -1.000000
0 90.044460 10.000000 0.000000 59.692795 5.277159 -1.000000 -1.000000 -1.000000 -1.000000 -1.000000 0.000000 1.000000 -1.000000
0 90.009717 10.000000 0.000000 78.337695 8.917065 -1.000000 -1.000000 -1.000000 -1.000000 -1.000000 0.000000 1.000000 -1.000000
0 90.035635 10.000000 0.000000 48.181901 3.638636 -1.000000 -1.000000 -1.000000 -1.000000 -1.000000 0.000000 1.000000 -1.000000
