1 2.813396 3.000000 0.498218 1.195421 0.472985 0.042328 144.000000 0.000000 693.000000 1402.000000 1.000000 1.000000 165.402197
1 14.157908 3.000000 0.326706 7.278116 2.747526 0.212670 437.000000 0.000000 3015.000000 7102.000000 1.000000 1.000000 242.370825
1 7.960058 3.000000 0.456773 3.838430 1.509956 0.107441 504.000000 0.000000 1289.000000 3071.000000 1.000000 1.000000 207.287438
1 1.547843 3.000000 0.597477 0.463247 0.210437 0.026521 77.000000 0.000000 1064.000000 939.000000 1.000000 1.000000 118.867744
0 76.101022 3.000000 1.084013 31.690788 7.175015 0.011179 69.000000 0.000000 115.000000 539166.000000 1.000000 1.000000 -1.000000
1 0.595466 3.000000 0.450732 0.070049 0.026237 0.013105 31.000000 0.000000 12.000000 88.000000 1.000000 1.000000 83.080951
1 34.358483 3.000000 1.212323 15.557397 5.658204 1.277903 2711.000000 0.000000 2573.000000 12004.000000 1.000000 1.000000 344.694631
1 5.268622 3.000000 0.444347 2.486073 0.963800 0.097808 345.000000 0.000000 1437.000000 2993.000000 1.000000 1.000000 112.618250
1 14.200838 3.000000 0.461189 6.900785 2.864174 0.203669 453.000000 0.000000 5043.000000 7831.000000 1.000000 1.000000 377.357273
1 0.788480 3.000000 0.309978 0.250872 0.097165 0.012564 61.000000 0.000000 181.000000 652.000000 1.000000 1.000000 109.688057
1 18.716360 3.000000 0.579830 8.927585 3.584008 0.199988 802.000000 0.000000 16210.000000 9363.000000 1.000000 1.000000 199.691658
1 3.160249 3.000000 0.620931 1.279268 0.502455 0.090759 294.000000 0.000000 521.000000 1336.000000 1.000000 1.000000 175.530856
1 1.614880 3.000000 0.296479 0.690954 0.271605 0.037673 126.000000 0.000000 197.000000 882.000000 1.000000 1.000000 71.111255
1 4.685115 3.000000 0.444364 2.102040 0.886220 0.086421 237.000000 0.000000 1843.000000 2947.000000 1.000000 1.000000 230.642436
1 0.444925 3.000000 0.311428 0.064046 0.025120 0.010472 50.000000 0.000000 63.000000 51.000000 1.000000 1.000000 101.083678
1 1.172732 3.000000 0.295524 0.442581 0.187495 0.022470 75.000000 0.000000 406.000000 668.000000 1.000000 1.000000 57.809122
1 4.547044 3.000000 0.287482 2.140573 0.881998 0.022325 105.000000 0.000000 6054.000000 2703.000000 1.000000 1.000000 65.309375
1 4.270406 3.000000 0.453211 1.972087 0.784910 0.057261 155.000000 0.000000 983.000000 2291.000000 1.000000 1.000000 178.429757
0 75.728176 3.000000 0.612779 23.387433 9.185747 0.158799 620.000000 0.000000 70832.000000 14369.000000 1.000000 1.000000 -1.000000
1 17.086088 3.000000 0.747788 8.145465 2.872663 0.578187 1360.000000 0.000000 887.000000 5873.000000 1.000000 1.000000 354.716291
1 0.893764 3.000000 0.309057 0.328028 0.106948 0.013378 69.000000 0.000000 41.000000 333.000000 1.000000 1.000000 113.161414
1 1.956395 3.000000 0.294976 0.861203 0.336392 0.037621 130.000000 0.000000 553.000000 871.000000 1.000000 1.000000 134.676723
1 9.531805 3.000000 0.299299 4.746893 1.894134 0.099343 230.000000 0.000000 2625.000000 5655.000000 1.000000 1.000000 240.808356
1 9.213442 3.000000 0.447976 4.383956 1.873910 0.114991 273.000000 0.000000 3539.000000 6209.000000 1.000000 1.000000 181.163084
1 8.991252 3.000000 0.447450 4.452051 1.737606 0.120516 427.000000 0.000000 2035.000000 4421.000000 1.000000 1.000000 209.078194
1 5.710052 3.000000 0.457855 2.784704 1.079077 0.059304 288.000000 0.000000 938.000000 2806.000000 1.000000 1.000000 210.290833
1 8.537593 3.000000 0.594057 3.755557 1.518255 0.237551 584.000000 0.000000 41768.000000 2630.000000 1.000000 1.000000 118.932176
1 22.082306 3.000000 0.307474 11.338513 4.422517 0.184702 427.000000 0.000000 5100.000000 12754.000000 1.000000 1.000000 310.772473
1 49.991617 3.000000 0.473952 9.110733 3.513002 0.298516 716.000000 0.000000 54856.000000 23498.000000 1.000000 1.000000 102.217375
1 7.763568 3.000000 0.460644 3.798898 1.512804 0.078361 259.000000 0.000000 2421.000000 3407.000000 1.000000 1.000000 293.318968
1 0.929098 3.000000 0.442174 0.250566 0.099281 0.012161 54.000000 0.000000 165.000000 267.000000 1.000000 1.000000 94.988049
1 5.634582 3.000000 0.579660 2.428599 0.996181 0.121660 387.000000 0.000000 6612.000000 2569.000000 1.000000 1.000000 131.390604
1 3.433433 3.000000 0.594687 1.417335 0.581547 0.055204 194.000000 0.000000 1495.000000 1920.000000 1.000000 1.000000 270.723677
1 1.333528 3.000000 0.467397 0.453938 0.177884 0.016479 84.000000 0.000000 857.000000 506.000000 1.000000 1.000000 61.338141
1 0.904593 3.000000 0.450661 0.234347 0.094031 0.013268 45.000000 0.000000 562.000000 670.000000 1.000000 1.000000 76.731471
1 2.418756 3.000000 0.295923 1.101074 0.440348 0.034451 124.000000 0.000000 1257.000000 952.000000 1.000000 1.000000 107.603470
1 2.956173 3.000000 0.303283 1.387944 0.536525 0.027845 136.000000 0.000000 712.000000 1705.000000 1.000000 1.000000 113.899477
0 75.677030 3.000000 0.623024 38.384562 13.307570 0.794747 2181.000000 0.000000 4206.000000 27470.000000 1.000000 1.000000 -1.000000
1 1.613256 3.000000 0.293617 0.688458 0.281235 0.018962 75.000000 0.000000 1026.000000 929.000000 1.000000 1.000000 97.171284
1 6.799264 3.000000 0.763150 2.756712 1.170868 0.156852 717.000000 0.000000 1647.000000 2542.000000 1.000000 1.000000 251.145482
1 4.814661 3.000000 0.581385 2.163020 0.810348 0.108917 388.000000 0.000000 909.000000 1764.000000 1.000000 1.000000 131.924312
1 0.936980 3.000000 0.455685 0.234947 0.096655 0.022514 87.000000 0.000000 155.000000 355.000000 1.000000 1.000000 94.433024
1 6.225077 3.000000 0.441586 2.955032 1.148358 0.141427 389.000000 0.000000 993.000000 2671.000000 1.000000 1.000000 207.105311
0 75.459714 3.000000 0.449898 20.350053 7.800211 0.149001 1135.000000 0.000000 134043.000000 7832.000000 1.000000 1.000000 -1.000000
1 4.327238 3.000000 0.661881 1.802735 0.737079 0.072612 294.000000 0.000000 936.000000 1535.000000 1.000000 1.000000 170.333403
1 1.803980 3.000000 0.649177 0.617731 0.225776 0.012953 92.000000 0.000000 77.000000 534.000000 1.000000 1.000000 87.101697
1 5.407384 3.000000 0.656346 2.302369 1.000124 0.096549 265.000000 0.000000 3714.000000 2755.000000 1.000000 1.000000 110.853785
0 75.704226 3.000000 0.475346 10.846555 4.275095 0.136659 241.000000 0.000000 25589.000000 4853.000000 1.000000 1.000000 -1.000000
1 3.657398 3.000000 0.306522 1.696599 0.690301 0.095920 256.000000 0.000000 1278.000000 1762.000000 1.000000 1.000000 224.264452
0 75.468548 3.000000 0.463649 41.695951 8.574624 0.080956 346.000000 0.000000 2038.000000 742136.000000 1.000000 1.000000 -1.000000
1 5.734959 3.000000 0.467563 2.684302 1.092216 0.094823 255.000000 0.000000 3763.000000 4957.000000 1.000000 1.000000 312.399339
1 4.724223 3.000000 0.303095 2.306423 0.906393 0.052719 204.000000 0.000000 1755.000000 3383.000000 1.000000 1.000000 179.393310
1 34.389331 3.000000 0.707655 14.616852 5.532794 0.115476 307.000000 0.000000 7957.000000 11879.000000 1.000000 1.000000 108.802989
1 3.691564 3.000000 0.322821 1.735922 0.674245 0.042364 140.000000 0.000000 496.000000 2125.000000 1.000000 1.000000 162.749710
1 0.567513 3.000000 0.329152 0.119207 0.046009 0.009059 54.000000 0.000000 98.000000 87.000000 1.000000 1.000000 121.541439
1 11.671979 3.000000 0.626748 5.669502 2.109626 0.356986 642.000000 0.000000 4711.000000 28568.000000 1.000000 1.000000 276.694718
1 3.423876 3.000000 0.302699 1.600293 0.645963 0.055920 143.000000 0.000000 1407.000000 1937.000000 1.000000 1.000000 61.442658
0 75.304614 3.000000 0.303387 40.587545 11.113349 0.084785 517.000000 0.000000 16133.000000 539371.000000 1.000000 1.000000 -1.000000
1 2.249868 3.000000 0.459432 0.926926 0.360018 0.030063 127.000000 0.000000 611.000000 1748.000000 1.000000 1.000000 136.338126
1 11.274294 3.000000 0.482309 5.345108 2.212255 0.176867 478.000000 0.000000 4560.000000 6322.000000 1.000000 1.000000 292.395385
