1 16.175219 3.000000 0.808443 1.630121 7.333325 0.350966 401.000000 0.000000 9212.000000 14153.000000 1.000000 0.000000 85.604537
1 11.182037 3.000000 0.529411 1.231970 4.889230 0.093861 158.000000 0.000000 5451.000000 10052.000000 1.000000 0.000000 62.313013
1 1.431736 3.000000 0.547965 0.097643 0.474674 0.024620 55.000000 0.000000 996.000000 746.000000 1.000000 0.000000 51.670575
1 10.812968 3.000000 0.519414 1.134804 4.709984 0.054526 176.000000 0.000000 5677.000000 10570.000000 1.000000 0.000000 62.520333
1 2.819129 3.000000 0.503640 0.270088 1.171362 0.038816 83.000000 0.000000 1905.000000 1691.000000 1.000000 0.000000 73.017336
1 6.166510 3.000000 0.503698 0.596998 2.983755 0.062372 111.000000 0.000000 4022.000000 5432.000000 1.000000 0.000000 41.198862
1 6.125961 3.000000 0.682684 0.618920 2.651598 0.094019 150.000000 0.000000 5154.000000 4809.000000 1.000000 0.000000 52.175607
1 10.281797 3.000000 0.520502 0.975663 5.112078 0.051524 172.000000 0.000000 7052.000000 6543.000000 1.000000 0.000000 69.999868
1 20.002429 3.000000 0.348436 2.253997 8.939056 0.047844 260.000000 0.000000 13028.000000 22973.000000 1.000000 0.000000 51.666211
1 5.221475 3.000000 0.545367 0.528954 2.332975 0.057450 98.000000 0.000000 3301.000000 3440.000000 1.000000 0.000000 54.636835
1 25.803587 3.000000 0.836424 2.608471 11.505998 0.322596 365.000000 0.000000 14892.000000 20595.000000 1.000000 0.000000 74.399217
1 32.059863 3.000000 0.503344 2.321606 10.210485 0.410741 823.000000 0.000000 98684.000000 21154.000000 1.000000 0.000000 59.772149
1 5.167006 3.000000 0.542494 0.508523 2.156963 0.058207 143.000000 0.000000 4550.000000 4836.000000 1.000000 0.000000 60.285853
1 20.137241 3.000000 0.329256 1.480174 6.396225 0.226083 511.000000 0.000000 29353.000000 37286.000000 1.000000 0.000000 46.942213
1 3.292229 3.000000 0.340836 0.359838 1.433765 0.024984 78.000000 0.000000 2890.000000 4103.000000 1.000000 0.000000 41.468007
1 1.659376 3.000000 0.356599 0.145670 0.711932 0.017140 65.000000 0.000000 1682.000000 1989.000000 1.000000 0.000000 39.790378
1 29.661109 3.000000 0.329490 1.136651 5.669583 0.250998 383.000000 0.000000 6466.000000 36882.000000 1.000000 0.000000 82.467081
1 26.853576 3.000000 0.787437 2.418702 10.734765 0.221071 273.000000 0.000000 9808.000000 17160.000000 1.000000 0.000000 53.336451
0 75.365941 3.000000 0.318234 3.450875 18.643978 0.185104 1327.000000 0.000000 141299.000000 39190.000000 1.000000 0.000000 -1.000000
1 23.698620 3.000000 0.663170 1.811659 8.220231 0.201895 291.000000 0.000000 22912.000000 13367.000000 1.000000 0.000000 58.544391
1 2.869599 3.000000 0.489192 0.284534 1.106509 0.023624 70.000000 0.000000 2623.000000 2809.000000 1.000000 0.000000 55.014590
1 5.927974 3.000000 0.503273 0.582941 2.914978 0.050137 87.000000 0.000000 2699.000000 5097.000000 1.000000 0.000000 45.314183
0 75.550509 3.000000 0.331240 2.436568 10.525391 0.273208 408.000000 0.000000 39955.000000 21860.000000 1.000000 0.000000 -1.000000
1 12.366538 3.000000 0.357848 1.470356 6.167579 0.042154 224.000000 0.000000 7682.000000 11633.000000 1.000000 0.000000 114.130873
1 9.709802 3.000000 0.301411 0.840359 3.086302 0.165544 426.000000 0.000000 45654.000000 4773.000000 1.000000 0.000000 47.639142
1 7.886006 3.000000 0.309088 0.817797 3.522692 0.080883 158.000000 0.000000 12664.000000 6766.000000 1.000000 0.000000 59.182331
1 5.509908 3.000000 0.308194 0.460826 1.887202 0.028268 120.000000 0.000000 4803.000000 8977.000000 1.000000 0.000000 37.033089
