1 5.048875 3.000000 0.456282 0.562381 2.183273 0.057714 824.000000 2.000000 1676.000000 4268.000000 0.000000 0.000000 40.559635
0 75.370522 3.000000 0.303395 6.537314 29.745546 0.766069 12896.000000 2.000000 24390.000000 58988.000000 0.000000 0.000000 -1.000000
0 75.460128 3.000000 0.320736 3.983263 17.355526 2.123289 37679.000000 2.000000 13117.000000 28899.000000 0.000000 0.000000 -1.000000
1 28.954295 3.000000 0.316923 2.309008 10.368597 1.288391 21071.000000 2.000000 22714.000000 22100.000000 0.000000 0.000000 34.001049
1 7.957649 3.000000 0.314096 0.674747 2.959919 1.352255 23730.000000 2.000000 11051.000000 10445.000000 0.000000 0.000000 45.634231
0 75.484626 3.000000 0.302500 6.064629 28.132229 1.108352 22470.000000 2.000000 20720.000000 41346.000000 0.000000 0.000000 -1.000000
1 10.052986 3.000000 0.505881 1.050665 4.574651 0.498328 7987.000000 2.000000 6018.000000 10944.000000 0.000000 0.000000 36.023861
1 1.090873 3.000000 0.458168 0.065772 0.241421 0.140161 2519.000000 2.000000 583.000000 393.000000 0.000000 0.000000 48.022752
1 7.094709 3.000000 0.463817 0.653130 2.734150 0.369937 7106.000000 2.000000 5453.000000 7293.000000 0.000000 0.000000 42.179495
1 4.654846 3.000000 0.453843 0.476450 1.844323 0.393687 7607.000000 2.000000 3001.000000 4425.000000 0.000000 0.000000 39.987323
1 2.446614 3.000000 0.459189 0.193197 0.759381 0.440146 7294.000000 2.000000 2147.000000 2046.000000 0.000000 0.000000 44.624523
1 5.272621 3.000000 0.622290 0.518290 2.088480 0.489271 5964.000000 2.000000 3363.000000 3675.000000 0.000000 0.000000 52.108679
1 8.574232 3.000000 0.767714 0.866533 3.893537 0.091194 931.000000 2.000000 4015.000000 7781.000000 0.000000 0.000000 51.444653
1 4.031920 3.000000 0.740586 0.355157 1.477982 0.288754 3377.000000 2.000000 1407.000000 2530.000000 0.000000 0.000000 46.404116
1 2.751828 3.000000 0.448971 0.230330 1.147094 0.285538 4764.000000 2.000000 1328.000000 1704.000000 0.000000 0.000000 43.932662
1 10.592467 3.000000 0.620556 1.198167 4.687498 0.289440 3847.000000 2.000000 4630.000000 8442.000000 0.000000 0.000000 41.384683
1 2.571204 3.000000 0.456863 0.246258 1.159635 0.029559 427.000000 2.000000 1259.000000 2848.000000 0.000000 0.000000 40.357647
1 16.340722 3.000000 0.303808 1.285627 5.529809 0.606226 10645.000000 2.000000 3621.000000 7777.000000 0.000000 0.000000 35.816082
1 1.430481 3.000000 0.325806 0.116881 0.572914 0.085746 1444.000000 2.000000 494.000000 1292.000000 0.000000 0.000000 33.316037
1 0.618068 3.000000 0.318023 0.032019 0.114862 0.066697 1086.000000 2.000000 127.000000 230.000000 0.000000 0.000000 42.960531
1 1.228016 3.000000 0.469178 0.064053 0.370565 0.120003 2001.000000 2.000000 696.000000 538.000000 0.000000 0.000000 35.169290
1 62.502717 3.000000 0.629184 5.958765 25.595136 1.774312 29923.000000 2.000000 26776.000000 39525.000000 0.000000 0.000000 79.386691
1 16.491405 3.000000 0.304946 1.758535 6.568352 1.708606 28695.000000 2.000000 8433.000000 11533.000000 0.000000 0.000000 52.811185
1 2.780871 3.000000 0.794381 0.226166 1.018704 0.099636 1229.000000 2.000000 1007.000000 1731.000000 0.000000 0.000000 43.232781
1 15.541418 3.000000 0.313330 1.499226 5.683173 2.679958 44185.000000 2.000000 11717.000000 12414.000000 0.000000 0.000000 41.061550
1 6.813422 3.000000 0.459496 0.598146 2.450471 1.389469 25067.000000 2.000000 5886.000000 4525.000000 0.000000 0.000000 50.518512
1 36.563644 3.000000 0.468279 3.403396 14.325762 2.195032 35314.000000 2.000000 24683.000000 29770.000000 0.000000 0.000000 39.497711
1 2.336182 3.000000 0.628058 0.150152 0.602041 0.442193 6168.000000 2.000000 1435.000000 1639.000000 0.000000 0.000000 34.548615
1 2.166643 3.000000 0.469362 0.197810 0.789792 0.119545 1961.000000 2.000000 1910.000000 1983.000000 0.000000 0.000000 45.688567
1 10.865223 3.000000 0.471569 1.174146 4.884006 0.377466 6641.000000 2.000000 8836.000000 9799.000000 0.000000 0.000000 41.728169
1 3.585751 3.000000 0.481285 0.368430 1.456832 0.207583 4132.000000 2.000000 1870.000000 3479.000000 0.000000 0.000000 39.335309
1 1.129799 3.000000 0.610734 0.059511 0.219712 0.063462 819.000000 2.000000 621.000000 607.000000 0.000000 0.000000 36.077162
1 3.476854 3.000000 0.446261 0.374462 1.469079 0.061476 876.000000 2.000000 1240.000000 4377.000000 0.000000 0.000000 59.723309
1 1.691285 3.000000 0.461100 0.114286 0.563059 0.248115 3828.000000 2.000000 1189.000000 902.000000 0.000000 0.000000 39.839732
1 5.389701 3.000000 0.468711 0.466881 2.105924 0.639446 11181.000000 2.000000 4341.000000 6971.000000 0.000000 0.000000 44.230189
1 2.249987 3.000000 0.313217 0.190804 0.779953 0.332602 5444.000000 2.000000 2040.000000 1737.000000 0.000000 0.000000 53.265917
1 27.800358 3.000000 0.463936 2.899199 11.681161 1.274754 23980.000000 2.000000 12342.000000 26493.000000 0.000000 0.000000 34.939785
1 27.349739 3.000000 0.308002 2.522127 10.063006 1.068676 16224.000000 2.000000 26727.000000 17162.000000 0.000000 0.000000 36.554046
1 10.540857 3.000000 0.316038 1.071372 5.007108 0.415906 6825.000000 2.000000 6327.000000 13527.000000 0.000000 0.000000 44.860715
1 1.799976 3.000000 0.811688 0.102282 0.391446 0.194635 2588.000000 2.000000 879.000000 647.000000 0.000000 0.000000 54.111668
1 6.469212 3.000000 0.488121 0.661285 2.730461 0.235212 3479.000000 2.000000 4027.000000 6053.000000 0.000000 0.000000 41.766147
0 75.315749 3.000000 0.314293 13.380970 14.664504 0.017948 278.000000 2.000000 142.000000 3289131.000000 0.000000 0.000000 -1.000000
1 1.161801 3.000000 0.315514 0.098448 0.436438 0.042408 685.000000 2.000000 423.000000 1041.000000 0.000000 0.000000 46.764258
1 30.313485 3.000000 0.301006 3.142906 13.587656 1.661118 29175.000000 2.000000 14692.000000 22343.000000 0.000000 0.000000 53.864102
1 1.811535 3.000000 0.599518 0.126865 0.574365 0.117821 1513.000000 2.000000 1664.000000 944.000000 0.000000 0.000000 45.042615
1 50.150770 3.000000 0.318077 3.603028 15.107804 1.162026 18337.000000 2.000000 14706.000000 25981.000000 0.000000 0.000000 43.116941
1 3.407361 3.000000 0.306358 0.309638 1.255295 0.502924 8691.000000 2.000000 3338.000000 2362.000000 0.000000 0.000000 42.950111
1 4.737423 3.000000 0.588065 0.457377 2.018200 0.147795 2100.000000 2.000000 3214.000000 3122.000000 0.000000 0.000000 37.137850
1 0.775922 3.000000 0.313906 0.046785 0.213446 0.066412 1122.000000 2.000000 415.000000 447.000000 0.000000 0.000000 36.087161
1 1.248430 3.000000 0.646051 0.061722 0.249748 0.111312 1332.000000 2.000000 529.000000 376.000000 0.000000 0.000000 44.925231
1 1.681863 3.000000 0.320037 0.163207 0.724817 0.014251 186.000000 2.000000 448.000000 1646.000000 0.000000 0.000000 37.428422
1 1.641587 3.000000 0.469591 0.125216 0.533120 0.153716 3383.000000 2.000000 878.000000 1162.000000 0.000000 0.000000 38.092493
1 19.159810 3.000000 0.580039 2.010191 8.078149 0.976261 15078.000000 2.000000 11354.000000 18517.000000 0.000000 0.000000 39.920099
1 5.452589 3.000000 0.443007 0.526516 2.479860 0.302343 5744.000000 2.000000 3378.000000 7992.000000 0.000000 0.000000 44.206369
1 9.595093 3.000000 0.313915 0.982568 4.256073 0.685415 11177.000000 2.000000 4781.000000 6412.000000 0.000000 0.000000 42.554492
1 8.635730 3.000000 0.348900 0.849324 3.270203 0.984473 15706.000000 2.000000 5673.000000 7939.000000 0.000000 0.000000 40.959588
1 58.618147 3.000000 0.516114 5.554547 22.191844 4.935968 80200.000000 2.000000 29563.000000 42213.000000 0.000000 0.000000 57.081378
1 1.735534 3.000000 0.308784 0.177685 0.687165 0.044554 743.000000 2.000000 635.000000 2450.000000 0.000000 0.000000 35.259957
1 19.644633 3.000000 0.445363 1.997422 8.286807 1.440975 23624.000000 2.000000 11021.000000 15095.000000 0.000000 0.000000 38.432522
1 4.909393 3.000000 0.472758 0.509346 1.992069 0.375386 6005.000000 2.000000 3022.000000 3855.000000 0.000000 0.000000 39.609125
