1 1.379801 3.000000 0.518649 0.104610 0.423269 0.069382 468.000000 5.000000 171.000000 602.000000 0.000000 0.000000 49.587170
1 0.884352 3.000000 0.307557 0.076075 0.286169 0.022685 104.000000 5.000000 35.000000 393.000000 0.000000 0.000000 56.091221
1 0.661950 3.000000 0.622942 0.003534 0.016927 0.008749 35.000000 5.000000 0.000000 24.000000 0.000000 0.000000 38.078382
1 0.755510 3.000000 0.624945 0.013406 0.063332 0.017878 74.000000 5.000000 9.000000 151.000000 0.000000 0.000000 45.113633
1 0.561334 3.000000 0.491381 0.008213 0.029216 0.009607 43.000000 5.000000 36.000000 38.000000 0.000000 0.000000 43.173029
1 0.975244 3.000000 0.319635 0.085024 0.316916 0.035190 150.000000 5.000000 64.000000 565.000000 0.000000 0.000000 75.726411
1 0.526730 3.000000 0.315306 0.026233 0.095860 0.025052 157.000000 5.000000 1.000000 167.000000 0.000000 0.000000 61.255275
1 0.892040 3.000000 0.502903 0.039425 0.188126 0.050348 209.000000 5.000000 16.000000 336.000000 0.000000 0.000000 43.440434
1 5.462164 3.000000 0.320791 0.644395 2.639215 0.195372 1234.000000 5.000000 520.000000 3968.000000 0.000000 0.000000 42.232251
1 4.950041 3.000000 0.467949 0.544694 2.113863 0.366810 2520.000000 5.000000 496.000000 3534.000000 0.000000 0.000000 109.355256
1 1.017002 3.000000 0.331278 0.079331 0.330289 0.062792 418.000000 5.000000 49.000000 612.000000 0.000000 0.000000 54.132591
1 0.500272 3.000000 0.343785 0.018273 0.072776 0.018712 151.000000 5.000000 18.000000 144.000000 0.000000 0.000000 40.392773
1 6.423456 3.000000 0.633819 0.646992 2.948934 0.218237 893.000000 5.000000 501.000000 4592.000000 0.000000 0.000000 65.004011
1 0.592126 3.000000 0.306939 0.028396 0.115187 0.067855 422.000000 5.000000 64.000000 333.000000 0.000000 0.000000 48.608399
1 1.124252 3.000000 0.646169 0.053656 0.239678 0.028725 120.000000 5.000000 35.000000 398.000000 0.000000 0.000000 43.732265
1 5.871362 3.000000 0.335444 0.667739 3.019899 0.064300 283.000000 5.000000 317.000000 4548.000000 0.000000 0.000000 45.989868
1 1.183093 3.000000 0.330446 0.098647 0.463885 0.033861 153.000000 5.000000 84.000000 844.000000 0.000000 0.000000 40.403699
1 1.231207 3.000000 0.327241 0.107620 0.473473 0.016901 82.000000 5.000000 408.000000 1162.000000 0.000000 0.000000 48.306580
1 0.425809 3.000000 0.318722 0.011214 0.057850 0.011046 43.000000 5.000000 0.000000 105.000000 0.000000 0.000000 70.405485
1 8.938361 3.000000 0.622792 0.927364 4.281654 0.205284 729.000000 5.000000 513.000000 5775.000000 0.000000 0.000000 48.330654
1 1.297449 3.000000 0.317691 0.118683 0.482208 0.074325 468.000000 5.000000 153.000000 817.000000 0.000000 0.000000 49.024819
1 2.786468 3.000000 0.319569 0.298481 1.324437 0.044062 227.000000 5.000000 301.000000 1933.000000 0.000000 0.000000 54.922040
1 1.108211 3.000000 0.497856 0.076114 0.298397 0.024857 114.000000 5.000000 74.000000 431.000000 0.000000 0.000000 47.404660
1 0.536402 3.000000 0.334979 0.025911 0.096682 0.012096 65.000000 5.000000 90.000000 211.000000 0.000000 0.000000 47.179818
1 0.943901 3.000000 0.336019 0.076220 0.320764 0.021913 98.000000 5.000000 65.000000 380.000000 0.000000 0.000000 54.598768
1 1.305243 3.000000 0.339685 0.113479 0.537303 0.030838 147.000000 5.000000 21.000000 803.000000 0.000000 0.000000 47.088301
1 5.000179 3.000000 0.500379 0.563845 2.315529 0.077625 347.000000 5.000000 506.000000 3860.000000 0.000000 0.000000 41.873025
1 13.666358 3.000000 0.675986 1.512685 6.673096 0.348091 1274.000000 5.000000 859.000000 8528.000000 0.000000 0.000000 49.904320
1 0.708435 3.000000 0.484828 0.022859 0.095343 0.042857 217.000000 5.000000 71.000000 200.000000 0.000000 0.000000 41.237406
1 3.327638 3.000000 0.328498 0.385300 1.441581 0.133464 783.000000 5.000000 361.000000 2337.000000 0.000000 0.000000 107.011981
1 1.913975 3.000000 0.492755 0.176902 0.746566 0.041114 188.000000 5.000000 138.000000 1071.000000 0.000000 0.000000 48.822338
0 75.337673 3.000000 0.336984 11.652830 34.572668 0.124748 934.000000 5.000000 167.000000 2473816.000000 0.000000 0.000000 -1.000000
1 1.172864 3.000000 0.494804 0.079239 0.327037 0.051129 242.000000 5.000000 41.000000 419.000000 0.000000 0.000000 64.975496
1 0.859118 3.000000 0.529806 0.039930 0.138171 0.044043 217.000000 5.000000 23.000000 274.000000 0.000000 0.000000 48.664835
1 0.830003 3.000000 0.654288 0.015328 0.071060 0.046300 248.000000 5.000000 62.000000 145.000000 0.000000 0.000000 61.041040
1 69.740657 3.000000 0.653458 7.659814 32.572098 0.707025 2376.000000 5.000000 3181.000000 33589.000000 0.000000 0.000000 47.467671
1 1.409535 3.000000 0.522062 0.096932 0.460191 0.073951 467.000000 5.000000 150.000000 739.000000 0.000000 0.000000 45.285178
1 1.199564 3.000000 0.664408 0.058884 0.278447 0.026872 110.000000 5.000000 44.000000 425.000000 0.000000 0.000000 46.126898
1 0.835681 3.000000 0.512456 0.036536 0.163089 0.018439 85.000000 5.000000 82.000000 278.000000 0.000000 0.000000 52.580473
1 3.025480 3.000000 0.344676 0.315804 1.437206 0.059080 244.000000 5.000000 114.000000 2086.000000 0.000000 0.000000 68.507818
0 75.356957 3.000000 0.354589 8.494763 24.061955 0.067022 484.000000 5.000000 125.000000 1889518.000000 0.000000 0.000000 -1.000000
1 1.041726 3.000000 0.330840 0.087960 0.363192 0.025686 112.000000 5.000000 31.000000 612.000000 0.000000 0.000000 58.161411
1 18.958246 3.000000 0.683606 2.138040 8.948613 0.248926 866.000000 5.000000 1243.000000 11516.000000 0.000000 0.000000 41.241692
1 7.444050 3.000000 0.634929 0.817952 3.469194 0.139178 545.000000 5.000000 411.000000 4636.000000 0.000000 0.000000 44.168035
1 1.056424 3.000000 0.492965 0.066236 0.268080 0.054125 205.000000 5.000000 31.000000 411.000000 0.000000 0.000000 111.988354
1 4.176571 3.000000 0.504429 0.476123 1.835956 0.072236 310.000000 5.000000 242.000000 2604.000000 0.000000 0.000000 50.298797
1 0.445669 3.000000 0.356930 0.009655 0.035062 0.018615 139.000000 5.000000 13.000000 73.000000 0.000000 0.000000 36.424168
1 0.960152 3.000000 0.324057 0.079213 0.295508 0.050373 272.000000 5.000000 21.000000 517.000000 0.000000 0.000000 64.959539
1 4.189482 3.000000 0.326698 0.454597 2.081701 0.057608 254.000000 5.000000 469.000000 3351.000000 0.000000 0.000000 51.149222
1 1.981457 3.000000 0.341580 0.207402 0.842153 0.044107 185.000000 5.000000 91.000000 1141.000000 0.000000 0.000000 61.513112
1 0.832081 3.000000 0.520795 0.036687 0.161655 0.019133 83.000000 5.000000 142.000000 295.000000 0.000000 0.000000 59.662011
1 1.331331 3.000000 0.488537 0.097568 0.446884 0.047050 235.000000 5.000000 145.000000 806.000000 0.000000 0.000000 70.341026
1 3.716525 3.000000 0.484824 0.405563 1.677649 0.058445 233.000000 5.000000 324.000000 2602.000000 0.000000 0.000000 45.147718
1 31.565771 3.000000 0.510333 3.827805 15.649763 0.211385 881.000000 5.000000 2665.000000 20764.000000 0.000000 0.000000 57.542161
1 1.461867 3.000000 0.496669 0.112045 0.525616 0.038893 195.000000 5.000000 61.000000 933.000000 0.000000 0.000000 48.173944
1 0.738957 3.000000 0.647617 0.007205 0.028038 0.036871 225.000000 5.000000 7.000000 99.000000 0.000000 0.000000 39.369107
