1 2.543985 3.000000 0.314892 1.136663 0.434543 0.084936 188.000000 10.000000 211.000000 962.000000 0.000000 1.000000 236.539590
1 2.398277 3.000000 0.494544 0.925749 0.344627 0.199273 302.000000 10.000000 112.000000 771.000000 0.000000 1.000000 188.860731
1 3.788465 3.000000 0.327928 1.779250 0.656598 0.213205 448.000000 10.000000 207.000000 1365.000000 0.000000 1.000000 64.660638
1 0.766252 3.000000 0.327110 0.230350 0.085435 0.022790 58.000000 10.000000 38.000000 226.000000 0.000000 1.000000 58.905462
1 0.598203 3.000000 0.517548 0.036362 0.014439 0.013907 30.000000 10.000000 3.000000 34.000000 0.000000 1.000000 64.749514
1 0.445578 3.000000 0.338597 0.048126 0.017676 0.019270 37.000000 10.000000 9.000000 42.000000 0.000000 1.000000 82.891679
1 1.643870 3.000000 0.656041 0.498444 0.188624 0.086574 146.000000 10.000000 50.000000 490.000000 0.000000 1.000000 114.956239
1 1.042683 3.000000 0.916347 0.039675 0.016402 0.051232 81.000000 10.000000 0.000000 45.000000 0.000000 1.000000 94.247033
1 1.024226 3.000000 0.328337 0.366962 0.131017 0.035819 77.000000 10.000000 19.000000 201.000000 0.000000 1.000000 97.155197
0 75.340220 3.000000 0.337565 51.507699 5.287814 0.056395 132.000000 10.000000 31.000000 702547.000000 0.000000 1.000000 -1.000000
1 0.958774 3.000000 0.320451 0.322192 0.116067 0.048878 112.000000 10.000000 83.000000 316.000000 0.000000 1.000000 105.110450
1 1.833162 3.000000 0.669067 0.461491 0.189109 0.284897 445.000000 10.000000 85.000000 433.000000 0.000000 1.000000 145.429586
1 0.742300 3.000000 0.344892 0.196883 0.078010 0.022161 49.000000 10.000000 9.000000 184.000000 0.000000 1.000000 79.069821
1 2.041616 3.000000 0.490498 0.760735 0.275003 0.151713 375.000000 10.000000 103.000000 553.000000 0.000000 1.000000 187.051212
1 0.731622 3.000000 0.362702 0.174128 0.065392 0.047423 95.000000 10.000000 14.000000 107.000000 0.000000 1.000000 112.700360
1 0.713497 3.000000 0.520917 0.084941 0.032714 0.033969 77.000000 10.000000 13.000000 137.000000 0.000000 1.000000 108.763422
1 2.363725 3.000000 0.331620 1.037008 0.388339 0.112593 200.000000 10.000000 11.000000 957.000000 0.000000 1.000000 116.350463
1 0.563220 3.000000 0.344605 0.091505 0.034023 0.052843 115.000000 10.000000 23.000000 114.000000 0.000000 1.000000 98.113960
1 2.020149 3.000000 0.479676 0.809972 0.296246 0.056738 129.000000 10.000000 19.000000 692.000000 0.000000 1.000000 132.391949
1 0.939551 3.000000 0.485373 0.206710 0.083000 0.059892 128.000000 10.000000 39.000000 158.000000 0.000000 1.000000 94.703851
1 1.240561 3.000000 0.532577 0.272964 0.107628 0.194537 402.000000 10.000000 83.000000 254.000000 0.000000 1.000000 100.032398
1 0.756031 3.000000 0.329963 0.174340 0.068761 0.096143 286.000000 10.000000 24.000000 212.000000 0.000000 1.000000 66.309496
1 1.039776 3.000000 0.359900 0.349475 0.125655 0.041687 83.000000 10.000000 209.000000 594.000000 0.000000 1.000000 122.100883
0 75.892334 3.000000 0.841856 12.505517 3.121044 0.119076 149.000000 10.000000 29.000000 150057.000000 0.000000 1.000000 -1.000000
1 0.887898 3.000000 0.337637 0.272576 0.108454 0.041218 91.000000 10.000000 113.000000 331.000000 0.000000 1.000000 69.384779
1 4.534574 3.000000 0.331030 2.138471 0.816320 0.233916 399.000000 10.000000 187.000000 1769.000000 0.000000 1.000000 190.002629
1 1.752003 3.000000 0.370718 0.600079 0.240045 0.252715 486.000000 10.000000 128.000000 827.000000 0.000000 1.000000 103.441118
1 0.550937 3.000000 0.343302 0.099987 0.040060 0.018342 40.000000 10.000000 1.000000 165.000000 0.000000 1.000000 72.610756
1 1.622501 3.000000 0.485624 0.595661 0.217927 0.053524 107.000000 10.000000 40.000000 518.000000 0.000000 1.000000 76.070722
1 1.153304 3.000000 0.508461 0.272485 0.108549 0.137446 209.000000 10.000000 66.000000 291.000000 0.000000 1.000000 84.867153
1 1.189051 3.000000 0.735311 0.190547 0.075420 0.096426 193.000000 10.000000 20.000000 153.000000 0.000000 1.000000 132.596795
1 1.168438 3.000000 0.694153 0.220704 0.084081 0.070167 127.000000 10.000000 62.000000 238.000000 0.000000 1.000000 127.722033
1 1.209077 3.000000 0.705450 0.220240 0.081335 0.104649 117.000000 10.000000 4.000000 164.000000 0.000000 1.000000 181.156229
1 2.038094 3.000000 0.345466 0.881444 0.324545 0.066413 154.000000 10.000000 150.000000 814.000000 0.000000 1.000000 168.405984
1 2.063825 3.000000 0.501131 0.787609 0.304034 0.080181 130.000000 10.000000 33.000000 554.000000 0.000000 1.000000 171.008819
1 1.627216 3.000000 0.352139 0.628633 0.246303 0.083674 147.000000 10.000000 130.000000 608.000000 0.000000 1.000000 112.330275
1 0.840593 3.000000 0.531381 0.152970 0.059221 0.026957 62.000000 10.000000 18.000000 148.000000 0.000000 1.000000 68.945556
1 0.609173 3.000000 0.313106 0.140566 0.057688 0.036135 71.000000 10.000000 11.000000 246.000000 0.000000 1.000000 81.580885
1 1.182056 3.000000 0.651841 0.270970 0.097017 0.044760 98.000000 10.000000 32.000000 161.000000 0.000000 1.000000 105.673571
1 0.781852 3.000000 0.512971 0.128823 0.052309 0.029728 64.000000 10.000000 53.000000 214.000000 0.000000 1.000000 85.161256
1 1.625614 3.000000 0.667747 0.468305 0.166776 0.118653 227.000000 10.000000 5.000000 686.000000 0.000000 1.000000 168.140921
1 2.777883 3.000000 0.362961 1.225649 0.471210 0.108340 203.000000 10.000000 65.000000 819.000000 0.000000 1.000000 189.802602
1 0.700104 3.000000 0.358259 0.177878 0.062045 0.025178 53.000000 10.000000 3.000000 148.000000 0.000000 1.000000 103.800437
1 3.424708 3.000000 0.306955 1.591644 0.597152 0.149338 275.000000 10.000000 127.000000 1198.000000 0.000000 1.000000 208.234383
0 75.490533 3.000000 0.489705 48.977029 8.206888 0.040898 109.000000 10.000000 21.000000 859465.000000 0.000000 1.000000 -1.000000
1 3.127766 3.000000 0.382101 1.335531 0.520827 0.264854 356.000000 10.000000 291.000000 1186.000000 0.000000 1.000000 137.196887
1 1.553386 3.000000 0.646529 0.462986 0.175743 0.045630 84.000000 10.000000 45.000000 439.000000 0.000000 1.000000 83.800950
1 1.191009 3.000000 0.735714 0.223503 0.082755 0.051826 70.000000 10.000000 2.000000 201.000000 0.000000 1.000000 126.446771
1 1.316144 3.000000 0.935987 0.176438 0.063956 0.064298 92.000000 10.000000 37.000000 163.000000 0.000000 1.000000 89.806141
1 0.485982 3.000000 0.351255 0.064097 0.024441 0.016756 38.000000 10.000000 1.000000 65.000000 0.000000 1.000000 94.840924
1 1.068536 3.000000 0.544553 0.246244 0.081315 0.091066 147.000000 10.000000 0.000000 778.000000 0.000000 1.000000 110.676018
1 0.920741 3.000000 0.352667 0.283198 0.110392 0.043403 67.000000 10.000000 69.000000 626.000000 0.000000 1.000000 135.306486
1 1.382439 3.000000 0.822987 0.270902 0.106882 0.049381 70.000000 10.000000 8.000000 240.000000 0.000000 1.000000 113.682116
1 1.876311 3.000000 0.414169 0.826227 0.282308 0.036075 69.000000 10.000000 24.000000 888.000000 0.000000 1.000000 70.918652
1 0.722655 3.000000 0.365296 0.166977 0.063107 0.052626 104.000000 10.000000 19.000000 151.000000 0.000000 1.000000 118.397430
1 1.836394 3.000000 0.692721 0.516573 0.195579 0.175026 171.000000 10.000000 59.000000 393.000000 0.000000 1.000000 162.189285
