1 4.489903 3.000000 0.348906 0.467237 1.832182 0.508351 1426.000000 10.000000 466.000000 2798.000000 0.000000 0.000000 90.895156
1 2.642752 3.000000 0.638948 0.221192 0.850041 0.295577 319.000000 10.000000 162.000000 1243.000000 0.000000 0.000000 51.717512
1 1.936387 3.000000 0.486707 0.154385 0.611110 0.270872 620.000000 10.000000 164.000000 941.000000 0.000000 0.000000 66.522266
1 1.040791 3.000000 0.489337 0.062726 0.276235 0.044089 91.000000 10.000000 60.000000 820.000000 0.000000 0.000000 39.735640
0 75.348716 3.000000 0.345505 6.465875 52.571769 0.100238 241.000000 10.000000 90.000000 1409227.000000 0.000000 0.000000 -1.000000
1 2.013324 3.000000 0.494655 0.171118 0.700245 0.171097 385.000000 10.000000 252.000000 1040.000000 0.000000 0.000000 49.643436
1 0.617893 3.000000 0.501946 0.011756 0.050355 0.020644 43.000000 10.000000 21.000000 114.000000 0.000000 0.000000 38.214655
1 1.059760 3.000000 0.668107 0.041221 0.168150 0.069030 105.000000 10.000000 101.000000 263.000000 0.000000 0.000000 55.061518
1 0.638163 3.000000 0.500769 0.014214 0.063701 0.023725 45.000000 10.000000 31.000000 114.000000 0.000000 0.000000 45.176329
1 1.983825 3.000000 0.499411 0.146549 0.648020 0.296365 646.000000 10.000000 179.000000 1092.000000 0.000000 0.000000 60.235668
1 1.731906 3.000000 0.485233 0.152367 0.596586 0.057737 128.000000 10.000000 129.000000 1670.000000 0.000000 0.000000 61.391024
1 2.136367 3.000000 0.326889 0.226349 0.874164 0.131455 253.000000 10.000000 166.000000 1483.000000 0.000000 0.000000 74.698825
1 1.284317 3.000000 0.503874 0.064988 0.304840 0.243606 494.000000 10.000000 60.000000 361.000000 0.000000 0.000000 79.201185
1 0.635595 3.000000 0.510534 0.010415 0.050166 0.034667 89.000000 10.000000 80.000000 93.000000 0.000000 0.000000 36.912819
1 0.612336 3.000000 0.495307 0.012907 0.050549 0.020492 42.000000 10.000000 15.000000 90.000000 0.000000 0.000000 53.943027
1 2.293483 3.000000 0.638399 0.162258 0.722410 0.263889 422.000000 10.000000 147.000000 860.000000 0.000000 0.000000 84.340213
1 0.754857 3.000000 0.496129 0.025090 0.120395 0.052824 81.000000 10.000000 5.000000 148.000000 0.000000 0.000000 70.101666
1 0.913328 3.000000 0.504699 0.046450 0.181425 0.057730 112.000000 10.000000 13.000000 471.000000 0.000000 0.000000 43.772603
1 0.481725 3.000000 0.342276 0.013634 0.068129 0.020534 40.000000 10.000000 28.000000 126.000000 0.000000 0.000000 47.245435
1 1.103269 3.000000 0.498056 0.066858 0.266606 0.094013 169.000000 10.000000 27.000000 532.000000 0.000000 0.000000 66.276508
1 0.818533 3.000000 0.335886 0.042480 0.172332 0.164289 475.000000 10.000000 100.000000 317.000000 0.000000 0.000000 58.715694
1 1.077375 3.000000 0.492178 0.066890 0.233455 0.109748 218.000000 10.000000 49.000000 344.000000 0.000000 0.000000 79.507764
1 0.742751 3.000000 0.657917 0.007741 0.035085 0.020573 38.000000 10.000000 3.000000 88.000000 0.000000 0.000000 38.910990
1 0.845708 3.000000 0.685075 0.014988 0.065351 0.038422 66.000000 10.000000 7.000000 112.000000 0.000000 0.000000 44.067860
1 1.058208 3.000000 0.671403 0.035506 0.155777 0.091526 113.000000 10.000000 21.000000 229.000000 0.000000 0.000000 49.736144
1 0.616281 3.000000 0.505012 0.009481 0.041726 0.035942 82.000000 10.000000 5.000000 95.000000 0.000000 0.000000 42.602726
1 1.099941 3.000000 0.656837 0.054802 0.186996 0.060909 80.000000 10.000000 25.000000 277.000000 0.000000 0.000000 48.843845
1 0.996657 3.000000 0.864126 0.009208 0.037038 0.060064 83.000000 10.000000 9.000000 58.000000 0.000000 0.000000 45.737955
1 1.510032 3.000000 0.338579 0.124351 0.505866 0.214449 536.000000 10.000000 96.000000 987.000000 0.000000 0.000000 52.529408
1 1.405770 3.000000 0.486664 0.104066 0.398431 0.146404 204.000000 10.000000 85.000000 806.000000 0.000000 0.000000 103.143082
1 0.653235 3.000000 0.489128 0.016876 0.069831 0.032992 78.000000 10.000000 4.000000 211.000000 0.000000 0.000000 52.100189
1 3.289017 3.000000 0.507577 0.301741 1.214291 0.441098 936.000000 10.000000 132.000000 1919.000000 0.000000 0.000000 56.157087
1 2.363327 3.000000 0.490872 0.229187 0.898199 0.120061 211.000000 10.000000 199.000000 1292.000000 0.000000 0.000000 40.506556
0 75.333345 3.000000 0.325726 4.514340 17.461954 0.170029 357.000000 10.000000 779.000000 684847.000000 0.000000 0.000000 -1.000000
1 0.776746 3.000000 0.311766 0.052364 0.219981 0.049821 106.000000 10.000000 136.000000 488.000000 0.000000 0.000000 60.095087
1 0.552485 3.000000 0.312308 0.025651 0.109621 0.039187 87.000000 10.000000 2.000000 207.000000 0.000000 0.000000 43.620298
1 1.022555 3.000000 0.621454 0.033121 0.141465 0.135611 202.000000 10.000000 14.000000 316.000000 0.000000 0.000000 52.044113
1 0.732006 3.000000 0.646051 0.006249 0.023669 0.040215 105.000000 10.000000 3.000000 44.000000 0.000000 0.000000 47.230197
1 0.594951 3.000000 0.470176 0.009851 0.061887 0.026912 47.000000 10.000000 0.000000 106.000000 0.000000 0.000000 55.653744
1 2.889955 3.000000 0.307995 0.306698 1.133451 0.344722 598.000000 10.000000 84.000000 1461.000000 0.000000 0.000000 131.424653
1 0.941625 3.000000 0.504065 0.053677 0.211131 0.029700 62.000000 10.000000 34.000000 463.000000 0.000000 0.000000 38.387725
0 75.331223 3.000000 0.324361 3.208061 3.894945 0.013106 29.000000 10.000000 17.000000 694364.000000 0.000000 0.000000 -1.000000
1 2.759149 3.000000 0.492784 0.277433 1.036135 0.243238 334.000000 10.000000 96.000000 1670.000000 0.000000 0.000000 45.688167
1 1.179733 3.000000 0.500078 0.071164 0.321278 0.097532 150.000000 10.000000 43.000000 447.000000 0.000000 0.000000 56.328033
1 0.668041 3.000000 0.503075 0.016882 0.075892 0.025433 50.000000 10.000000 13.000000 179.000000 0.000000 0.000000 55.487552
1 1.919203 3.000000 0.810287 0.078813 0.376050 0.432395 501.000000 10.000000 79.000000 500.000000 0.000000 0.000000 88.421900
1 0.804598 3.000000 0.683592 0.011041 0.046760 0.033076 52.000000 10.000000 5.000000 80.000000 0.000000 0.000000 45.325100
1 1.313111 3.000000 0.320974 0.119179 0.500813 0.075257 156.000000 10.000000 132.000000 939.000000 0.000000 0.000000 44.027006
1 0.912111 3.000000 0.665774 0.023511 0.111734 0.048974 103.000000 10.000000 105.000000 428.000000 0.000000 0.000000 39.583533
1 0.846066 3.000000 0.681231 0.015106 0.068020 0.037116 60.000000 10.000000 5.000000 152.000000 0.000000 0.000000 57.454548
1 1.130564 3.000000 0.471426 0.076392 0.276971 0.111760 237.000000 10.000000 73.000000 566.000000 0.000000 0.000000 39.245254
1 0.444415 3.000000 0.315595 0.014756 0.057554 0.019599 37.000000 10.000000 26.000000 128.000000 0.000000 0.000000 43.349199
1 0.894043 3.000000 0.643165 0.025735 0.109299 0.049511 85.000000 10.000000 1.000000 224.000000 0.000000 0.000000 63.935322
