1 1.162831 3.000000 0.331105 0.430104 0.174809 0.023855 97.000000 5.000000 62.000000 603.000000 0.000000 1.000000 160.311484
1 0.829851 3.000000 0.509114 0.166677 0.065434 0.013249 54.000000 5.000000 10.000000 215.000000 0.000000 1.000000 85.910099
1 3.900628 3.000000 0.648969 1.719731 0.630533 0.111974 430.000000 5.000000 128.000000 1306.000000 0.000000 1.000000 185.605696
1 1.371158 3.000000 0.637841 0.378076 0.141006 0.042091 136.000000 5.000000 47.000000 353.000000 0.000000 1.000000 124.885643
1 8.911991 3.000000 0.519540 4.436956 1.688445 0.144018 586.000000 5.000000 440.000000 3895.000000 0.000000 1.000000 196.544462
1 2.210817 3.000000 0.320734 1.009602 0.380338 0.034474 125.000000 5.000000 115.000000 657.000000 0.000000 1.000000 163.990040
1 3.494035 3.000000 0.923248 1.370186 0.499181 0.081727 252.000000 5.000000 24.000000 625.000000 0.000000 1.000000 99.872269
1 1.150205 3.000000 0.698257 0.239628 0.088989 0.013829 56.000000 5.000000 60.000000 190.000000 0.000000 1.000000 139.893999
1 0.730308 3.000000 0.362097 0.193803 0.074570 0.013185 59.000000 5.000000 2.000000 266.000000 0.000000 1.000000 85.006321
1 0.514396 3.000000 0.351267 0.084859 0.034405 0.005551 30.000000 5.000000 40.000000 128.000000 0.000000 1.000000 67.684222
1 0.877407 3.000000 0.678042 0.087674 0.033094 0.037158 128.000000 5.000000 1.000000 73.000000 0.000000 1.000000 106.465589
1 1.132224 3.000000 0.311038 0.403853 0.159494 0.063168 393.000000 5.000000 59.000000 530.000000 0.000000 1.000000 156.311573
1 1.610423 3.000000 0.657167 0.467058 0.188367 0.078362 389.000000 5.000000 40.000000 555.000000 0.000000 1.000000 106.575697
1 13.121312 3.000000 0.350778 6.906222 2.581501 0.120838 552.000000 5.000000 675.000000 5782.000000 0.000000 1.000000 268.485826
1 7.684181 3.000000 0.501451 3.829974 1.455189 0.112304 530.000000 5.000000 395.000000 3039.000000 0.000000 1.000000 109.987239
1 5.766793 3.000000 0.500466 2.852114 1.068535 0.076175 325.000000 5.000000 486.000000 2423.000000 0.000000 1.000000 174.091724
1 4.043645 3.000000 0.669215 1.705992 0.681896 0.112608 389.000000 5.000000 107.000000 1199.000000 0.000000 1.000000 174.856766
1 2.744958 3.000000 0.485542 1.203971 0.439546 0.091915 401.000000 5.000000 65.000000 872.000000 0.000000 1.000000 179.516135
1 2.352831 3.000000 0.633328 0.911648 0.342484 0.082474 279.000000 5.000000 62.000000 625.000000 0.000000 1.000000 154.662388
1 14.039963 3.000000 0.613249 7.081415 2.724765 0.148650 640.000000 5.000000 404.000000 5907.000000 0.000000 1.000000 331.453147
1 0.915157 3.000000 0.504144 0.213914 0.081087 0.018263 92.000000 5.000000 18.000000 242.000000 0.000000 1.000000 119.935465
1 10.908250 3.000000 0.644768 5.382903 2.059182 0.226310 961.000000 5.000000 369.000000 4321.000000 0.000000 1.000000 114.571863
1 1.630631 3.000000 0.505879 0.596994 0.222631 0.029626 145.000000 5.000000 54.000000 445.000000 0.000000 1.000000 120.200808
1 0.670203 3.000000 0.317845 0.177317 0.070730 0.015639 53.000000 5.000000 33.000000 177.000000 0.000000 1.000000 78.590432
1 1.171390 3.000000 0.352881 0.414792 0.166353 0.055380 341.000000 5.000000 54.000000 631.000000 0.000000 1.000000 100.522697
1 0.450338 3.000000 0.347077 0.047068 0.019260 0.014916 101.000000 5.000000 8.000000 51.000000 0.000000 1.000000 67.184663
1 0.768878 3.000000 0.353383 0.216261 0.081704 0.017979 84.000000 5.000000 27.000000 299.000000 0.000000 1.000000 100.898645
1 1.366614 3.000000 0.489855 0.475796 0.170483 0.020702 91.000000 5.000000 15.000000 300.000000 0.000000 1.000000 108.260570
1 2.230195 3.000000 0.640299 0.781345 0.309438 0.158874 577.000000 5.000000 124.000000 748.000000 0.000000 1.000000 118.716401
1 1.771819 3.000000 1.279821 0.252797 0.100898 0.021946 62.000000 5.000000 7.000000 218.000000 0.000000 1.000000 122.269027
1 2.045737 3.000000 0.535277 0.796445 0.306670 0.026145 111.000000 5.000000 17.000000 632.000000 0.000000 1.000000 132.178336
0 75.480547 3.000000 0.358714 13.849373 2.767153 0.022069 113.000000 5.000000 28.000000 189421.000000 0.000000 1.000000 -1.000000
1 1.334955 3.000000 0.317178 0.521970 0.202357 0.036426 219.000000 5.000000 39.000000 425.000000 0.000000 1.000000 145.181210
1 22.045247 3.000000 0.554773 11.393535 4.155064 0.302896 1228.000000 5.000000 844.000000 6924.000000 0.000000 1.000000 215.776625
1 7.935161 3.000000 0.771827 3.589790 1.385243 0.310290 881.000000 5.000000 257.000000 2314.000000 0.000000 1.000000 72.747700
1 1.138044 3.000000 0.312978 0.423586 0.160835 0.033144 207.000000 5.000000 86.000000 519.000000 0.000000 1.000000 119.326940
1 5.187675 3.000000 0.612906 2.422499 0.885845 0.123690 455.000000 5.000000 161.000000 1445.000000 0.000000 1.000000 114.285694
1 0.967025 3.000000 0.782570 0.075208 0.031225 0.035961 84.000000 5.000000 12.000000 76.000000 0.000000 1.000000 116.759330
1 0.868756 3.000000 0.345275 0.269317 0.106009 0.015397 70.000000 5.000000 84.000000 371.000000 0.000000 1.000000 98.487138
1 0.774056 3.000000 0.643796 0.062690 0.025292 0.011768 48.000000 5.000000 0.000000 110.000000 0.000000 1.000000 66.178574
1 0.749962 3.000000 0.331404 0.217183 0.080880 0.019724 90.000000 5.000000 58.000000 193.000000 0.000000 1.000000 102.184340
1 5.346335 3.000000 0.349854 2.629797 1.000239 0.094106 396.000000 5.000000 203.000000 2178.000000 0.000000 1.000000 120.017059
1 2.589321 3.000000 0.492273 1.075544 0.425773 0.051432 218.000000 5.000000 187.000000 1013.000000 0.000000 1.000000 96.141721
1 1.481184 3.000000 0.497798 0.517810 0.194078 0.029615 134.000000 5.000000 40.000000 477.000000 0.000000 1.000000 130.782863
1 1.511215 3.000000 0.761488 0.391723 0.149471 0.039470 141.000000 5.000000 51.000000 512.000000 0.000000 1.000000 107.450679
1 3.864179 3.000000 0.352667 1.883998 0.713632 0.062657 257.000000 5.000000 154.000000 1746.000000 0.000000 1.000000 173.196786
1 1.032832 3.000000 0.512510 0.289167 0.099901 0.012873 54.000000 5.000000 34.000000 258.000000 0.000000 1.000000 109.939186
1 1.317285 3.000000 0.633962 0.332574 0.137090 0.045437 175.000000 5.000000 57.000000 444.000000 0.000000 1.000000 134.309550
1 1.136847 3.000000 0.670221 0.226658 0.092476 0.031906 109.000000 5.000000 36.000000 165.000000 0.000000 1.000000 87.839034
1 1.920708 3.000000 0.657571 0.612353 0.242799 0.084494 229.000000 5.000000 92.000000 399.000000 0.000000 1.000000 209.695551
0 75.345984 3.000000 0.345278 34.866721 9.281304 0.093663 574.000000 5.000000 85.000000 634761.000000 0.000000 1.000000 -1.000000
1 1.690908 3.000000 0.481783 0.601466 0.233814 0.066178 324.000000 5.000000 37.000000 571.000000 0.000000 1.000000 99.995842
1 6.052832 3.000000 0.569924 2.889260 1.120875 0.076688 214.000000 5.000000 78.000000 1308.000000 0.000000 1.000000 227.224048
1 0.724414 3.000000 0.392233 0.156325 0.064381 0.033910 159.000000 5.000000 18.000000 199.000000 0.000000 1.000000 73.982707
