1 2.418982 3.000000 0.462233 1.007320 0.396867 0.060373 848.000000 2.000000 468.000000 1048.000000 0.000000 1.000000 139.885198
1 1.120623 3.000000 0.444899 0.350008 0.135808 0.027159 370.000000 2.000000 212.000000 713.000000 0.000000 1.000000 63.469728
1 16.413642 3.000000 0.464054 8.134363 3.263841 0.057903 584.000000 2.000000 947.000000 5775.000000 0.000000 1.000000 155.576574
1 25.644536 3.000000 0.609368 12.577614 5.184904 0.169754 1617.000000 2.000000 3539.000000 8220.000000 0.000000 1.000000 163.525017
1 15.796774 3.000000 0.308306 7.892211 3.186485 0.087725 1377.000000 2.000000 3343.000000 8688.000000 0.000000 1.000000 195.225241
1 0.411011 3.000000 0.303331 0.056512 0.021781 0.003377 35.000000 2.000000 48.000000 91.000000 0.000000 1.000000 70.082173
1 0.621069 3.000000 0.299426 0.157973 0.063222 0.027862 514.000000 2.000000 172.000000 148.000000 0.000000 1.000000 65.057631
1 8.488263 3.000000 0.306241 4.277116 1.664338 0.044724 553.000000 2.000000 661.000000 4053.000000 0.000000 1.000000 108.266536
1 7.314645 3.000000 0.613301 3.432262 1.365878 0.087266 874.000000 2.000000 748.000000 2571.000000 0.000000 1.000000 185.209696
1 2.842189 3.000000 0.624120 1.113448 0.477138 0.066602 815.000000 2.000000 820.000000 1428.000000 0.000000 1.000000 206.790424
1 0.906447 3.000000 0.601492 0.145021 0.060950 0.027612 373.000000 2.000000 124.000000 107.000000 0.000000 1.000000 77.553397
1 1.078456 3.000000 0.604020 0.237427 0.095848 0.025334 292.000000 2.000000 416.000000 284.000000 0.000000 1.000000 102.938476
1 2.770657 3.000000 0.303085 1.275773 0.514131 0.039153 589.000000 2.000000 720.000000 1340.000000 0.000000 1.000000 113.380032
1 1.282439 3.000000 0.612706 0.332772 0.139652 0.027655 301.000000 2.000000 227.000000 628.000000 0.000000 1.000000 106.079014
1 0.580610 3.000000 0.304550 0.148861 0.055426 0.006064 67.000000 2.000000 52.000000 198.000000 0.000000 1.000000 88.428315
1 10.065730 3.000000 0.456838 4.901961 1.989286 0.129406 1869.000000 2.000000 2013.000000 4967.000000 0.000000 1.000000 268.411009
1 9.517551 3.000000 0.453780 4.796803 1.873392 0.032544 327.000000 2.000000 887.000000 4939.000000 0.000000 1.000000 232.728364
1 36.759743 3.000000 0.463697 18.559465 7.274595 0.131126 1699.000000 2.000000 3176.000000 14143.000000 0.000000 1.000000 97.686332
0 75.504467 3.000000 0.455197 20.730527 7.990640 0.102299 1393.000000 2.000000 4446.000000 123749.000000 0.000000 1.000000 -1.000000
1 3.567911 3.000000 0.609214 1.373031 0.586391 0.266969 3869.000000 2.000000 1563.000000 1573.000000 0.000000 1.000000 63.291737
1 22.077437 3.000000 0.600868 10.977664 4.379964 0.095567 868.000000 2.000000 1805.000000 7535.000000 0.000000 1.000000 94.708332
1 2.388630 3.000000 0.839104 0.797677 0.308172 0.040622 315.000000 2.000000 172.000000 556.000000 0.000000 1.000000 103.717015
1 1.592731 3.000000 0.482516 0.557445 0.230653 0.018713 360.000000 2.000000 850.000000 447.000000 0.000000 1.000000 80.046854
1 1.759502 3.000000 0.324408 0.670306 0.273827 0.160162 2391.000000 2.000000 627.000000 577.000000 0.000000 1.000000 48.557963
1 20.017949 3.000000 0.504129 9.945301 3.967195 0.113961 1527.000000 2.000000 3950.000000 9005.000000 0.000000 1.000000 194.920409
1 1.220919 3.000000 0.328425 0.467139 0.178069 0.031276 438.000000 2.000000 168.000000 481.000000 0.000000 1.000000 79.864510
1 1.601124 3.000000 0.290042 0.643663 0.258395 0.084623 1339.000000 2.000000 1246.000000 581.000000 0.000000 1.000000 144.230902
1 16.354313 3.000000 0.605017 7.972582 3.184663 0.122502 985.000000 2.000000 1319.000000 4900.000000 0.000000 1.000000 180.331451
1 2.067818 3.000000 0.303132 0.897028 0.359199 0.065178 1032.000000 2.000000 570.000000 916.000000 0.000000 1.000000 99.763108
1 35.769165 3.000000 0.298016 17.969612 7.215210 0.201258 3393.000000 2.000000 6574.000000 15909.000000 0.000000 1.000000 153.294983
1 1.540806 3.000000 0.459356 0.517150 0.201361 0.117356 1755.000000 2.000000 467.000000 456.000000 0.000000 1.000000 98.941199
1 18.442094 3.000000 0.467224 9.306391 3.692320 0.103179 1501.000000 2.000000 2775.000000 7281.000000 0.000000 1.000000 235.803800
1 14.732625 3.000000 0.313642 7.399379 2.985409 0.051978 661.000000 2.000000 1173.000000 5642.000000 0.000000 1.000000 161.179398
1 36.962061 3.000000 0.591328 17.807427 7.652059 0.125817 1010.000000 2.000000 2339.000000 9366.000000 0.000000 1.000000 273.490352
1 21.935144 3.000000 0.444366 10.919487 4.414596 0.083387 913.000000 2.000000 2759.000000 6449.000000 0.000000 1.000000 258.324405
1 0.860209 3.000000 0.652631 0.106091 0.044040 0.005428 48.000000 2.000000 25.000000 163.000000 0.000000 1.000000 63.255289
1 48.620982 3.000000 0.326874 24.901082 9.700611 0.081778 835.000000 2.000000 3082.000000 14613.000000 0.000000 1.000000 188.860761
1 1.041656 3.000000 0.281534 0.398742 0.153445 0.022057 331.000000 2.000000 311.000000 505.000000 0.000000 1.000000 100.026341
1 2.310138 3.000000 0.433000 1.001112 0.380827 0.021967 239.000000 2.000000 1085.000000 1210.000000 0.000000 1.000000 85.416940
1 1.282782 3.000000 0.300523 0.530838 0.198991 0.007154 74.000000 2.000000 394.000000 785.000000 0.000000 1.000000 75.416688
0 75.469214 3.000000 0.465918 45.227159 9.190554 0.041094 563.000000 2.000000 252.000000 898157.000000 0.000000 1.000000 -1.000000
1 0.789751 3.000000 0.462970 0.174746 0.067177 0.005916 57.000000 2.000000 71.000000 250.000000 0.000000 1.000000 130.614556
1 17.144692 3.000000 0.335205 8.541315 3.439719 0.220887 3468.000000 2.000000 2804.000000 8177.000000 0.000000 1.000000 263.800118
1 1.514241 3.000000 0.458285 0.560096 0.220070 0.013224 147.000000 2.000000 268.000000 749.000000 0.000000 1.000000 64.898377
1 0.561427 3.000000 0.463662 0.050363 0.019407 0.003419 33.000000 2.000000 11.000000 63.000000 0.000000 1.000000 59.808649
1 28.432803 3.000000 0.304061 14.694327 5.687988 0.042360 421.000000 2.000000 5206.000000 11940.000000 0.000000 1.000000 180.277454
1 0.817389 3.000000 0.299364 0.261990 0.107316 0.019999 313.000000 2.000000 106.000000 397.000000 0.000000 1.000000 55.919107
1 21.183309 3.000000 0.485216 10.895061 4.223381 0.062299 646.000000 2.000000 1975.000000 6894.000000 0.000000 1.000000 275.575124
1 4.470540 3.000000 0.319624 2.119437 0.821330 0.110581 1541.000000 2.000000 526.000000 1553.000000 0.000000 1.000000 73.890127
1 0.816011 3.000000 0.479918 0.176794 0.067645 0.004866 44.000000 2.000000 79.000000 292.000000 0.000000 1.000000 69.177780
1 2.688371 3.000000 0.483005 1.135316 0.412528 0.146241 2444.000000 2.000000 469.000000 646.000000 0.000000 1.000000 115.734190
1 6.225122 3.000000 0.334291 2.994586 1.212772 0.022055 241.000000 2.000000 1276.000000 2536.000000 0.000000 1.000000 107.561239
1 37.697783 3.000000 0.592001 18.724072 7.600037 0.153316 1180.000000 2.000000 3082.000000 10275.000000 0.000000 1.000000 196.482679
0 75.814221 3.000000 0.473686 34.982969 13.468236 0.024217 216.000000 2.000000 1239.000000 19257.000000 0.000000 1.000000 -1.000000
1 4.181990 3.000000 0.628967 1.856389 0.719979 0.026889 242.000000 2.000000 449.000000 1283.000000 0.000000 1.000000 91.952561
1 1.736926 3.000000 0.478453 0.638605 0.265623 0.011316 115.000000 2.000000 348.000000 539.000000 0.000000 1.000000 87.819435
0 75.334661 3.000000 0.320584 31.282885 9.435720 0.059543 618.000000 2.000000 2162.000000 469443.000000 0.000000 1.000000 -1.000000
1 0.857880 3.000000 0.484046 0.201865 0.076175 0.006322 64.000000 2.000000 69.000000 129.000000 0.000000 1.000000 79.493061
1 4.169227 3.000000 0.310489 1.922469 0.745890 0.145234 2185.000000 2.000000 1809.000000 3371.000000 0.000000 1.000000 68.923825
1 38.130551 3.000000 0.313462 19.056257 7.753847 0.192428 3099.000000 2.000000 5795.000000 16617.000000 0.000000 1.000000 212.183980
