1 0.597078 1.000000 0.000000 0.031562 0.244827 0.000000 0.000000 0.000000 0.000000 17131.000000 -1.000000 0.000000 14.338858
1 0.214544 1.000000 0.000000 0.014852 0.103526 0.000000 0.000000 0.000000 0.000000 8974.000000 -1.000000 0.000000 14.636363
1 7.102810 1.000000 0.000000 0.194573 1.902049 0.000000 0.000000 0.000000 0.000000 98897.000000 -1.000000 0.000000 15.237140
1 3.975219 1.000000 0.000000 0.150783 0.923441 0.000000 0.000000 0.000000 0.000000 74479.000000 -1.000000 0.000000 15.836350
1 0.308452 1.000000 0.000000 0.019048 0.097510 0.000000 0.000000 0.000000 0.000000 9125.000000 -1.000000 0.000000 11.411740
1 0.565686 1.000000 0.000000 0.034804 0.167247 0.000000 0.000000 0.000000 0.000000 17658.000000 -1.000000 0.000000 11.166409
1 11.795672 1.000000 0.000000 0.435580 4.098729 0.000000 0.000000 0.000000 0.000000 218362.000000 -1.000000 0.000000 12.051756
1 4.407231 1.000000 0.000000 0.204978 1.087887 0.000000 0.000000 0.000000 0.000000 90493.000000 -1.000000 0.000000 16.301291
1 0.004641 1.000000 0.000000 0.000572 0.003058 0.000000 0.000000 0.000000 0.000000 71.000000 -1.000000 0.000000 13.564450
1 0.087709 1.000000 0.000000 0.008251 0.051235 0.000000 0.000000 0.000000 0.000000 4140.000000 -1.000000 0.000000 10.229302
1 1.274899 1.000000 0.000000 0.074568 0.462013 0.000000 0.000000 0.000000 0.000000 34971.000000 -1.000000 0.000000 11.702356
1 0.001254 1.000000 0.000000 0.000186 0.000713 0.000000 0.000000 0.000000 0.000000 1.000000 -1.000000 0.000000 9.414929
1 0.008860 1.000000 0.000000 0.001245 0.005252 0.000000 0.000000 0.000000 0.000000 41.000000 -1.000000 0.000000 16.771274
1 0.081931 1.000000 0.000000 0.006381 0.044876 0.000000 0.000000 0.000000 0.000000 2430.000000 -1.000000 0.000000 13.208375
1 0.009459 1.000000 0.000000 0.001205 0.005935 0.000000 0.000000 0.000000 0.000000 102.000000 -1.000000 0.000000 13.744512
1 0.089469 1.000000 0.000000 0.007068 0.039690 0.000000 0.000000 0.000000 0.000000 1130.000000 -1.000000 0.000000 11.902340
1 0.002273 1.000000 0.000000 0.000296 0.001465 0.000000 0.000000 0.000000 0.000000 6.000000 -1.000000 0.000000 17.022578
1 7.462474 1.000000 0.000000 0.282197 1.500858 0.000000 0.000000 0.000000 0.000000 92658.000000 -1.000000 0.000000 16.900492
1 1.220007 1.000000 0.000000 0.074496 0.522845 0.000000 0.000000 0.000000 0.000000 20191.000000 -1.000000 0.000000 13.748979
1 6.835187 1.000000 0.000000 0.351230 2.437709 0.000000 0.000000 0.000000 0.000000 72201.000000 -1.000000 0.000000 12.175483
1 0.298892 1.000000 0.000000 0.018430 0.141346 0.000000 0.000000 0.000000 0.000000 2710.000000 -1.000000 0.000000 13.968791
1 0.011778 1.000000 0.000000 0.001622 0.006975 0.000000 0.000000 0.000000 0.000000 12.000000 -1.000000 0.000000 12.024409
1 0.099326 1.000000 0.000000 0.008466 0.055186 0.000000 0.000000 0.000000 0.000000 1503.000000 -1.000000 0.000000 14.688867
1 1.020336 1.000000 0.000000 0.058136 0.402520 0.000000 0.000000 0.000000 0.000000 17211.000000 -1.000000 0.000000 17.307246
1 0.079927 1.000000 0.000000 0.007178 0.031592 0.000000 0.000000 0.000000 0.000000 1210.000000 -1.000000 0.000000 17.664975
1 0.141040 1.000000 0.000000 0.016494 0.074971 0.000000 0.000000 0.000000 0.000000 8330.000000 -1.000000 0.000000 13.116600
1 2.085196 1.000000 0.000000 0.159999 1.273058 0.000000 0.000000 0.000000 0.000000 78110.000000 -1.000000 0.000000 17.130947
1 0.002719 1.000000 0.000000 0.000399 0.001694 0.000000 0.000000 0.000000 0.000000 3.000000 -1.000000 0.000000 15.013894
1 0.010072 1.000000 0.000000 0.001373 0.006258 0.000000 0.000000 0.000000 0.000000 61.000000 -1.000000 0.000000 15.339486
1 0.006313 1.000000 0.000000 0.000874 0.003817 0.000000 0.000000 0.000000 0.000000 30.000000 -1.000000 0.000000 13.115576
1 0.001159 1.000000 0.000000 0.000128 0.000724 0.000000 0.000000 0.000000 0.000000 0.000000 -1.000000 0.000000 10.882540
1 0.009028 1.000000 0.000000 0.001300 0.005446 0.000000 0.000000 0.000000 0.000000 16.000000 -1.000000 0.000000 12.511699
1 0.003550 1.000000 0.000000 0.000554 0.002035 0.000000 0.000000 0.000000 0.000000 4.000000 -1.000000 0.000000 12.793537
1 6.373807 1.000000 0.000000 0.292074 2.124056 0.000000 0.000000 0.000000 0.000000 114384.000000 -1.000000 0.000000 14.868757
1 0.226903 1.000000 0.000000 0.013290 0.136696 0.000000 0.000000 0.000000 0.000000 3632.000000 -1.000000 0.000000 13.317235
1 0.000766 1.000000 0.000000 0.000123 0.000385 0.000000 0.000000 0.000000 0.000000 0.000000 -1.000000 0.000000 10.098359
1 13.027201 1.000000 0.000000 0.451029 3.217353 0.000000 0.000000 0.000000 0.000000 172979.000000 -1.000000 0.000000 16.098438
1 0.002328 1.000000 0.000000 0.000307 0.001498 0.000000 0.000000 0.000000 0.000000 3.000000 -1.000000 0.000000 16.819059
1 16.506103 1.000000 0.000000 0.455416 3.502743 0.000000 0.000000 0.000000 0.000000 143746.000000 -1.000000 0.000000 14.261703
1 0.114486 1.000000 0.000000 0.007686 0.046078 0.000000 0.000000 0.000000 0.000000 2124.000000 -1.000000 0.000000 12.216013
1 1.259254 1.000000 0.000000 0.036880 0.248926 0.000000 0.000000 0.000000 0.000000 4865.000000 -1.000000 0.000000 15.086103
1 0.102164 1.000000 0.000000 0.007222 0.042526 0.000000 0.000000 0.000000 0.000000 2326.000000 -1.000000 0.000000 12.234356
1 0.831774 1.000000 0.000000 0.046358 0.497234 0.000000 0.000000 0.000000 0.000000 23345.000000 -1.000000 0.000000 13.639707
1 7.622089 1.000000 0.000000 0.269118 1.717707 0.000000 0.000000 0.000000 0.000000 95771.000000 -1.000000 0.000000 12.573547
1 0.004005 1.000000 0.000000 0.000567 0.002435 0.000000 0.000000 0.000000 0.000000 4.000000 -1.000000 0.000000 13.997077
1 1.928937 1.000000 0.000000 0.088381 0.748055 0.000000 0.000000 0.000000 0.000000 19296.000000 -1.000000 0.000000 15.842167
1 1.927763 1.000000 0.000000 0.138926 0.801109 0.000000 0.000000 0.000000 0.000000 43518.000000 -1.000000 0.000000 16.081588
1 0.007694 1.000000 0.000000 0.001087 0.004966 0.000000 0.000000 0.000000 0.000000 8.000000 -1.000000 0.000000 12.781514
1 0.111516 1.000000 0.000000 0.007365 0.061006 0.000000 0.000000 0.000000 0.000000 3124.000000 -1.000000 0.000000 12.550777
1 15.094540 1.000000 0.000000 0.777972 6.803640 0.000000 0.000000 0.000000 0.000000 397990.000000 -1.000000 0.000000 13.465366
1 0.006500 1.000000 0.000000 0.000640 0.004676 0.000000 0.000000 0.000000 0.000000 69.000000 -1.000000 0.000000 15.541532
1 0.679292 1.000000 0.000000 0.037415 0.228821 0.000000 0.000000 0.000000 0.000000 16692.000000 -1.000000 0.000000 12.562688
1 1.540799 1.000000 0.000000 0.094700 0.680450 0.000000 0.000000 0.000000 0.000000 47944.000000 -1.000000 0.000000 15.155219
1 1.612706 1.000000 0.000000 0.068738 0.537563 0.000000 0.000000 0.000000 0.000000 32441.000000 -1.000000 0.000000 13.327053
0 90.040749 2.000000 0.000000 0.617041 3.599019 0.000000 0.000000 0.000000 3063.000000 78818.000000 -1.000000 0.000000 -1.000000
0 90.279220 2.000000 0.000000 0.532747 2.659712 0.000000 0.000000 0.000000 0.000000 59905.000000 -1.000000 0.000000 -1.000000
1 43.846881 2.000000 0.000000 0.412658 2.246316 0.000000 0.000000 0.000000 1321.000000 51331.000000 -1.000000 0.000000 46.744535
0 90.047569 2.000000 0.000000 0.581863 3.751435 0.000000 0.000000 0.000000 548.000000 72224.000000 -1.000000 0.000000 -1.000000
0 90.138190 2.000000 0.000000 0.990332 5.993328 0.000000 0.000000 0.000000 1829.000000 99575.000000 -1.000000 0.000000 -1.000000
1 78.924855 2.000000 0.000000 0.491664 2.239452 0.000000 0.000000 0.000000 80.000000 40659.000000 -1.000000 0.000000 93.794095
0 90.114053 2.000000 0.000000 0.534892 2.545411 0.000000 0.000000 0.000000 1921.000000 53139.000000 -1.000000 0.000000 -1.000000
1 3.286186 2.000000 0.000000 0.128467 0.744414 0.000000 0.000000 0.000000 188.000000 22377.000000 -1.000000 0.000000 92.190336
0 90.000132 2.000000 0.000000 0.543278 2.530371 0.000000 0.000000 0.000000 0.000000 58741.000000 -1.000000 0.000000 -1.000000
1 5.263469 2.000000 0.000000 0.234813 1.117583 0.000000 0.000000 0.000000 14.000000 51379.000000 -1.000000 0.000000 90.148879
1 20.202070 2.000000 0.000000 0.266686 1.493429 0.000000 0.000000 0.000000 4752.000000 28911.000000 -1.000000 0.000000 102.325035
0 90.330401 2.000000 0.000000 0.480534 2.220181 0.000000 0.000000 0.000000 213.000000 42982.000000 -1.000000 0.000000 -1.000000
0 90.168275 2.000000 0.000000 0.477248 2.513626 0.000000 0.000000 0.000000 454.000000 50986.000000 -1.000000 0.000000 -1.000000
0 90.145480 2.000000 0.000000 0.577828 3.405896 0.000000 0.000000 0.000000 21.000000 69249.000000 -1.000000 0.000000 -1.000000
1 62.267878 2.000000 0.000000 0.571542 2.942663 0.000000 0.000000 0.000000 1005.000000 82940.000000 -1.000000 0.000000 88.941992
0 90.057214 2.000000 0.000000 1.045211 8.590663 0.000000 0.000000 0.000000 0.000000 147782.000000 -1.000000 0.000000 -1.000000
0 90.137164 2.000000 0.000000 0.549198 3.036105 0.000000 0.000000 0.000000 402.000000 63308.000000 -1.000000 0.000000 -1.000000
0 90.143646 2.000000 0.000000 0.535951 2.563121 0.000000 0.000000 0.000000 0.000000 43699.000000 -1.000000 0.000000 -1.000000
1 49.868633 2.000000 0.000000 0.528634 2.628199 0.000000 0.000000 0.000000 92.000000 65336.000000 -1.000000 0.000000 65.178753
0 90.264213 2.000000 0.000000 0.476765 2.325385 0.000000 0.000000 0.000000 215.000000 41914.000000 -1.000000 0.000000 -1.000000
0 90.022636 2.000000 0.000000 0.558564 2.893983 0.000000 0.000000 0.000000 492.000000 65298.000000 -1.000000 0.000000 -1.000000
0 90.044360 2.000000 0.000000 0.528312 2.290861 0.000000 0.000000 0.000000 125.000000 50369.000000 -1.000000 0.000000 -1.000000
1 36.714567 2.000000 0.000000 0.414789 1.866838 0.000000 0.000000 0.000000 261.000000 48953.000000 -1.000000 0.000000 111.446979
1 4.577047 2.000000 0.000000 0.197839 1.095726 0.000000 0.000000 0.000000 76.000000 22484.000000 -1.000000 0.000000 69.490805
0 90.064713 2.000000 0.000000 0.759410 3.994055 0.000000 0.000000 0.000000 0.000000 95596.000000 -1.000000 0.000000 -1.000000
0 90.056392 2.000000 0.000000 0.831026 4.150975 0.000000 0.000000 0.000000 82.000000 111253.000000 -1.000000 0.000000 -1.000000
0 90.385628 2.000000 0.000000 0.436151 1.944494 0.000000 0.000000 0.000000 218.000000 34382.000000 -1.000000 0.000000 -1.000000
0 90.049340 2.000000 0.000000 0.640491 3.466518 0.000000 0.000000 0.000000 52.000000 75385.000000 -1.000000 0.000000 -1.000000
1 47.931308 2.000000 0.000000 0.446940 2.222465 0.000000 0.000000 0.000000 1024.000000 53008.000000 -1.000000 0.000000 83.095923
0 90.305172 2.000000 0.000000 0.538909 2.519068 0.000000 0.000000 0.000000 611.000000 59062.000000 -1.000000 0.000000 -1.000000
0 90.159936 2.000000 0.000000 0.623938 3.344075 0.000000 0.000000 0.000000 3557.000000 76562.000000 -1.000000 0.000000 -1.000000
0 90.002822 2.000000 0.000000 0.616428 3.693345 0.000000 0.000000 0.000000 628.000000 71532.000000 -1.000000 0.000000 -1.000000
0 90.200243 2.000000 0.000000 0.679677 3.373160 0.000000 0.000000 0.000000 1737.000000 79628.000000 -1.000000 0.000000 -1.000000
0 90.033181 2.000000 0.000000 0.644440 3.180073 0.000000 0.000000 0.000000 729.000000 89040.000000 -1.000000 0.000000 -1.000000
0 90.062003 2.000000 0.000000 1.031591 5.221359 0.000000 0.000000 0.000000 167.000000 167369.000000 -1.000000 0.000000 -1.000000
0 90.094708 2.000000 0.000000 0.492073 2.706973 0.000000 0.000000 0.000000 159.000000 59093.000000 -1.000000 0.000000 -1.000000
0 90.055445 2.000000 0.000000 0.788368 3.656179 0.000000 0.000000 0.000000 0.000000 104783.000000 -1.000000 0.000000 -1.000000
1 9.886409 2.000000 0.000000 0.328970 1.524164 0.000000 0.000000 0.000000 92.000000 67879.000000 -1.000000 0.000000 54.341565
0 90.029725 2.000000 0.000000 0.713985 3.351952 0.000000 0.000000 0.000000 1422.000000 88697.000000 -1.000000 0.000000 -1.000000
1 8.794371 2.000000 0.000000 0.192184 1.030782 0.000000 0.000000 0.000000 1028.000000 36033.000000 -1.000000 0.000000 55.176913
1 3.869101 2.000000 0.000000 0.102761 0.587113 0.000000 0.000000 0.000000 91.000000 15238.000000 -1.000000 0.000000 45.554046
0 90.191897 2.000000 0.000000 0.452661 2.131908 0.000000 0.000000 0.000000 0.000000 36991.000000 -1.000000 0.000000 -1.000000
0 90.073217 2.000000 0.000000 0.964796 5.602630 0.000000 0.000000 0.000000 0.000000 160876.000000 -1.000000 0.000000 -1.000000
0 90.025034 2.000000 0.000000 0.817738 4.831710 0.000000 0.000000 0.000000 190.000000 113242.000000 -1.000000 0.000000 -1.000000
1 34.941700 2.000000 0.000000 0.916101 4.556062 0.000000 0.000000 0.000000 491.000000 213359.000000 -1.000000 0.000000 116.125779
1 84.488332 2.000000 0.000000 0.550539 2.574630 0.000000 0.000000 0.000000 114.000000 49653.000000 -1.000000 0.000000 89.188352
1 15.492393 2.000000 0.000000 0.170723 0.964378 0.000000 0.000000 0.000000 13.000000 21326.000000 -1.000000 0.000000 62.149648
0 90.085568 2.000000 0.000000 0.484657 2.623013 0.000000 0.000000 0.000000 0.000000 65589.000000 -1.000000 0.000000 -1.000000
0 90.119206 2.000000 0.000000 0.649645 3.463478 0.000000 0.000000 0.000000 407.000000 83745.000000 -1.000000 0.000000 -1.000000
0 90.172916 2.000000 0.000000 0.681316 3.790944 0.000000 0.000000 0.000000 795.000000 87008.000000 -1.000000 0.000000 -1.000000
0 90.297735 2.000000 0.000000 0.809514 3.886444 0.000000 0.000000 0.000000 187.000000 105872.000000 -1.000000 0.000000 -1.000000
1 35.792466 2.000000 0.000000 0.542510 2.460367 0.000000 0.000000 0.000000 3454.000000 72385.000000 -1.000000 0.000000 90.892403
0 90.076950 2.000000 0.000000 0.761402 4.325825 0.000000 0.000000 0.000000 0.000000 79869.000000 -1.000000 0.000000 -1.000000
0 90.125932 2.000000 0.000000 0.534787 2.928015 0.000000 0.000000 0.000000 0.000000 55086.000000 -1.000000 0.000000 -1.000000
0 90.255766 2.000000 0.000000 0.551599 2.420644 0.000000 0.000000 0.000000 4021.000000 56042.000000 -1.000000 0.000000 -1.000000
0 90.101264 2.000000 0.000000 0.650484 3.650522 0.000000 0.000000 0.000000 7962.000000 85710.000000 -1.000000 0.000000 -1.000000
1 82.197787 2.000000 0.000000 0.678866 3.595939 0.000000 0.000000 0.000000 12233.000000 86176.000000 -1.000000 0.000000 47.097356
0 90.108813 2.000000 0.000000 0.623241 2.960652 0.000000 0.000000 0.000000 126.000000 76274.000000 -1.000000 0.000000 -1.000000
0 90.234949 2.000000 0.000000 0.572807 2.525475 0.000000 0.000000 0.000000 848.000000 65248.000000 -1.000000 0.000000 -1.000000
0 90.026311 2.000000 0.000000 0.622074 2.556962 0.000000 0.000000 0.000000 0.000000 78482.000000 -1.000000 0.000000 -1.000000
0 90.083666 4.000000 0.000000 6.219139 9.500811 -1.000000 -1.000000 -1.000000 -1.000000 -1.000000 0.000000 0.000000 -1.000000
0 90.038272 4.000000 0.000000 4.205938 7.042448 -1.000000 -1.000000 -1.000000 -1.000000 -1.000000 0.000000 0.000000 -1.000000
0 90.014610 4.000000 0.000000 5.037193 5.910886 -1.000000 -1.000000 -1.000000 -1.000000 -1.000000 0.000000 0.000000 -1.000000
0 90.140999 4.000000 0.000000 3.440938 4.948606 -1.000000 -1.000000 -1.000000 -1.000000 -1.000000 0.000000 0.000000 -1.000000
0 90.029336 4.000000 0.000000 5.136497 8.341919 -1.000000 -1.000000 -1.000000 -1.000000 -1.000000 0.000000 0.000000 -1.000000
0 90.008991 4.000000 0.000000 4.470177 5.754431 -1.000000 -1.000000 -1.000000 -1.000000 -1.000000 0.000000 0.000000 -1.000000
0 90.010750 4.000000 0.000000 4.215795 8.511717 -1.000000 -1.000000 -1.000000 -1.000000 -1.000000 0.000000 0.000000 -1.000000
0 90.130221 4.000000 0.000000 4.656735 7.681795 -1.000000 -1.000000 -1.000000 -1.000000 -1.000000 0.000000 0.000000 -1.000000
0 90.039571 4.000000 0.000000 3.256613 7.099190 -1.000000 -1.000000 -1.000000 -1.000000 -1.000000 0.000000 0.000000 -1.000000
0 90.053894 4.000000 0.000000 4.618669 7.142925 -1.000000 -1.000000 -1.000000 -1.000000 -1.000000 0.000000 0.000000 -1.000000
0 90.001166 4.000000 0.000000 5.839885 10.237314 -1.000000 -1.000000 -1.000000 -1.000000 -1.000000 0.000000 0.000000 -1.000000
0 90.049206 4.000000 0.000000 6.354795 12.440783 -1.000000 -1.000000 -1.000000 -1.000000 -1.000000 0.000000 0.000000 -1.000000
0 90.060463 4.000000 0.000000 4.476264 8.446553 -1.000000 -1.000000 -1.000000 -1.000000 -1.000000 0.000000 0.000000 -1.000000
0 90.045072 4.000000 0.000000 2.858943 6.362906 -1.000000 -1.000000 -1.000000 -1.000000 -1.000000 0.000000 0.000000 -1.000000
0 90.128665 4.000000 0.000000 3.581679 5.007907 -1.000000 -1.000000 -1.000000 -1.000000 -1.000000 0.000000 0.000000 -1.000000
0 90.066910 4.000000 0.000000 4.342786 7.807881 -1.000000 -1.000000 -1.000000 -1.000000 -1.000000 0.000000 0.000000 -1.000000
0 90.064644 4.000000 0.000000 5.496694 11.469709 -1.000000 -1.000000 -1.000000 -1.000000 -1.000000 0.000000 0.000000 -1.000000
0 90.020652 4.000000 0.000000 4.657807 5.594525 -1.000000 -1.000000 -1.000000 -1.000000 -1.000000 0.000000 0.000000 -1.000000
0 90.092844 4.000000 0.000000 4.502794 6.471136 -1.000000 -1.000000 -1.000000 -1.000000 -1.000000 0.000000 0.000000 -1.000000
0 90.091460 4.000000 0.000000 4.224868 7.334156 -1.000000 -1.000000 -1.000000 -1.000000 -1.000000 0.000000 0.000000 -1.000000
0 90.170621 4.000000 0.000000 2.985948 5.411846 -1.000000 -1.000000 -1.000000 -1.000000 -1.000000 0.000000 0.000000 -1.000000
0 90.100781 4.000000 0.000000 7.260340 15.427166 -1.000000 -1.000000 -1.000000 -1.000000 -1.000000 0.000000 0.000000 -1.000000
0 90.066304 4.000000 0.000000 2.890242 5.533872 -1.000000 -1.000000 -1.000000 -1.000000 -1.000000 0.000000 0.000000 -1.000000
0 90.027234 4.000000 0.000000 3.679263 6.275078 -1.000000 -1.000000 -1.000000 -1.000000 -1.000000 0.000000 0.000000 -1.000000
0 90.133064 4.000000 0.000000 3.964026 7.707267 -1.000000 -1.000000 -1.000000 -1.000000 -1.000000 0.000000 0.000000 -1.000000
0 90.063409 4.000000 0.000000 4.137861 7.294225 -1.000000 -1.000000 -1.000000 -1.000000 -1.000000 0.000000 0.000000 -1.000000
0 90.062166 4.000000 0.000000 5.357318 12.702715 -1.000000 -1.000000 -1.000000 -1.000000 -1.000000 0.000000 0.000000 -1.000000
0 90.086800 4.000000 0.000000 4.711688 5.677771 -1.000000 -1.000000 -1.000000 -1.000000 -1.000000 0.000000 0.000000 -1.000000
0 90.058446 4.000000 0.000000 6.061081 14.926287 -1.000000 -1.000000 -1.000000 -1.000000 -1.000000 0.000000 0.000000 -1.000000
0 90.083421 4.000000 0.000000 6.350029 10.973559 -1.000000 -1.000000 -1.000000 -1.000000 -1.000000 0.000000 0.000000 -1.000000
0 90.129887 4.000000 0.000000 4.586644 8.860061 -1.000000 -1.000000 -1.000000 -1.000000 -1.000000 0.000000 0.000000 -1.000000
0 90.055630 4.000000 0.000000 5.005212 7.046304 -1.000000 -1.000000 -1.000000 -1.000000 -1.000000 0.000000 0.000000 -1.000000
0 90.096214 4.000000 0.000000 5.029475 8.492727 -1.000000 -1.000000 -1.000000 -1.000000 -1.000000 0.000000 0.000000 -1.000000
0 90.082682 4.000000 0.000000 4.552477 14.978996 -1.000000 -1.000000 -1.000000 -1.000000 -1.000000 0.000000 0.000000 -1.000000
0 90.036357 4.000000 0.000000 4.542044 6.402105 -1.000000 -1.000000 -1.000000 -1.000000 -1.000000 0.000000 0.000000 -1.000000
0 90.053108 4.000000 0.000000 3.795347 6.600291 -1.000000 -1.000000 -1.000000 -1.000000 -1.000000 0.000000 0.000000 -1.000000
0 90.135259 4.000000 0.000000 3.326989 5.723306 -1.000000 -1.000000 -1.000000 -1.000000 -1.000000 0.000000 0.000000 -1.000000
0 90.010322 4.000000 0.000000 3.834585 6.102737 -1.000000 -1.000000 -1.000000 -1.000000 -1.000000 0.000000 0.000000 -1.000000
0 90.018988 4.000000 0.000000 4.867754 9.441776 -1.000000 -1.000000 -1.000000 -1.000000 -1.000000 0.000000 0.000000 -1.000000
0 90.109533 4.000000 0.000000 4.522750 8.426564 -1.000000 -1.000000 -1.000000 -1.000000 -1.000000 0.000000 0.000000 -1.000000
0 90.052396 4.000000 0.000000 4.552598 9.677593 -1.000000 -1.000000 -1.000000 -1.000000 -1.000000 0.000000 0.000000 -1.000000
0 90.087886 4.000000 0.000000 5.453675 10.468644 -1.000000 -1.000000 -1.000000 -1.000000 -1.000000 0.000000 0.000000 -1.000000
0 90.006768 4.000000 0.000000 4.903143 6.557961 -1.000000 -1.000000 -1.000000 -1.000000 -1.000000 0.000000 0.000000 -1.000000
0 90.074743 4.000000 0.000000 3.099160 6.239701 -1.000000 -1.000000 -1.000000 -1.000000 -1.000000 0.000000 0.000000 -1.000000
0 90.027452 4.000000 0.000000 4.782180 8.897271 -1.000000 -1.000000 -1.000000 -1.000000 -1.000000 0.000000 0.000000 -1.000000
0 90.058655 4.000000 0.000000 6.677879 11.213331 -1.000000 -1.000000 -1.000000 -1.000000 -1.000000 0.000000 0.000000 -1.000000
0 90.086936 4.000000 0.000000 5.940592 7.114197 -1.000000 -1.000000 -1.000000 -1.000000 -1.000000 0.000000 0.000000 -1.000000
0 90.074978 4.000000 0.000000 4.023223 6.100150 -1.000000 -1.000000 -1.000000 -1.000000 -1.000000 0.000000 0.000000 -1.000000
0 90.047825 4.000000 0.000000 4.085369 6.889070 -1.000000 -1.000000 -1.000000 -1.000000 -1.000000 0.000000 0.000000 -1.000000
0 90.036095 4.000000 0.000000 3.891893 4.837011 -1.000000 -1.000000 -1.000000 -1.000000 -1.000000 0.000000 0.000000 -1.000000
0 90.081028 4.000000 0.000000 5.349794 9.952362 -1.000000 -1.000000 -1.000000 -1.000000 -1.000000 0.000000 0.000000 -1.000000
0 90.009069 4.000000 0.000000 4.360483 5.993552 -1.000000 -1.000000 -1.000000 -1.000000 -1.000000 0.000000 0.000000 -1.000000
0 90.126563 4.000000 0.000000 3.978872 5.994662 -1.000000 -1.000000 -1.000000 -1.000000 -1.000000 0.000000 0.000000 -1.000000
0 90.039148 4.000000 0.000000 7.543811 11.759655 -1.000000 -1.000000 -1.000000 -1.000000 -1.000000 0.000000 0.000000 -1.000000
0 90.029311 4.000000 0.000000 5.380104 10.460122 -1.000000 -1.000000 -1.000000 -1.000000 -1.000000 0.000000 0.000000 -1.000000
0 90.019226 4.000000 0.000000 4.578903 8.605901 -1.000000 -1.000000 -1.000000 -1.000000 -1.000000 0.000000 0.000000 -1.000000
0 90.045996 4.000000 0.000000 3.199809 5.004960 -1.000000 -1.000000 -1.000000 -1.000000 -1.000000 0.000000 0.000000 -1.000000
0 90.014143 4.000000 0.000000 4.268390 8.848157 -1.000000 -1.000000 -1.000000 -1.000000 -1.000000 0.000000 0.000000 -1.000000
0 90.062791 4.000000 0.000000 3.959563 8.775790 -1.000000 -1.000000 -1.000000 -1.000000 -1.000000 0.000000 0.000000 -1.000000
0 90.105049 4.000000 0.000000 4.022399 6.700010 -1.000000 -1.000000 -1.000000 -1.000000 -1.000000 0.000000 0.000000 -1.000000
0 90.083666 6.000000 0.000000 6.219139 9.500811 -1.000000 -1.000000 -1.000000 -1.000000 -1.000000 0.000000 0.000000 -1.000000
0 90.038272 6.000000 0.000000 4.205938 7.042448 -1.000000 -1.000000 -1.000000 -1.000000 -1.000000 0.000000 0.000000 -1.000000
0 90.014610 6.000000 0.000000 5.037193 5.910886 -1.000000 -1.000000 -1.000000 -1.000000 -1.000000 0.000000 0.000000 -1.000000
0 90.140999 6.000000 0.000000 3.440938 4.948606 -1.000000 -1.000000 -1.000000 -1.000000 -1.000000 0.000000 0.000000 -1.000000
0 90.029336 6.000000 0.000000 5.136497 8.341919 -1.000000 -1.000000 -1.000000 -1.000000 -1.000000 0.000000 0.000000 -1.000000
0 90.008991 6.000000 0.000000 4.470177 5.754431 -1.000000 -1.000000 -1.000000 -1.000000 -1.000000 0.000000 0.000000 -1.000000
0 90.010750 6.000000 0.000000 4.215795 8.511717 -1.000000 -1.000000 -1.000000 -1.000000 -1.000000 0.000000 0.000000 -1.000000
0 90.130221 6.000000 0.000000 4.656735 7.681795 -1.000000 -1.000000 -1.000000 -1.000000 -1.000000 0.000000 0.000000 -1.000000
0 90.039571 6.000000 0.000000 3.256613 7.099190 -1.000000 -1.000000 -1.000000 -1.000000 -1.000000 0.000000 0.000000 -1.000000
0 90.053894 6.000000 0.000000 4.618669 7.142925 -1.000000 -1.000000 -1.000000 -1.000000 -1.000000 0.000000 0.000000 -1.000000
0 90.001166 6.000000 0.000000 5.839885 10.237314 -1.000000 -1.000000 -1.000000 -1.000000 -1.000000 0.000000 0.000000 -1.000000
0 90.049206 6.000000 0.000000 6.354795 12.440783 -1.000000 -1.000000 -1.000000 -1.000000 -1.000000 0.000000 0.000000 -1.000000
0 90.060463 6.000000 0.000000 4.476264 8.446553 -1.000000 -1.000000 -1.000000 -1.000000 -1.000000 0.000000 0.000000 -1.000000
0 90.045072 6.000000 0.000000 2.858943 6.362906 -1.000000 -1.000000 -1.000000 -1.000000 -1.000000 0.000000 0.000000 -1.000000
0 90.128665 6.000000 0.000000 3.581679 5.007907 -1.000000 -1.000000 -1.000000 -1.000000 -1.000000 0.000000 0.000000 -1.000000
0 90.066910 6.000000 0.000000 4.342786 7.807881 -1.000000 -1.000000 -1.000000 -1.000000 -1.000000 0.000000 0.000000 -1.000000
0 90.064644 6.000000 0.000000 5.496694 11.469709 -1.000000 -1.000000 -1.000000 -1.000000 -1.000000 0.000000 0.000000 -1.000000
0 90.020652 6.000000 0.000000 4.657807 5.594525 -1.000000 -1.000000 -1.000000 -1.000000 -1.000000 0.000000 0.000000 -1.000000
0 90.092844 6.000000 0.000000 4.502794 6.471136 -1.000000 -1.000000 -1.000000 -1.000000 -1.000000 0.000000 0.000000 -1.000000
0 90.091460 6.000000 0.000000 4.224868 7.334156 -1.000000 -1.000000 -1.000000 -1.000000 -1.000000 0.000000 0.000000 -1.000000
0 90.170621 6.000000 0.000000 2.985948 5.411846 -1.000000 -1.000000 -1.000000 -1.000000 -1.000000 0.000000 0.000000 -1.000000
0 90.100781 6.000000 0.000000 7.260340 15.427166 -1.000000 -1.000000 -1.000000 -1.000000 -1.000000 0.000000 0.000000 -1.000000
0 90.066304 6.000000 0.000000 2.890242 5.533872 -1.000000 -1.000000 -1.000000 -1.000000 -1.000000 0.000000 0.000000 -1.000000
0 90.027234 6.000000 0.000000 3.679263 6.275078 -1.000000 -1.000000 -1.000000 -1.000000 -1.000000 0.000000 0.000000 -1.000000
0 90.133064 6.000000 0.000000 3.964026 7.707267 -1.000000 -1.000000 -1.000000 -1.000000 -1.000000 0.000000 0.000000 -1.000000
0 90.063409 6.000000 0.000000 4.137861 7.294225 -1.000000 -1.000000 -1.000000 -1.000000 -1.000000 0.000000 0.000000 -1.000000
0 90.062166 6.000000 0.000000 5.357318 12.702715 -1.000000 -1.000000 -1.000000 -1.000000 -1.000000 0.000000 0.000000 -1.000000
0 90.086800 6.000000 0.000000 4.711688 5.677771 -1.000000 -1.000000 -1.000000 -1.000000 -1.000000 0.000000 0.000000 -1.000000
0 90.058446 6.000000 0.000000 6.061081 14.926287 -1.000000 -1.000000 -1.000000 -1.000000 -1.000000 0.000000 0.000000 -1.000000
0 90.083421 6.000000 0.000000 6.350029 10.973559 -1.000000 -1.000000 -1.000000 -1.000000 -1.000000 0.000000 0.000000 -1.000000
0 90.129887 6.000000 0.000000 4.586644 8.860061 -1.000000 -1.000000 -1.000000 -1.000000 -1.000000 0.000000 0.000000 -1.000000
0 90.055630 6.000000 0.000000 5.005212 7.046304 -1.000000 -1.000000 -1.000000 -1.000000 -1.000000 0.000000 0.000000 -1.000000
0 90.096214 6.000000 0.000000 5.029475 8.492727 -1.000000 -1.000000 -1.000000 -1.000000 -1.000000 0.000000 0.000000 -1.000000
0 90.082682 6.000000 0.000000 4.552477 14.978996 -1.000000 -1.000000 -1.000000 -1.000000 -1.000000 0.000000 0.000000 -1.000000
0 90.036357 6.000000 0.000000 4.542044 6.402105 -1.000000 -1.000000 -1.000000 -1.000000 -1.000000 0.000000 0.000000 -1.000000
0 90.053108 6.000000 0.000000 3.795347 6.600291 -1.000000 -1.000000 -1.000000 -1.000000 -1.000000 0.000000 0.000000 -1.000000
0 90.135259 6.000000 0.000000 3.326989 5.723306 -1.000000 -1.000000 -1.000000 -1.000000 -1.000000 0.000000 0.000000 -1.000000
0 90.010322 6.000000 0.000000 3.834585 6.102737 -1.000000 -1.000000 -1.000000 -1.000000 -1.000000 0.000000 0.000000 -1.000000
0 90.018988 6.000000 0.000000 4.867754 9.441776 -1.000000 -1.000000 -1.000000 -1.000000 -1.000000 0.000000 0.000000 -1.000000
0 90.109533 6.000000 0.000000 4.522750 8.426564 -1.000000 -1.000000 -1.000000 -1.000000 -1.000000 0.000000 0.000000 -1.000000
0 90.052396 6.000000 0.000000 4.552598 9.677593 -1.000000 -1.000000 -1.000000 -1.000000 -1.000000 0.000000 0.000000 -1.000000
0 90.087886 6.000000 0.000000 5.453675 10.468644 -1.000000 -1.000000 -1.000000 -1.000000 -1.000000 0.000000 0.000000 -1.000000
0 90.006768 6.000000 0.000000 4.903143 6.557961 -1.000000 -1.000000 -1.000000 -1.000000 -1.000000 0.000000 0.000000 -1.000000
0 90.074743 6.000000 0.000000 3.099160 6.239701 -1.000000 -1.000000 -1.000000 -1.000000 -1.000000 0.000000 0.000000 -1.000000
0 90.027452 6.000000 0.000000 4.782180 8.897271 -1.000000 -1.000000 -1.000000 -1.000000 -1.000000 0.000000 0.000000 -1.000000
0 90.058655 6.000000 0.000000 6.677879 11.213331 -1.000000 -1.000000 -1.000000 -1.000000 -1.000000 0.000000 0.000000 -1.000000
0 90.086936 6.000000 0.000000 5.940592 7.114197 -1.000000 -1.000000 -1.000000 -1.000000 -1.000000 0.000000 0.000000 -1.000000
0 90.074978 6.000000 0.000000 4.023223 6.100150 -1.000000 -1.000000 -1.000000 -1.000000 -1.000000 0.000000 0.000000 -1.000000
0 90.047825 6.000000 0.000000 4.085369 6.889070 -1.000000 -1.000000 -1.000000 -1.000000 -1.000000 0.000000 0.000000 -1.000000
0 90.036095 6.000000 0.000000 3.891893 4.837011 -1.000000 -1.000000 -1.000000 -1.000000 -1.000000 0.000000 0.000000 -1.000000
0 90.081028 6.000000 0.000000 5.349794 9.952362 -1.000000 -1.000000 -1.000000 -1.000000 -1.000000 0.000000 0.000000 -1.000000
0 90.009069 6.000000 0.000000 4.360483 5.993552 -1.000000 -1.000000 -1.000000 -1.000000 -1.000000 0.000000 0.000000 -1.000000
0 90.126563 6.000000 0.000000 3.978872 5.994662 -1.000000 -1.000000 -1.000000 -1.000000 -1.000000 0.000000 0.000000 -1.000000
0 90.039148 6.000000 0.000000 7.543811 11.759655 -1.000000 -1.000000 -1.000000 -1.000000 -1.000000 0.000000 0.000000 -1.000000
0 90.029311 6.000000 0.000000 5.380104 10.460122 -1.000000 -1.000000 -1.000000 -1.000000 -1.000000 0.000000 0.000000 -1.000000
0 90.019226 6.000000 0.000000 4.578903 8.605901 -1.000000 -1.000000 -1.000000 -1.000000 -1.000000 0.000000 0.000000 -1.000000
0 90.045996 6.000000 0.000000 3.199809 5.004960 -1.000000 -1.000000 -1.000000 -1.000000 -1.000000 0.000000 0.000000 -1.000000
0 90.014143 6.000000 0.000000 4.268390 8.848157 -1.000000 -1.000000 -1.000000 -1.000000 -1.000000 0.000000 0.000000 -1.000000
0 90.062791 6.000000 0.000000 3.959563 8.775790 -1.000000 -1.000000 -1.000000 -1.000000 -1.000000 0.000000 0.000000 -1.000000
0 90.105049 6.000000 0.000000 4.022399 6.700010 -1.000000 -1.000000 -1.000000 -1.000000 -1.000000 0.000000 0.000000 -1.000000
0 90.083666 8.000000 0.000000 6.219139 9.500811 -1.000000 -1.000000 -1.000000 -1.000000 -1.000000 0.000000 0.000000 -1.000000
0 90.038272 8.000000 0.000000 4.205938 7.042448 -1.000000 -1.000000 -1.000000 -1.000000 -1.000000 0.000000 0.000000 -1.000000
0 90.014610 8.000000 0.000000 5.037193 5.910886 -1.000000 -1.000000 -1.000000 -1.000000 -1.000000 0.000000 0.000000 -1.000000
0 90.140999 8.000000 0.000000 3.440938 4.948606 -1.000000 -1.000000 -1.000000 -1.000000 -1.000000 0.000000 0.000000 -1.000000
0 90.029336 8.000000 0.000000 5.136497 8.341919 -1.000000 -1.000000 -1.000000 -1.000000 -1.000000 0.000000 0.000000 -1.000000
0 90.008991 8.000000 0.000000 4.470177 5.754431 -1.000000 -1.000000 -1.000000 -1.000000 -1.000000 0.000000 0.000000 -1.000000
0 90.010750 8.000000 0.000000 4.215795 8.511717 -1.000000 -1.000000 -1.000000 -1.000000 -1.000000 0.000000 0.000000 -1.000000
0 90.130221 8.000000 0.000000 4.656735 7.681795 -1.000000 -1.000000 -1.000000 -1.000000 -1.000000 0.000000 0.000000 -1.000000
0 90.039571 8.000000 0.000000 3.256613 7.099190 -1.000000 -1.000000 -1.000000 -1.000000 -1.000000 0.000000 0.000000 -1.000000
0 90.053894 8.000000 0.000000 4.618669 7.142925 -1.000000 -1.000000 -1.000000 -1.000000 -1.000000 0.000000 0.000000 -1.000000
0 90.001166 8.000000 0.000000 5.839885 10.237314 -1.000000 -1.000000 -1.000000 -1.000000 -1.000000 0.000000 0.000000 -1.000000
0 90.049206 8.000000 0.000000 6.354795 12.440783 -1.000000 -1.000000 -1.000000 -1.000000 -1.000000 0.000000 0.000000 -1.000000
0 90.060463 8.000000 0.000000 4.476264 8.446553 -1.000000 -1.000000 -1.000000 -1.000000 -1.000000 0.000000 0.000000 -1.000000
0 90.045072 8.000000 0.000000 2.858943 6.362906 -1.000000 -1.000000 -1.000000 -1.000000 -1.000000 0.000000 0.000000 -1.000000
0 90.128665 8.000000 0.000000 3.581679 5.007907 -1.000000 -1.000000 -1.000000 -1.000000 -1.000000 0.000000 0.000000 -1.000000
0 90.066910 8.000000 0.000000 4.342786 7.807881 -1.000000 -1.000000 -1.000000 -1.000000 -1.000000 0.000000 0.000000 -1.000000
0 90.064644 8.000000 0.000000 5.496694 11.469709 -1.000000 -1.000000 -1.000000 -1.000000 -1.000000 0.000000 0.000000 -1.000000
0 90.020652 8.000000 0.000000 4.657807 5.594525 -1.000000 -1.000000 -1.000000 -1.000000 -1.000000 0.000000 0.000000 -1.000000
0 90.092844 8.000000 0.000000 4.502794 6.471136 -1.000000 -1.000000 -1.000000 -1.000000 -1.000000 0.000000 0.000000 -1.000000
0 90.091460 8.000000 0.000000 4.224868 7.334156 -1.000000 -1.000000 -1.000000 -1.000000 -1.000000 0.000000 0.000000 -1.000000
0 90.170621 8.000000 0.000000 2.985948 5.411846 -1.000000 -1.000000 -1.000000 -1.000000 -1.000000 0.000000 0.000000 -1.000000
0 90.100781 8.000000 0.000000 7.260340 15.427166 -1.000000 -1.000000 -1.000000 -1.000000 -1.000000 0.000000 0.000000 -1.000000
0 90.066304 8.000000 0.000000 2.890242 5.533872 -1.000000 -1.000000 -1.000000 -1.000000 -1.000000 0.000000 0.000000 -1.000000
0 90.027234 8.000000 0.000000 3.679263 6.275078 -1.000000 -1.000000 -1.000000 -1.000000 -1.000000 0.000000 0.000000 -1.000000
0 90.133064 8.000000 0.000000 3.964026 7.707267 -1.000000 -1.000000 -1.000000 -1.000000 -1.000000 0.000000 0.000000 -1.000000
0 90.063409 8.000000 0.000000 4.137861 7.294225 -1.000000 -1.000000 -1.000000 -1.000000 -1.000000 0.000000 0.000000 -1.000000
0 90.062166 8.000000 0.000000 5.357318 12.702715 -1.000000 -1.000000 -1.000000 -1.000000 -1.000000 0.000000 0.000000 -1.000000
0 90.086800 8.000000 0.000000 4.711688 5.677771 -1.000000 -1.000000 -1.000000 -1.000000 -1.000000 0.000000 0.000000 -1.000000
0 90.058446 8.000000 0.000000 6.061081 14.926287 -1.000000 -1.000000 -1.000000 -1.000000 -1.000000 0.000000 0.000000 -1.000000
0 90.083421 8.000000 0.000000 6.350029 10.973559 -1.000000 -1.000000 -1.000000 -1.000000 -1.000000 0.000000 0.000000 -1.000000
0 90.129887 8.000000 0.000000 4.586644 8.860061 -1.000000 -1.000000 -1.000000 -1.000000 -1.000000 0.000000 0.000000 -1.000000
0 90.055630 8.000000 0.000000 5.005212 7.046304 -1.000000 -1.000000 -1.000000 -1.000000 -1.000000 0.000000 0.000000 -1.000000
0 90.096214 8.000000 0.000000 5.029475 8.492727 -1.000000 -1.000000 -1.000000 -1.000000 -1.000000 0.000000 0.000000 -1.000000
0 90.082682 8.000000 0.000000 4.552477 14.978996 -1.000000 -1.000000 -1.000000 -1.000000 -1.000000 0.000000 0.000000 -1.000000
0 90.036357 8.000000 0.000000 4.542044 6.402105 -1.000000 -1.000000 -1.000000 -1.000000 -1.000000 0.000000 0.000000 -1.000000
0 90.053108 8.000000 0.000000 3.795347 6.600291 -1.000000 -1.000000 -1.000000 -1.000000 -1.000000 0.000000 0.000000 -1.000000
0 90.135259 8.000000 0.000000 3.326989 5.723306 -1.000000 -1.000000 -1.000000 -1.000000 -1.000000 0.000000 0.000000 -1.000000
0 90.010322 8.000000 0.000000 3.834585 6.102737 -1.000000 -1.000000 -1.000000 -1.000000 -1.000000 0.000000 0.000000 -1.000000
0 90.018988 8.000000 0.000000 4.867754 9.441776 -1.000000 -1.000000 -1.000000 -1.000000 -1.000000 0.000000 0.000000 -1.000000
0 90.109533 8.000000 0.000000 4.522750 8.426564 -1.000000 -1.000000 -1.000000 -1.000000 -1.000000 0.000000 0.000000 -1.000000
0 90.052396 8.000000 0.000000 4.552598 9.677593 -1.000000 -1.000000 -1.000000 -1.000000 -1.000000 0.000000 0.000000 -1.000000
0 90.087886 8.000000 0.000000 5.453675 10.468644 -1.000000 -1.000000 -1.000000 -1.000000 -1.000000 0.000000 0.000000 -1.000000
0 90.006768 8.000000 0.000000 4.903143 6.557961 -1.000000 -1.000000 -1.000000 -1.000000 -1.000000 0.000000 0.000000 -1.000000
0 90.074743 8.000000 0.000000 3.099160 6.239701 -1.000000 -1.000000 -1.000000 -1.000000 -1.000000 0.000000 0.000000 -1.000000
0 90.027452 8.000000 0.000000 4.782180 8.897271 -1.000000 -1.000000 -1.000000 -1.000000 -1.000000 0.000000 0.000000 -1.000000
0 90.058655 8.000000 0.000000 6.677879 11.213331 -1.000000 -1.000000 -1.000000 -1.000000 -1.000000 0.000000 0.000000 -1.000000
0 90.086936 8.000000 0.000000 5.940592 7.114197 -1.000000 -1.000000 -1.000000 -1.000000 -1.000000 0.000000 0.000000 -1.000000
0 90.074978 8.000000 0.000000 4.023223 6.100150 -1.000000 -1.000000 -1.000000 -1.000000 -1.000000 0.000000 0.000000 -1.000000
0 90.047825 8.000000 0.000000 4.085369 6.889070 -1.000000 -1.000000 -1.000000 -1.000000 -1.000000 0.000000 0.000000 -1.000000
0 90.036095 8.000000 0.000000 3.891893 4.837011 -1.000000 -1.000000 -1.000000 -1.000000 -1.000000 0.000000 0.000000 -1.000000
0 90.081028 8.000000 0.000000 5.349794 9.952362 -1.000000 -1.000000 -1.000000 -1.000000 -1.000000 0.000000 0.000000 -1.000000
0 90.009069 8.000000 0.000000 4.360483 5.993552 -1.000000 -1.000000 -1.000000 -1.000000 -1.000000 0.000000 0.000000 -1.000000
0 90.126563 8.000000 0.000000 3.978872 5.994662 -1.000000 -1.000000 -1.000000 -1.000000 -1.000000 0.000000 0.000000 -1.000000
0 90.039148 8.000000 0.000000 7.543811 11.759655 -1.000000 -1.000000 -1.000000 -1.000000 -1.000000 0.000000 0.000000 -1.000000
0 90.029311 8.000000 0.000000 5.380104 10.460122 -1.000000 -1.000000 -1.000000 -1.000000 -1.000000 0.000000 0.000000 -1.000000
0 90.019226 8.000000 0.000000 4.578903 8.605901 -1.000000 -1.000000 -1.000000 -1.000000 -1.000000 0.000000 0.000000 -1.000000
0 90.045996 8.000000 0.000000 3.199809 5.004960 -1.000000 -1.000000 -1.000000 -1.000000 -1.000000 0.000000 0.000000 -1.000000
0 90.014143 8.000000 0.000000 4.268390 8.848157 -1.000000 -1.000000 -1.000000 -1.000000 -1.000000 0.000000 0.000000 -1.000000
0 90.062791 8.000000 0.000000 3.959563 8.775790 -1.000000 -1.000000 -1.000000 -1.000000 -1.000000 0.000000 0.000000 -1.000000
0 90.105049 8.000000 0.000000 4.022399 6.700010 -1.000000 -1.000000 -1.000000 -1.000000 -1.000000 0.000000 0.000000 -1.000000
0 90.083666 10.000000 0.000000 6.219139 9.500811 -1.000000 -1.000000 -1.000000 -1.000000 -1.000000 0.000000 0.000000 -1.000000
0 90.038272 10.000000 0.000000 4.205938 7.042448 -1.000000 -1.000000 -1.000000 -1.000000 -1.000000 0.000000 0.000000 -1.000000
0 90.014610 10.000000 0.000000 5.037193 5.910886 -1.000000 -1.000000 -1.000000 -1.000000 -1.000000 0.000000 0.000000 -1.000000
0 90.140999 10.000000 0.000000 3.440938 4.948606 -1.000000 -1.000000 -1.000000 -1.000000 -1.000000 0.000000 0.000000 -1.000000
0 90.029336 10.000000 0.000000 5.136497 8.341919 -1.000000 -1.000000 -1.000000 -1.000000 -1.000000 0.000000 0.000000 -1.000000
0 90.008991 10.000000 0.000000 4.470177 5.754431 -1.000000 -1.000000 -1.000000 -1.000000 -1.000000 0.000000 0.000000 -1.000000
0 90.010750 10.000000 0.000000 4.215795 8.511717 -1.000000 -1.000000 -1.000000 -1.000000 -1.000000 0.000000 0.000000 -1.000000
0 90.130221 10.000000 0.000000 4.656735 7.681795 -1.000000 -1.000000 -1.000000 -1.000000 -1.000000 0.000000 0.000000 -1.000000
0 90.039571 10.000000 0.000000 3.256613 7.099190 -1.000000 -1.000000 -1.000000 -1.000000 -1.000000 0.000000 0.000000 -1.000000
0 90.053894 10.000000 0.000000 4.618669 7.142925 -1.000000 -1.000000 -1.000000 -1.000000 -1.000000 0.000000 0.000000 -1.000000
0 90.001166 10.000000 0.000000 5.839885 10.237314 -1.000000 -1.000000 -1.000000 -1.000000 -1.000000 0.000000 0.000000 -1.000000
0 90.049206 10.000000 0.000000 6.354795 12.440783 -1.000000 -1.000000 -1.000000 -1.000000 -1.000000 0.000000 0.000000 -1.000000
0 90.060463 10.000000 0.000000 4.476264 8.446553 -1.000000 -1.000000 -1.000000 -1.000000 -1.000000 0.000000 0.000000 -1.000000
0 90.045072 10.000000 0.000000 2.858943 6.362906 -1.000000 -1.000000 -1.000000 -1.000000 -1.000000 0.000000 0.000000 -1.000000
0 90.128665 10.000000 0.000000 3.581679 5.007907 -1.000000 -1.000000 -1.000000 -1.000000 -1.000000 0.000000 0.000000 -1.000000
0 90.066910 10.000000 0.000000 4.342786 7.807881 -1.000000 -1.000000 -1.000000 -1.000000 -1.000000 0.000000 0.000000 -1.000000
0 90.064644 10.000000 0.000000 5.496694 11.469709 -1.000000 -1.000000 -1.000000 -1.000000 -1.000000 0.000000 0.000000 -1.000000
0 90.020652 10.000000 0.000000 4.657807 5.594525 -1.000000 -1.000000 -1.000000 -1.000000 -1.000000 0.000000 0.000000 -1.000000
0 90.092844 10.000000 0.000000 4.502794 6.471136 -1.000000 -1.000000 -1.000000 -1.000000 -1.000000 0.000000 0.000000 -1.000000
0 90.091460 10.000000 0.000000 4.224868 7.334156 -1.000000 -1.000000 -1.000000 -1.000000 -1.000000 0.000000 0.000000 -1.000000
0 90.170621 10.000000 0.000000 2.985948 5.411846 -1.000000 -1.000000 -1.000000 -1.000000 -1.000000 0.000000 0.000000 -1.000000
0 90.100781 10.000000 0.000000 7.260340 15.427166 -1.000000 -1.000000 -1.000000 -1.000000 -1.000000 0.000000 0.000000 -1.000000
0 90.066304 10.000000 0.000000 2.890242 5.533872 -1.000000 -1.000000 -1.000000 -1.000000 -1.000000 0.000000 0.000000 -1.000000
0 90.027234 10.000000 0.000000 3.679263 6.275078 -1.000000 -1.000000 -1.000000 -1.000000 -1.000000 0.000000 0.000000 -1.000000
0 90.133064 10.000000 0.000000 3.964026 7.707267 -1.000000 -1.000000 -1.000000 -1.000000 -1.000000 0.000000 0.000000 -1.000000
0 90.063409 10.000000 0.000000 4.137861 7.294225 -1.000000 -1.000000 -1.000000 -1.000000 -1.000000 0.000000 0.000000 -1.000000
0 90.062166 10.000000 0.000000 5.357318 12.702715 -1.000000 -1.000000 -1.000000 -1.000000 -1.000000 0.000000 0.000000 -1.000000
0 90.086800 10.000000 0.000000 4.711688 5.677771 -1.000000 -1.000000 -1.000000 -1.000000 -1.000000 0.000000 0.000000 -1.000000
0 90.058446 10.000000 0.000000 6.061081 14.926287 -1.000000 -1.000000 -1.000000 -1.000000 -1.000000 0.000000 0.000000 -1.000000
0 90.083421 10.000000 0.000000 6.350029 10.973559 -1.000000 -1.000000 -1.000000 -1.000000 -1.000000 0.000000 0.000000 -1.000000
0 90.129887 10.000000 0.000000 4.586644 8.860061 -1.000000 -1.000000 -1.000000 -1.000000 -1.000000 0.000000 0.000000 -1.000000
0 90.055630 10.000000 0.000000 5.005212 7.046304 -1.000000 -1.000000 -1.000000 -1.000000 -1.000000 0.000000 0.000000 -1.000000
0 90.096214 10.000000 0.000000 5.029475 8.492727 -1.000000 -1.000000 -1.000000 -1.000000 -1.000000 0.000000 0.000000 -1.000000
0 90.082682 10.000000 0.000000 4.552477 14.978996 -1.000000 -1.000000 -1.000000 -1.000000 -1.000000 0.000000 0.000000 -1.000000
0 90.036357 10.000000 0.000000 4.542044 6.402105 -1.000000 -1.000000 -1.000000 -1.000000 -1.000000 0.000000 0.000000 -1.000000
0 90.053108 10.000000 0.000000 3.795347 6.600291 -1.000000 -1.000000 -1.000000 -1.000000 -1.000000 0.000000 0.000000 -1.000000
0 90.135259 10.000000 0.000000 3.326989 5.723306 -1.000000 -1.000000 -1.000000 -1.000000 -1.000000 0.000000 0.000000 -1.000000
0 90.010322 10.000000 0.000000 3.834585 6.102737 -1.000000 -1.000000 -1.000000 -1.000000 -1.000000 0.000000 0.000000 -1.000000
0 90.018988 10.000000 0.000000 4.867754 9.441776 -1.000000 -1.000000 -1.000000 -1.000000 -1.000000 0.000000 0.000000 -1.000000
0 90.109533 10.000000 0.000000 4.522750 8.426564 -1.000000 -1.000000 -1.000000 -1.000000 -1.000000 0.000000 0.000000 -1.000000
0 90.052396 10.000000 0.000000 4.552598 9.677593 -1.000000 -1.000000 -1.000000 -1.000000 -1.000000 0.000000 0.000000 -1.000000
0 90.087886 10.000000 0.000000 5.453675 10.468644 -1.000000 -1.000000 -1.000000 -1.000000 -1.000000 0.000000 0.000000 -1.000000
0 90.006768 10.000000 0.000000 4.903143 6.557961 -1.000000 -1.000000 -1.000000 -1.000000 -1.000000 0.000000 0.000000 -1.000000
0 90.074743 10.000000 0.000000 3.099160 6.239701 -1.000000 -1.000000 -1.000000 -1.000000 -1.000000 0.000000 0.000000 -1.000000
0 90.027452 10.000000 0.000000 4.782180 8.897271 -1.000000 -1.000000 -1.000000 -1.000000 -1.000000 0.000000 0.000000 -1.000000
0 90.058655 10.000000 0.000000 6.677879 11.213331 -1.000000 -1.000000 -1.000000 -1.000000 -1.000000 0.000000 0.000000 -1.000000
0 90.086936 10.000000 0.000000 5.940592 7.114197 -1.000000 -1.000000 -1.000000 -1.000000 -1.000000 0.000000 0.000000 -1.000000
0 90.074978 10.000000 0.000000 4.023223 6.100150 -1.000000 -1.000000 -1.000000 -1.000000 -1.000000 0.000000 0.000000 -1.000000
0 90.047825 10.000000 0.000000 4.085369 6.889070 -1.000000 -1.000000 -1.000000 -1.000000 -1.000000 0.000000 0.000000 -1.000000
0 90.036095 10.000000 0.000000 3.891893 4.837011 -1.000000 -1.000000 -1.000000 -1.000000 -1.000000 0.000000 0.000000 -1.000000
0 90.081028 10.000000 0.000000 5.349794 9.952362 -1.000000 -1.000000 -1.000000 -1.000000 -1.000000 0.000000 0.000000 -1.000000
0 90.009069 10.000000 0.000000 4.360483 5.993552 -1.000000 -1.000000 -1.000000 -1.000000 -1.000000 0.000000 0.000000 -1.000000
0 90.126563 10.000000 0.000000 3.978872 5.994662 -1.000000 -1.000000 -1.000000 -1.000000 -1.000000 0.000000 0.000000 -1.000000
0 90.039148 10.000000 0.000000 7.543811 11.759655 -1.000000 -1.000000 -1.000000 -1.000000 -1.000000 0.000000 0.000000 -1.000000
0 90.029311 10.000000 0.000000 5.380104 10.460122 -1.000000 -1.000000 -1.000000 -1.000000 -1.000000 0.000000 0.000000 -1.000000
0 90.019226 10.000000 0.000000 4.578903 8.605901 -1.000000 -1.000000 -1.000000 -1.000000 -1.000000 0.000000 0.000000 -1.000000
0 90.045996 10.000000 0.000000 3.199809 5.004960 -1.000000 -1.000000 -1.000000 -1.000000 -1.000000 0.000000 0.000000 -1.000000
0 90.014143 10.000000 0.000000 4.268390 8.848157 -1.000000 -1.000000 -1.000000 -1.000000 -1.000000 0.000000 0.000000 -1.000000
0 90.062791 10.000000 0.000000 3.959563 8.775790 -1.000000 -1.000000 -1.000000 -1.000000 -1.000000 0.000000 0.000000 -1.000000
0 90.105049 10.000000 0.000000 4.022399 6.700010 -1.000000 -1.000000 -1.000000 -1.000000 -1.000000 0.000000 0.000000 -1.000000
