1 0.090142 1.000000 0.000000 0.049761 0.017441 0.000000 0.000000 0.000000 0.000000 1010.000000 -1.000000 1.000000 29.981254
1 0.388971 1.000000 0.000000 0.226811 0.062062 0.000000 0.000000 0.000000 0.000000 6307.000000 -1.000000 1.000000 37.099014
1 0.034326 1.000000 0.000000 0.021299 0.006908 0.000000 0.000000 0.000000 0.000000 369.000000 -1.000000 1.000000 16.259622
1 0.195902 1.000000 0.000000 0.106370 0.029998 0.000000 0.000000 0.000000 0.000000 2042.000000 -1.000000 1.000000 27.578121
1 0.037559 1.000000 0.000000 0.023366 0.006634 0.000000 0.000000 0.000000 0.000000 268.000000 -1.000000 1.000000 31.266782
1 0.388971 1.000000 0.000000 0.226811 0.062062 0.000000 0.000000 0.000000 0.000000 6307.000000 -1.000000 1.000000 37.099014
1 0.023812 1.000000 0.000000 0.015028 0.004647 0.000000 0.000000 0.000000 0.000000 87.000000 -1.000000 1.000000 26.891627
1 0.023812 1.000000 0.000000 0.015028 0.004647 0.000000 0.000000 0.000000 0.000000 87.000000 -1.000000 1.000000 26.891627
1 0.004551 1.000000 0.000000 0.003005 0.000815 0.000000 0.000000 0.000000 0.000000 1.000000 -1.000000 1.000000 17.405531
1 8.071111 1.000000 0.000000 3.851024 1.059892 0.000000 0.000000 0.000000 0.000000 87420.000000 -1.000000 1.000000 26.265011
1 0.090142 1.000000 0.000000 0.049761 0.017441 0.000000 0.000000 0.000000 0.000000 1010.000000 -1.000000 1.000000 29.981254
1 0.002552 1.000000 0.000000 0.001696 0.000459 0.000000 0.000000 0.000000 0.000000 0.000000 -1.000000 1.000000 14.179261
1 0.090142 1.000000 0.000000 0.049761 0.017441 0.000000 0.000000 0.000000 0.000000 1010.000000 -1.000000 1.000000 29.981254
1 0.001747 1.000000 0.000000 0.001144 0.000305 0.000000 0.000000 0.000000 0.000000 0.000000 -1.000000 1.000000 11.790794
1 0.031562 1.000000 0.000000 0.018728 0.007109 0.000000 0.000000 0.000000 0.000000 266.000000 -1.000000 1.000000 28.808103
1 0.028801 1.000000 0.000000 0.017725 0.005980 0.000000 0.000000 0.000000 0.000000 154.000000 -1.000000 1.000000 20.761737
1 0.034320 1.000000 0.000000 0.020632 0.007349 0.000000 0.000000 0.000000 0.000000 275.000000 -1.000000 1.000000 27.400202
1 0.301418 1.000000 0.000000 0.167886 0.047003 0.000000 0.000000 0.000000 0.000000 1841.000000 -1.000000 1.000000 28.618052
1 0.090142 1.000000 0.000000 0.049761 0.017441 0.000000 0.000000 0.000000 0.000000 1010.000000 -1.000000 1.000000 29.981254
1 0.009513 1.000000 0.000000 0.006157 0.001826 0.000000 0.000000 0.000000 0.000000 14.000000 -1.000000 1.000000 17.298157
1 0.003626 1.000000 0.000000 0.002380 0.000680 0.000000 0.000000 0.000000 0.000000 2.000000 -1.000000 1.000000 16.970661
1 0.001747 1.000000 0.000000 0.001144 0.000305 0.000000 0.000000 0.000000 0.000000 0.000000 -1.000000 1.000000 11.790794
1 0.009882 1.000000 0.000000 0.006443 0.001810 0.000000 0.000000 0.000000 0.000000 27.000000 -1.000000 1.000000 17.625157
1 0.020582 1.000000 0.000000 0.012855 0.003961 0.000000 0.000000 0.000000 0.000000 37.000000 -1.000000 1.000000 28.853717
1 0.007487 1.000000 0.000000 0.004777 0.001434 0.000000 0.000000 0.000000 0.000000 4.000000 -1.000000 1.000000 17.117398
1 18.241416 1.000000 0.000000 6.785548 2.072142 0.000000 0.000000 0.000000 0.000000 170419.000000 -1.000000 1.000000 29.014779
1 0.205112 1.000000 0.000000 0.112555 0.032903 0.000000 0.000000 0.000000 0.000000 1728.000000 -1.000000 1.000000 33.032209
1 0.003317 1.000000 0.000000 0.002179 0.000622 0.000000 0.000000 0.000000 0.000000 3.000000 -1.000000 1.000000 16.436063
1 0.020582 1.000000 0.000000 0.012855 0.003961 0.000000 0.000000 0.000000 0.000000 37.000000 -1.000000 1.000000 28.853717
1 0.217983 1.000000 0.000000 0.116254 0.044841 0.000000 0.000000 0.000000 0.000000 2049.000000 -1.000000 1.000000 46.332791
1 1.147139 1.000000 0.000000 0.560638 0.187510 0.000000 0.000000 0.000000 0.000000 13537.000000 -1.000000 1.000000 28.428987
1 0.012314 1.000000 0.000000 0.007460 0.002554 0.000000 0.000000 0.000000 0.000000 22.000000 -1.000000 1.000000 16.607110
1 0.012334 1.000000 0.000000 0.008042 0.002194 0.000000 0.000000 0.000000 0.000000 17.000000 -1.000000 1.000000 29.381726
1 1.147139 1.000000 0.000000 0.560638 0.187510 0.000000 0.000000 0.000000 0.000000 13537.000000 -1.000000 1.000000 28.428987
1 3.371365 1.000000 0.000000 1.794801 0.606858 0.000000 0.000000 0.000000 0.000000 25333.000000 -1.000000 1.000000 29.507062
1 0.786032 1.000000 0.000000 0.481088 0.137616 0.000000 0.000000 0.000000 0.000000 6530.000000 -1.000000 1.000000 30.104456
1 1.312297 1.000000 0.000000 0.751879 0.267766 0.000000 0.000000 0.000000 0.000000 10543.000000 -1.000000 1.000000 59.548032
1 10.084754 1.000000 0.000000 2.529452 0.833086 0.000000 0.000000 0.000000 0.000000 59969.000000 -1.000000 1.000000 15.543443
1 0.003210 1.000000 0.000000 0.002138 0.000584 0.000000 0.000000 0.000000 0.000000 1.000000 -1.000000 1.000000 13.906640
1 0.005846 1.000000 0.000000 0.003794 0.001116 0.000000 0.000000 0.000000 0.000000 15.000000 -1.000000 1.000000 18.049535
1 0.021403 1.000000 0.000000 0.013314 0.004256 0.000000 0.000000 0.000000 0.000000 93.000000 -1.000000 1.000000 17.989588
1 0.131746 1.000000 0.000000 0.071543 0.030226 0.000000 0.000000 0.000000 0.000000 1561.000000 -1.000000 1.000000 30.900141
1 23.754929 1.000000 0.000000 10.488368 2.972986 0.000000 0.000000 0.000000 0.000000 220940.000000 -1.000000 1.000000 19.465914
1 0.131746 1.000000 0.000000 0.071543 0.030226 0.000000 0.000000 0.000000 0.000000 1561.000000 -1.000000 1.000000 30.900141
0 90.004430 1.000000 0.000000 31.838401 10.721863 0.000000 0.000000 0.000000 0.000000 773711.000000 -1.000000 1.000000 -1.000000
1 0.240783 1.000000 0.000000 0.133443 0.068584 0.000000 0.000000 0.000000 0.000000 4410.000000 -1.000000 1.000000 19.571627
1 0.045065 1.000000 0.000000 0.026907 0.008525 0.000000 0.000000 0.000000 0.000000 351.000000 -1.000000 1.000000 18.000236
1 0.784238 1.000000 0.000000 0.330212 0.116427 0.000000 0.000000 0.000000 0.000000 7676.000000 -1.000000 1.000000 29.830370
1 0.240783 1.000000 0.000000 0.133443 0.068584 0.000000 0.000000 0.000000 0.000000 4410.000000 -1.000000 1.000000 19.571627
1 0.922376 1.000000 0.000000 0.456802 0.184094 0.000000 0.000000 0.000000 0.000000 12734.000000 -1.000000 1.000000 27.274124
1 0.463287 1.000000 0.000000 0.246642 0.086963 0.000000 0.000000 0.000000 0.000000 5300.000000 -1.000000 1.000000 30.157078
1 0.167135 1.000000 0.000000 0.099086 0.036598 0.000000 0.000000 0.000000 0.000000 2189.000000 -1.000000 1.000000 20.477276
1 0.894293 1.000000 0.000000 0.442236 0.142602 0.000000 0.000000 0.000000 0.000000 7747.000000 -1.000000 1.000000 31.172068
1 0.060082 1.000000 0.000000 0.038260 0.010674 0.000000 0.000000 0.000000 0.000000 121.000000 -1.000000 1.000000 16.994160
0 90.000619 1.000000 0.000000 22.900549 9.199474 0.000000 0.000000 0.000000 0.000000 587259.000000 -1.000000 1.000000 -1.000000
0 90.002309 1.000000 0.000000 29.146838 11.434209 0.000000 0.000000 0.000000 0.000000 695570.000000 -1.000000 1.000000 -1.000000
1 23.273615 1.000000 0.000000 3.737005 1.106473 0.000000 0.000000 0.000000 0.000000 70597.000000 -1.000000 1.000000 28.994709
1 8.827933 1.000000 0.000000 4.460848 1.660030 0.000000 0.000000 0.000000 0.000000 138628.000000 -1.000000 1.000000 34.816513
1 0.407385 1.000000 0.000000 0.221699 0.071575 0.000000 0.000000 0.000000 0.000000 5668.000000 -1.000000 1.000000 33.632976
1 0.468583 1.000000 0.000000 0.260237 0.072731 0.000000 0.000000 0.000000 0.000000 7378.000000 -1.000000 1.000000 20.070586
0 90.046421 2.000000 0.000000 6.057402 1.808866 0.000000 0.000000 0.000000 991.000000 40697.000000 -1.000000 1.000000 -1.000000
0 90.287558 2.000000 0.000000 8.992043 2.670273 0.000000 0.000000 0.000000 2912.000000 90907.000000 -1.000000 1.000000 -1.000000
0 90.155208 2.000000 0.000000 6.323601 1.983478 0.000000 0.000000 0.000000 872.000000 67611.000000 -1.000000 1.000000 -1.000000
0 90.137635 2.000000 0.000000 6.277620 2.037252 0.000000 0.000000 0.000000 229.000000 63800.000000 -1.000000 1.000000 -1.000000
0 90.294326 2.000000 0.000000 5.759825 1.751601 0.000000 0.000000 0.000000 256.000000 54845.000000 -1.000000 1.000000 -1.000000
0 90.205931 2.000000 0.000000 5.363071 1.632171 0.000000 0.000000 0.000000 496.000000 47085.000000 -1.000000 1.000000 -1.000000
1 11.929211 2.000000 0.000000 4.689133 1.286803 0.000000 0.000000 0.000000 1491.000000 74169.000000 -1.000000 1.000000 122.647769
1 5.317392 2.000000 0.000000 1.512419 0.482878 0.000000 0.000000 0.000000 97.000000 12020.000000 -1.000000 1.000000 123.036813
1 24.140133 2.000000 0.000000 5.710260 1.817241 0.000000 0.000000 0.000000 1525.000000 62819.000000 -1.000000 1.000000 96.798104
0 90.234482 2.000000 0.000000 6.525379 2.281975 0.000000 0.000000 0.000000 3390.000000 70958.000000 -1.000000 1.000000 -1.000000
1 4.315822 2.000000 0.000000 1.737503 0.584664 0.000000 0.000000 0.000000 0.000000 32713.000000 -1.000000 1.000000 136.592565
0 90.241339 2.000000 0.000000 5.824926 1.925850 0.000000 0.000000 0.000000 246.000000 69222.000000 -1.000000 1.000000 -1.000000
1 4.771358 2.000000 0.000000 1.293690 0.416636 0.000000 0.000000 0.000000 203.000000 17399.000000 -1.000000 1.000000 126.091356
0 90.339054 2.000000 0.000000 5.848592 1.894387 0.000000 0.000000 0.000000 1018.000000 55431.000000 -1.000000 1.000000 -1.000000
0 90.106190 2.000000 0.000000 8.213467 2.574756 0.000000 0.000000 0.000000 519.000000 121857.000000 -1.000000 1.000000 -1.000000
0 90.325557 2.000000 0.000000 5.897673 1.908204 0.000000 0.000000 0.000000 87.000000 73831.000000 -1.000000 1.000000 -1.000000
0 90.103876 2.000000 0.000000 7.720087 2.383005 0.000000 0.000000 0.000000 1352.000000 108434.000000 -1.000000 1.000000 -1.000000
1 12.781046 2.000000 0.000000 3.252528 0.940231 0.000000 0.000000 0.000000 993.000000 57363.000000 -1.000000 1.000000 80.863883
1 87.156293 2.000000 0.000000 5.609218 1.801386 0.000000 0.000000 0.000000 23.000000 69713.000000 -1.000000 1.000000 93.576676
1 1.467409 2.000000 0.000000 0.609692 0.178029 0.000000 0.000000 0.000000 230.000000 8977.000000 -1.000000 1.000000 89.371576
0 90.265359 2.000000 0.000000 7.638646 2.394836 0.000000 0.000000 0.000000 429.000000 92070.000000 -1.000000 1.000000 -1.000000
1 56.833773 2.000000 0.000000 4.504635 1.473647 0.000000 0.000000 0.000000 1722.000000 45454.000000 -1.000000 1.000000 115.867156
0 90.127275 2.000000 0.000000 6.775353 2.263235 0.000000 0.000000 0.000000 6728.000000 87895.000000 -1.000000 1.000000 -1.000000
0 90.015281 2.000000 0.000000 6.575563 2.087667 0.000000 0.000000 0.000000 2224.000000 91314.000000 -1.000000 1.000000 -1.000000
0 90.372143 2.000000 0.000000 5.499461 1.620931 0.000000 0.000000 0.000000 47.000000 60438.000000 -1.000000 1.000000 -1.000000
1 23.864218 2.000000 0.000000 4.221799 1.307985 0.000000 0.000000 0.000000 325.000000 73268.000000 -1.000000 1.000000 132.054716
1 68.038134 2.000000 0.000000 9.680587 2.853121 0.000000 0.000000 0.000000 8270.000000 128906.000000 -1.000000 1.000000 100.401905
0 90.102601 2.000000 0.000000 5.521389 1.770588 0.000000 0.000000 0.000000 144.000000 58986.000000 -1.000000 1.000000 -1.000000
1 34.469841 2.000000 0.000000 3.430964 1.078489 0.000000 0.000000 0.000000 624.000000 44183.000000 -1.000000 1.000000 145.864155
0 90.263343 2.000000 0.000000 5.839120 1.793162 0.000000 0.000000 0.000000 64.000000 57914.000000 -1.000000 1.000000 -1.000000
0 90.130856 2.000000 0.000000 6.441948 2.164619 0.000000 0.000000 0.000000 1265.000000 83241.000000 -1.000000 1.000000 -1.000000
0 90.235229 2.000000 0.000000 4.851780 1.576668 0.000000 0.000000 0.000000 243.000000 45173.000000 -1.000000 1.000000 -1.000000
1 75.124749 2.000000 0.000000 5.218308 1.628887 0.000000 0.000000 0.000000 881.000000 49090.000000 -1.000000 1.000000 148.627079
0 90.131792 2.000000 0.000000 6.576977 2.037558 0.000000 0.000000 0.000000 2136.000000 70048.000000 -1.000000 1.000000 -1.000000
0 90.207372 2.000000 0.000000 8.234455 2.336737 0.000000 0.000000 0.000000 0.000000 111331.000000 -1.000000 1.000000 -1.000000
1 5.360395 2.000000 0.000000 1.324640 0.469811 0.000000 0.000000 0.000000 951.000000 19458.000000 -1.000000 1.000000 115.867126
1 54.631319 2.000000 0.000000 4.122763 1.302611 0.000000 0.000000 0.000000 2234.000000 45065.000000 -1.000000 1.000000 142.198721
1 79.938188 2.000000 0.000000 4.596829 1.474376 0.000000 0.000000 0.000000 150.000000 48837.000000 -1.000000 1.000000 101.956338
1 37.429899 2.000000 0.000000 3.403061 1.065366 0.000000 0.000000 0.000000 175.000000 31762.000000 -1.000000 1.000000 116.002387
1 38.284269 2.000000 0.000000 4.716498 1.546142 0.000000 0.000000 0.000000 800.000000 63153.000000 -1.000000 1.000000 70.637082
0 90.261231 2.000000 0.000000 5.382949 1.786571 0.000000 0.000000 0.000000 5.000000 66407.000000 -1.000000 1.000000 -1.000000
1 8.227510 2.000000 0.000000 2.597149 0.773091 0.000000 0.000000 0.000000 1162.000000 44334.000000 -1.000000 1.000000 151.710295
0 90.283111 2.000000 0.000000 5.808096 1.709974 0.000000 0.000000 0.000000 1746.000000 54880.000000 -1.000000 1.000000 -1.000000
1 89.943051 2.000000 0.000000 5.826046 1.935331 0.000000 0.000000 0.000000 189.000000 57338.000000 -1.000000 1.000000 104.151280
0 90.364081 2.000000 0.000000 7.443249 1.907395 0.000000 0.000000 0.000000 366.000000 54975.000000 -1.000000 1.000000 -1.000000
1 19.411770 2.000000 0.000000 5.924485 1.870620 0.000000 0.000000 0.000000 908.000000 104448.000000 -1.000000 1.000000 146.126426
0 90.059359 2.000000 0.000000 7.264853 2.454208 0.000000 0.000000 0.000000 6709.000000 85457.000000 -1.000000 1.000000 -1.000000
1 0.619366 2.000000 0.000000 0.306604 0.096784 0.000000 0.000000 0.000000 3.000000 5162.000000 -1.000000 1.000000 81.212310
0 90.052656 2.000000 0.000000 7.167316 2.491072 0.000000 0.000000 0.000000 12710.000000 102496.000000 -1.000000 1.000000 -1.000000
0 90.151803 2.000000 0.000000 5.689467 1.737262 0.000000 0.000000 0.000000 1865.000000 65735.000000 -1.000000 1.000000 -1.000000
1 4.700859 2.000000 0.000000 1.725912 0.477260 0.000000 0.000000 0.000000 0.000000 30689.000000 -1.000000 1.000000 56.317218
1 49.007849 2.000000 0.000000 5.561170 1.730170 0.000000 0.000000 0.000000 1321.000000 89608.000000 -1.000000 1.000000 75.051041
0 90.237899 2.000000 0.000000 6.575389 2.022488 0.000000 0.000000 0.000000 367.000000 95964.000000 -1.000000 1.000000 -1.000000
0 90.256288 2.000000 0.000000 5.113933 1.528319 0.000000 0.000000 0.000000 760.000000 50315.000000 -1.000000 1.000000 -1.000000
0 90.097344 2.000000 0.000000 6.048914 1.721361 0.000000 0.000000 0.000000 1955.000000 64634.000000 -1.000000 1.000000 -1.000000
0 90.139392 2.000000 0.000000 5.215197 1.585421 0.000000 0.000000 0.000000 233.000000 55982.000000 -1.000000 1.000000 -1.000000
1 19.854943 2.000000 0.000000 3.291301 1.002861 0.000000 0.000000 0.000000 229.000000 50966.000000 -1.000000 1.000000 102.968962
0 90.154003 2.000000 0.000000 6.952891 2.217801 0.000000 0.000000 0.000000 594.000000 77370.000000 -1.000000 1.000000 -1.000000
1 2.346917 2.000000 0.000000 0.825428 0.272920 0.000000 0.000000 0.000000 187.000000 11710.000000 -1.000000 1.000000 147.905249
1 37.287616 2.000000 0.000000 6.087646 1.756322 0.000000 0.000000 0.000000 397.000000 101540.000000 -1.000000 1.000000 98.182733
0 90.064828 4.000000 0.000000 41.932758 4.485042 -1.000000 -1.000000 -1.000000 -1.000000 -1.000000 1.000000 1.000000 -1.000000
0 90.007584 4.000000 0.000000 70.555586 7.805874 -1.000000 -1.000000 -1.000000 -1.000000 -1.000000 1.000000 1.000000 -1.000000
0 90.026321 4.000000 0.000000 72.834239 8.755977 -1.000000 -1.000000 -1.000000 -1.000000 -1.000000 1.000000 1.000000 -1.000000
0 90.038722 4.000000 0.000000 56.663434 5.320625 -1.000000 -1.000000 -1.000000 -1.000000 -1.000000 1.000000 1.000000 -1.000000
0 90.029180 4.000000 0.000000 52.475120 5.231463 -1.000000 -1.000000 -1.000000 -1.000000 -1.000000 1.000000 1.000000 -1.000000
0 90.070168 4.000000 0.000000 42.268499 3.806913 -1.000000 -1.000000 -1.000000 -1.000000 -1.000000 1.000000 1.000000 -1.000000
0 90.003924 4.000000 0.000000 72.063711 7.528491 -1.000000 -1.000000 -1.000000 -1.000000 -1.000000 1.000000 1.000000 -1.000000
0 90.009055 4.000000 0.000000 38.236857 4.497796 -1.000000 -1.000000 -1.000000 -1.000000 -1.000000 1.000000 1.000000 -1.000000
0 90.013876 4.000000 0.000000 77.017231 7.991634 -1.000000 -1.000000 -1.000000 -1.000000 -1.000000 1.000000 1.000000 -1.000000
0 90.010329 4.000000 0.000000 31.970148 3.737687 -1.000000 -1.000000 -1.000000 -1.000000 -1.000000 1.000000 1.000000 -1.000000
0 90.085655 4.000000 0.000000 32.665390 3.583962 -1.000000 -1.000000 -1.000000 -1.000000 -1.000000 1.000000 1.000000 -1.000000
0 90.014818 4.000000 0.000000 58.713779 5.444831 -1.000000 -1.000000 -1.000000 -1.000000 -1.000000 1.000000 1.000000 -1.000000
0 90.026636 4.000000 0.000000 76.292306 6.773251 -1.000000 -1.000000 -1.000000 -1.000000 -1.000000 1.000000 1.000000 -1.000000
0 90.052691 4.000000 0.000000 46.565344 4.875558 -1.000000 -1.000000 -1.000000 -1.000000 -1.000000 1.000000 1.000000 -1.000000
0 90.012650 4.000000 0.000000 73.237070 7.924615 -1.000000 -1.000000 -1.000000 -1.000000 -1.000000 1.000000 1.000000 -1.000000
0 90.074179 4.000000 0.000000 35.166024 4.029506 -1.000000 -1.000000 -1.000000 -1.000000 -1.000000 1.000000 1.000000 -1.000000
0 90.012576 4.000000 0.000000 55.917142 6.304079 -1.000000 -1.000000 -1.000000 -1.000000 -1.000000 1.000000 1.000000 -1.000000
0 90.051223 4.000000 0.000000 47.526199 5.080647 -1.000000 -1.000000 -1.000000 -1.000000 -1.000000 1.000000 1.000000 -1.000000
0 90.058449 4.000000 0.000000 36.660390 3.984567 -1.000000 -1.000000 -1.000000 -1.000000 -1.000000 1.000000 1.000000 -1.000000
0 90.014206 4.000000 0.000000 38.493191 4.381946 -1.000000 -1.000000 -1.000000 -1.000000 -1.000000 1.000000 1.000000 -1.000000
0 90.083103 4.000000 0.000000 50.249472 5.734364 -1.000000 -1.000000 -1.000000 -1.000000 -1.000000 1.000000 1.000000 -1.000000
0 90.005116 4.000000 0.000000 82.070985 8.109084 -1.000000 -1.000000 -1.000000 -1.000000 -1.000000 1.000000 1.000000 -1.000000
0 90.000309 4.000000 0.000000 56.167858 5.886397 -1.000000 -1.000000 -1.000000 -1.000000 -1.000000 1.000000 1.000000 -1.000000
0 90.039188 4.000000 0.000000 43.247852 4.393000 -1.000000 -1.000000 -1.000000 -1.000000 -1.000000 1.000000 1.000000 -1.000000
0 90.038192 4.000000 0.000000 72.000338 6.998985 -1.000000 -1.000000 -1.000000 -1.000000 -1.000000 1.000000 1.000000 -1.000000
0 90.000105 4.000000 0.000000 55.472588 6.973746 -1.000000 -1.000000 -1.000000 -1.000000 -1.000000 1.000000 1.000000 -1.000000
0 90.052052 4.000000 0.000000 60.047860 6.295955 -1.000000 -1.000000 -1.000000 -1.000000 -1.000000 1.000000 1.000000 -1.000000
0 90.077977 4.000000 0.000000 35.513453 3.870270 -1.000000 -1.000000 -1.000000 -1.000000 -1.000000 1.000000 1.000000 -1.000000
0 90.017469 4.000000 0.000000 42.968557 3.972282 -1.000000 -1.000000 -1.000000 -1.000000 -1.000000 1.000000 1.000000 -1.000000
0 90.001713 4.000000 0.000000 48.435152 5.698232 -1.000000 -1.000000 -1.000000 -1.000000 -1.000000 1.000000 1.000000 -1.000000
0 90.044718 4.000000 0.000000 66.499066 7.295350 -1.000000 -1.000000 -1.000000 -1.000000 -1.000000 1.000000 1.000000 -1.000000
0 90.037673 4.000000 0.000000 46.808459 5.072844 -1.000000 -1.000000 -1.000000 -1.000000 -1.000000 1.000000 1.000000 -1.000000
0 90.000296 4.000000 0.000000 63.948707 6.425604 -1.000000 -1.000000 -1.000000 -1.000000 -1.000000 1.000000 1.000000 -1.000000
0 90.014169 4.000000 0.000000 52.674625 5.590276 -1.000000 -1.000000 -1.000000 -1.000000 -1.000000 1.000000 1.000000 -1.000000
0 90.017579 4.000000 0.000000 45.097308 5.044444 -1.000000 -1.000000 -1.000000 -1.000000 -1.000000 1.000000 1.000000 -1.000000
0 90.090869 4.000000 0.000000 30.707796 3.510210 -1.000000 -1.000000 -1.000000 -1.000000 -1.000000 1.000000 1.000000 -1.000000
0 90.055378 4.000000 0.000000 62.614792 6.025277 -1.000000 -1.000000 -1.000000 -1.000000 -1.000000 1.000000 1.000000 -1.000000
0 90.053768 4.000000 0.000000 40.187085 4.309495 -1.000000 -1.000000 -1.000000 -1.000000 -1.000000 1.000000 1.000000 -1.000000
0 90.032040 4.000000 0.000000 54.940654 6.028180 -1.000000 -1.000000 -1.000000 -1.000000 -1.000000 1.000000 1.000000 -1.000000
0 90.017097 4.000000 0.000000 44.346234 5.063246 -1.000000 -1.000000 -1.000000 -1.000000 -1.000000 1.000000 1.000000 -1.000000
0 90.005830 4.000000 0.000000 54.119100 5.940482 -1.000000 -1.000000 -1.000000 -1.000000 -1.000000 1.000000 1.000000 -1.000000
0 90.064828 6.000000 0.000000 41.932758 4.485042 -1.000000 -1.000000 -1.000000 -1.000000 -1.000000 1.000000 1.000000 -1.000000
0 90.007584 6.000000 0.000000 70.555586 7.805874 -1.000000 -1.000000 -1.000000 -1.000000 -1.000000 1.000000 1.000000 -1.000000
0 90.026321 6.000000 0.000000 72.834239 8.755977 -1.000000 -1.000000 -1.000000 -1.000000 -1.000000 1.000000 1.000000 -1.000000
0 90.038722 6.000000 0.000000 56.663434 5.320625 -1.000000 -1.000000 -1.000000 -1.000000 -1.000000 1.000000 1.000000 -1.000000
0 90.029180 6.000000 0.000000 52.475120 5.231463 -1.000000 -1.000000 -1.000000 -1.000000 -1.000000 1.000000 1.000000 -1.000000
0 90.070168 6.000000 0.000000 42.268499 3.806913 -1.000000 -1.000000 -1.000000 -1.000000 -1.000000 1.000000 1.000000 -1.000000
0 90.003924 6.000000 0.000000 72.063711 7.528491 -1.000000 -1.000000 -1.000000 -1.000000 -1.000000 1.000000 1.000000 -1.000000
0 90.009055 6.000000 0.000000 38.236857 4.497796 -1.000000 -1.000000 -1.000000 -1.000000 -1.000000 1.000000 1.000000 -1.000000
0 90.013876 6.000000 0.000000 77.017231 7.991634 -1.000000 -1.000000 -1.000000 -1.000000 -1.000000 1.000000 1.000000 -1.000000
0 90.010329 6.000000 0.000000 31.970148 3.737687 -1.000000 -1.000000 -1.000000 -1.000000 -1.000000 1.000000 1.000000 -1.000000
0 90.085655 6.000000 0.000000 32.665390 3.583962 -1.000000 -1.000000 -1.000000 -1.000000 -1.000000 1.000000 1.000000 -1.000000
0 90.014818 6.000000 0.000000 58.713779 5.444831 -1.000000 -1.000000 -1.000000 -1.000000 -1.000000 1.000000 1.000000 -1.000000
0 90.026636 6.000000 0.000000 76.292306 6.773251 -1.000000 -1.000000 -1.000000 -1.000000 -1.000000 1.000000 1.000000 -1.000000
0 90.052691 6.000000 0.000000 46.565344 4.875558 -1.000000 -1.000000 -1.000000 -1.000000 -1.000000 1.000000 1.000000 -1.000000
0 90.012650 6.000000 0.000000 73.237070 7.924615 -1.000000 -1.000000 -1.000000 -1.000000 -1.000000 1.000000 1.000000 -1.000000
0 90.074179 6.000000 0.000000 35.166024 4.029506 -1.000000 -1.000000 -1.000000 -1.000000 -1.000000 1.000000 1.000000 -1.000000
0 90.012576 6.000000 0.000000 55.917142 6.304079 -1.000000 -1.000000 -1.000000 -1.000000 -1.000000 1.000000 1.000000 -1.000000
0 90.051223 6.000000 0.000000 47.526199 5.080647 -1.000000 -1.000000 -1.000000 -1.000000 -1.000000 1.000000 1.000000 -1.000000
0 90.058449 6.000000 0.000000 36.660390 3.984567 -1.000000 -1.000000 -1.000000 -1.000000 -1.000000 1.000000 1.000000 -1.000000
0 90.014206 6.000000 0.000000 38.493191 4.381946 -1.000000 -1.000000 -1.000000 -1.000000 -1.000000 1.000000 1.000000 -1.000000
0 90.083103 6.000000 0.000000 50.249472 5.734364 -1.000000 -1.000000 -1.000000 -1.000000 -1.000000 1.000000 1.000000 -1.000000
0 90.005116 6.000000 0.000000 82.070985 8.109084 -1.000000 -1.000000 -1.000000 -1.000000 -1.000000 1.000000 1.000000 -1.000000
0 90.000309 6.000000 0.000000 56.167858 5.886397 -1.000000 -1.000000 -1.000000 -1.000000 -1.000000 1.000000 1.000000 -1.000000
0 90.039188 6.000000 0.000000 43.247852 4.393000 -1.000000 -1.000000 -1.000000 -1.000000 -1.000000 1.000000 1.000000 -1.000000
0 90.038192 6.000000 0.000000 72.000338 6.998985 -1.000000 -1.000000 -1.000000 -1.000000 -1.000000 1.000000 1.000000 -1.000000
0 90.000105 6.000000 0.000000 55.472588 6.973746 -1.000000 -1.000000 -1.000000 -1.000000 -1.000000 1.000000 1.000000 -1.000000
0 90.052052 6.000000 0.000000 60.047860 6.295955 -1.000000 -1.000000 -1.000000 -1.000000 -1.000000 1.000000 1.000000 -1.000000
0 90.077977 6.000000 0.000000 35.513453 3.870270 -1.000000 -1.000000 -1.000000 -1.000000 -1.000000 1.000000 1.000000 -1.000000
0 90.017469 6.000000 0.000000 42.968557 3.972282 -1.000000 -1.000000 -1.000000 -1.000000 -1.000000 1.000000 1.000000 -1.000000
0 90.001713 6.000000 0.000000 48.435152 5.698232 -1.000000 -1.000000 -1.000000 -1.000000 -1.000000 1.000000 1.000000 -1.000000
0 90.044718 6.000000 0.000000 66.499066 7.295350 -1.000000 -1.000000 -1.000000 -1.000000 -1.000000 1.000000 1.000000 -1.000000
0 90.037673 6.000000 0.000000 46.808459 5.072844 -1.000000 -1.000000 -1.000000 -1.000000 -1.000000 1.000000 1.000000 -1.000000
0 90.000296 6.000000 0.000000 63.948707 6.425604 -1.000000 -1.000000 -1.000000 -1.000000 -1.000000 1.000000 1.000000 -1.000000
0 90.014169 6.000000 0.000000 52.674625 5.590276 -1.000000 -1.000000 -1.000000 -1.000000 -1.000000 1.000000 1.000000 -1.000000
0 90.017579 6.000000 0.000000 45.097308 5.044444 -1.000000 -1.000000 -1.000000 -1.000000 -1.000000 1.000000 1.000000 -1.000000
0 90.090869 6.000000 0.000000 30.707796 3.510210 -1.000000 -1.000000 -1.000000 -1.000000 -1.000000 1.000000 1.000000 -1.000000
0 90.055378 6.000000 0.000000 62.614792 6.025277 -1.000000 -1.000000 -1.000000 -1.000000 -1.000000 1.000000 1.000000 -1.000000
0 90.053768 6.000000 0.000000 40.187085 4.309495 -1.000000 -1.000000 -1.000000 -1.000000 -1.000000 1.000000 1.000000 -1.000000
0 90.032040 6.000000 0.000000 54.940654 6.028180 -1.000000 -1.000000 -1.000000 -1.000000 -1.000000 1.000000 1.000000 -1.000000
0 90.017097 6.000000 0.000000 44.346234 5.063246 -1.000000 -1.000000 -1.000000 -1.000000 -1.000000 1.000000 1.000000 -1.000000
0 90.005830 6.000000 0.000000 54.119100 5.940482 -1.000000 -1.000000 -1.000000 -1.000000 -1.000000 1.000000 1.000000 -1.000000
0 90.064828 8.000000 0.000000 41.932758 4.485042 -1.000000 -1.000000 -1.000000 -1.000000 -1.000000 1.000000 1.000000 -1.000000
0 90.007584 8.000000 0.000000 70.555586 7.805874 -1.000000 -1.000000 -1.000000 -1.000000 -1.000000 1.000000 1.000000 -1.000000
0 90.026321 8.000000 0.000000 72.834239 8.755977 -1.000000 -1.000000 -1.000000 -1.000000 -1.000000 1.000000 1.000000 -1.000000
0 90.038722 8.000000 0.000000 56.663434 5.320625 -1.000000 -1.000000 -1.000000 -1.000000 -1.000000 1.000000 1.000000 -1.000000
0 90.029180 8.000000 0.000000 52.475120 5.231463 -1.000000 -1.000000 -1.000000 -1.000000 -1.000000 1.000000 1.000000 -1.000000
0 90.070168 8.000000 0.000000 42.268499 3.806913 -1.000000 -1.000000 -1.000000 -1.000000 -1.000000 1.000000 1.000000 -1.000000
0 90.003924 8.000000 0.000000 72.063711 7.528491 -1.000000 -1.000000 -1.000000 -1.000000 -1.000000 1.000000 1.000000 -1.000000
0 90.009055 8.000000 0.000000 38.236857 4.497796 -1.000000 -1.000000 -1.000000 -1.000000 -1.000000 1.000000 1.000000 -1.000000
0 90.013876 8.000000 0.000000 77.017231 7.991634 -1.000000 -1.000000 -1.000000 -1.000000 -1.000000 1.000000 1.000000 -1.000000
0 90.010329 8.000000 0.000000 31.970148 3.737687 -1.000000 -1.000000 -1.000000 -1.000000 -1.000000 1.000000 1.000000 -1.000000
0 90.085655 8.000000 0.000000 32.665390 3.583962 -1.000000 -1.000000 -1.000000 -1.000000 -1.000000 1.000000 1.000000 -1.000000
0 90.014818 8.000000 0.000000 58.713779 5.444831 -1.000000 -1.000000 -1.000000 -1.000000 -1.000000 1.000000 1.000000 -1.000000
0 90.026636 8.000000 0.000000 76.292306 6.773251 -1.000000 -1.000000 -1.000000 -1.000000 -1.000000 1.000000 1.000000 -1.000000
0 90.052691 8.000000 0.000000 46.565344 4.875558 -1.000000 -1.000000 -1.000000 -1.000000 -1.000000 1.000000 1.000000 -1.000000
0 90.012650 8.000000 0.000000 73.237070 7.924615 -1.000000 -1.000000 -1.000000 -1.000000 -1.000000 1.000000 1.000000 -1.000000
0 90.074179 8.000000 0.000000 35.166024 4.029506 -1.000000 -1.000000 -1.000000 -1.000000 -1.000000 1.000000 1.000000 -1.000000
0 90.012576 8.000000 0.000000 55.917142 6.304079 -1.000000 -1.000000 -1.000000 -1.000000 -1.000000 1.000000 1.000000 -1.000000
0 90.051223 8.000000 0.000000 47.526199 5.080647 -1.000000 -1.000000 -1.000000 -1.000000 -1.000000 1.000000 1.000000 -1.000000
0 90.058449 8.000000 0.000000 36.660390 3.984567 -1.000000 -1.000000 -1.000000 -1.000000 -1.000000 1.000000 1.000000 -1.000000
0 90.014206 8.000000 0.000000 38.493191 4.381946 -1.000000 -1.000000 -1.000000 -1.000000 -1.000000 1.000000 1.000000 -1.000000
0 90.083103 8.000000 0.000000 50.249472 5.734364 -1.000000 -1.000000 -1.000000 -1.000000 -1.000000 1.000000 1.000000 -1.000000
0 90.005116 8.000000 0.000000 82.070985 8.109084 -1.000000 -1.000000 -1.000000 -1.000000 -1.000000 1.000000 1.000000 -1.000000
0 90.000309 8.000000 0.000000 56.167858 5.886397 -1.000000 -1.000000 -1.000000 -1.000000 -1.000000 1.000000 1.000000 -1.000000
0 90.039188 8.000000 0.000000 43.247852 4.393000 -1.000000 -1.000000 -1.000000 -1.000000 -1.000000 1.000000 1.000000 -1.000000
0 90.038192 8.000000 0.000000 72.000338 6.998985 -1.000000 -1.000000 -1.000000 -1.000000 -1.000000 1.000000 1.000000 -1.000000
0 90.000105 8.000000 0.000000 55.472588 6.973746 -1.000000 -1.000000 -1.000000 -1.000000 -1.000000 1.000000 1.000000 -1.000000
0 90.052052 8.000000 0.000000 60.047860 6.295955 -1.000000 -1.000000 -1.000000 -1.000000 -1.000000 1.000000 1.000000 -1.000000
0 90.077977 8.000000 0.000000 35.513453 3.870270 -1.000000 -1.000000 -1.000000 -1.000000 -1.000000 1.000000 1.000000 -1.000000
0 90.017469 8.000000 0.000000 42.968557 3.972282 -1.000000 -1.000000 -1.000000 -1.000000 -1.000000 1.000000 1.000000 -1.000000
0 90.001713 8.000000 0.000000 48.435152 5.698232 -1.000000 -1.000000 -1.000000 -1.000000 -1.000000 1.000000 1.000000 -1.000000
0 90.044718 8.000000 0.000000 66.499066 7.295350 -1.000000 -1.000000 -1.000000 -1.000000 -1.000000 1.000000 1.000000 -1.000000
0 90.037673 8.000000 0.000000 46.808459 5.072844 -1.000000 -1.000000 -1.000000 -1.000000 -1.000000 1.000000 1.000000 -1.000000
0 90.000296 8.000000 0.000000 63.948707 6.425604 -1.000000 -1.000000 -1.000000 -1.000000 -1.000000 1.000000 1.000000 -1.000000
0 90.014169 8.000000 0.000000 52.674625 5.590276 -1.000000 -1.000000 -1.000000 -1.000000 -1.000000 1.000000 1.000000 -1.000000
0 90.017579 8.000000 0.000000 45.097308 5.044444 -1.000000 -1.000000 -1.000000 -1.000000 -1.000000 1.000000 1.000000 -1.000000
0 90.090869 8.000000 0.000000 30.707796 3.510210 -1.000000 -1.000000 -1.000000 -1.000000 -1.000000 1.000000 1.000000 -1.000000
0 90.055378 8.000000 0.000000 62.614792 6.025277 -1.000000 -1.000000 -1.000000 -1.000000 -1.000000 1.000000 1.000000 -1.000000
0 90.053768 8.000000 0.000000 40.187085 4.309495 -1.000000 -1.000000 -1.000000 -1.000000 -1.000000 1.000000 1.000000 -1.000000
0 90.032040 8.000000 0.000000 54.940654 6.028180 -1.000000 -1.000000 -1.000000 -1.000000 -1.000000 1.000000 1.000000 -1.000000
0 90.017097 8.000000 0.000000 44.346234 5.063246 -1.000000 -1.000000 -1.000000 -1.000000 -1.000000 1.000000 1.000000 -1.000000
0 90.005830 8.000000 0.000000 54.119100 5.940482 -1.000000 -1.000000 -1.000000 -1.000000 -1.000000 1.000000 1.000000 -1.000000
0 90.064828 10.000000 0.000000 41.932758 4.485042 -1.000000 -1.000000 -1.000000 -1.000000 -1.000000 1.000000 1.000000 -1.000000
0 90.007584 10.000000 0.000000 70.555586 7.805874 -1.000000 -1.000000 -1.000000 -1.000000 -1.000000 1.000000 1.000000 -1.000000
0 90.026321 10.000000 0.000000 72.834239 8.755977 -1.000000 -1.000000 -1.000000 -1.000000 -1.000000 1.000000 1.000000 -1.000000
0 90.038722 10.000000 0.000000 56.663434 5.320625 -1.000000 -1.000000 -1.000000 -1.000000 -1.000000 1.000000 1.000000 -1.000000
0 90.029180 10.000000 0.000000 52.475120 5.231463 -1.000000 -1.000000 -1.000000 -1.000000 -1.000000 1.000000 1.000000 -1.000000
0 90.070168 10.000000 0.000000 42.268499 3.806913 -1.000000 -1.000000 -1.000000 -1.000000 -1.000000 1.000000 1.000000 -1.000000
0 90.003924 10.000000 0.000000 72.063711 7.528491 -1.000000 -1.000000 -1.000000 -1.000000 -1.000000 1.000000 1.000000 -1.000000
0 90.009055 10.000000 0.000000 38.236857 4.497796 -1.000000 -1.000000 -1.000000 -1.000000 -1.000000 1.000000 1.000000 -1.000000
0 90.013876 10.000000 0.000000 77.017231 7.991634 -1.000000 -1.000000 -1.000000 -1.000000 -1.000000 1.000000 1.000000 -1.000000
0 90.010329 10.000000 0.000000 31.970148 3.737687 -1.000000 -1.000000 -1.000000 -1.000000 -1.000000 1.000000 1.000000 -1.000000
0 90.085655 10.000000 0.000000 32.665390 3.583962 -1.000000 -1.000000 -1.000000 -1.000000 -1.000000 1.000000 1.000000 -1.000000
0 90.014818 10.000000 0.000000 58.713779 5.444831 -1.000000 -1.000000 -1.000000 -1.000000 -1.000000 1.000000 1.000000 -1.000000
0 90.026636 10.000000 0.000000 76.292306 6.773251 -1.000000 -1.000000 -1.000000 -1.000000 -1.000000 1.000000 1.000000 -1.000000
0 90.052691 10.000000 0.000000 46.565344 4.875558 -1.000000 -1.000000 -1.000000 -1.000000 -1.000000 1.000000 1.000000 -1.000000
0 90.012650 10.000000 0.000000 73.237070 7.924615 -1.000000 -1.000000 -1.000000 -1.000000 -1.000000 1.000000 1.000000 -1.000000
0 90.074179 10.000000 0.000000 35.166024 4.029506 -1.000000 -1.000000 -1.000000 -1.000000 -1.000000 1.000000 1.000000 -1.000000
0 90.012576 10.000000 0.000000 55.917142 6.304079 -1.000000 -1.000000 -1.000000 -1.000000 -1.000000 1.000000 1.000000 -1.000000
0 90.051223 10.000000 0.000000 47.526199 5.080647 -1.000000 -1.000000 -1.000000 -1.000000 -1.000000 1.000000 1.000000 -1.000000
0 90.058449 10.000000 0.000000 36.660390 3.984567 -1.000000 -1.000000 -1.000000 -1.000000 -1.000000 1.000000 1.000000 -1.000000
0 90.014206 10.000000 0.000000 38.493191 4.381946 -1.000000 -1.000000 -1.000000 -1.000000 -1.000000 1.000000 1.000000 -1.000000
0 90.083103 10.000000 0.000000 50.249472 5.734364 -1.000000 -1.000000 -1.000000 -1.000000 -1.000000 1.000000 1.000000 -1.000000
0 90.005116 10.000000 0.000000 82.070985 8.109084 -1.000000 -1.000000 -1.000000 -1.000000 -1.000000 1.000000 1.000000 -1.000000
0 90.000309 10.000000 0.000000 56.167858 5.886397 -1.000000 -1.000000 -1.000000 -1.000000 -1.000000 1.000000 1.000000 -1.000000
0 90.039188 10.000000 0.000000 43.247852 4.393000 -1.000000 -1.000000 -1.000000 -1.000000 -1.000000 1.000000 1.000000 -1.000000
0 90.038192 10.000000 0.000000 72.000338 6.998985 -1.000000 -1.000000 -1.000000 -1.000000 -1.000000 1.000000 1.000000 -1.000000
0 90.000105 10.000000 0.000000 55.472588 6.973746 -1.000000 -1.000000 -1.000000 -1.000000 -1.000000 1.000000 1.000000 -1.000000
0 90.052052 10.000000 0.000000 60.047860 6.295955 -1.000000 -1.000000 -1.000000 -1.000000 -1.000000 1.000000 1.000000 -1.000000
0 90.077977 10.000000 0.000000 35.513453 3.870270 -1.000000 -1.000000 -1.000000 -1.000000 -1.000000 1.000000 1.000000 -1.000000
0 90.017469 10.000000 0.000000 42.968557 3.972282 -1.000000 -1.000000 -1.000000 -1.000000 -1.000000 1.000000 1.000000 -1.000000
0 90.001713 10.000000 0.000000 48.435152 5.698232 -1.000000 -1.000000 -1.000000 -1.000000 -1.000000 1.000000 1.000000 -1.000000
0 90.044718 10.000000 0.000000 66.499066 7.295350 -1.000000 -1.000000 -1.000000 -1.000000 -1.000000 1.000000 1.000000 -1.000000
0 90.037673 10.000000 0.000000 46.808459 5.072844 -1.000000 -1.000000 -1.000000 -1.000000 -1.000000 1.000000 1.000000 -1.000000
0 90.000296 10.000000 0.000000 63.948707 6.425604 -1.000000 -1.000000 -1.000000 -1.000000 -1.000000 1.000000 1.000000 -1.000000
0 90.014169 10.000000 0.000000 52.674625 5.590276 -1.000000 -1.000000 -1.000000 -1.000000 -1.000000 1.000000 1.000000 -1.000000
0 90.017579 10.000000 0.000000 45.097308 5.044444 -1.000000 -1.000000 -1.000000 -1.000000 -1.000000 1.000000 1.000000 -1.000000
0 90.090869 10.000000 0.000000 30.707796 3.510210 -1.000000 -1.000000 -1.000000 -1.000000 -1.000000 1.000000 1.000000 -1.000000
0 90.055378 10.000000 0.000000 62.614792 6.025277 -1.000000 -1.000000 -1.000000 -1.000000 -1.000000 1.000000 1.000000 -1.000000
0 90.053768 10.000000 0.000000 40.187085 4.309495 -1.000000 -1.000000 -1.000000 -1.000000 -1.000000 1.000000 1.000000 -1.000000
0 90.032040 10.000000 0.000000 54.940654 6.028180 -1.000000 -1.000000 -1.000000 -1.000000 -1.000000 1.000000 1.000000 -1.000000
0 90.017097 10.000000 0.000000 44.346234 5.063246 -1.000000 -1.000000 -1.000000 -1.000000 -1.000000 1.000000 1.000000 -1.000000
0 90.005830 10.000000 0.000000 54.119100 5.940482 -1.000000 -1.000000 -1.000000 -1.000000 -1.000000 1.000000 1.000000 -1.000000
