1 0.612129 1.000000 0.610427 0.000193 0.000949 0.000018 4.000000 10.000000 0.000000 8.000000 0.000000 0.000000 11.716136
1 0.734322 1.000000 0.727996 0.000477 0.004237 0.000019 3.000000 10.000000 0.000000 14.000000 0.000000 0.000000 13.990669
1 0.708804 1.000000 0.707773 0.000131 0.000532 0.000020 4.000000 10.000000 0.000000 0.000000 0.000000 0.000000 12.756037
1 0.701323 1.000000 0.699591 0.000181 0.000928 0.000020 4.000000 10.000000 0.000000 0.000000 0.000000 0.000000 15.523690
1 0.697999 1.000000 0.696602 0.000169 0.000691 0.000014 3.000000 10.000000 0.000000 0.000000 0.000000 0.000000 10.623288
1 0.735938 1.000000 0.734767 0.000142 0.000567 0.000020 4.000000 10.000000 0.000000 0.000000 0.000000 0.000000 11.667999
1 1.048577 1.000000 1.044730 0.000422 0.002070 0.000042 4.000000 10.000000 0.000000 1.000000 0.000000 0.000000 13.825975
1 1.503312 1.000000 1.493346 0.001021 0.005734 0.000042 4.000000 10.000000 0.000000 9.000000 0.000000 0.000000 12.963364
1 1.431878 1.000000 1.427739 0.000426 0.002398 0.000045 4.000000 10.000000 0.000000 1.000000 0.000000 0.000000 13.089595
1 1.292559 1.000000 1.290709 0.000214 0.000902 0.000028 3.000000 10.000000 0.000000 0.000000 0.000000 0.000000 10.684907
1 1.201286 1.000000 1.199705 0.000200 0.000778 0.000028 3.000000 10.000000 0.000000 0.000000 0.000000 0.000000 10.214540
1 1.202554 1.000000 1.200079 0.000285 0.001217 0.000028 3.000000 10.000000 0.000000 0.000000 0.000000 0.000000 10.880245
1 0.992975 1.000000 0.990839 0.000279 0.001124 0.000020 3.000000 10.000000 0.000000 0.000000 0.000000 0.000000 13.876370
1 0.696621 1.000000 0.694841 0.000208 0.000990 0.000017 3.000000 10.000000 0.000000 2.000000 0.000000 0.000000 13.974686
1 0.693106 1.000000 0.691528 0.000181 0.000774 0.000020 4.000000 10.000000 0.000000 0.000000 0.000000 0.000000 15.371031
1 0.681424 1.000000 0.680105 0.000169 0.000676 0.000018 3.000000 10.000000 0.000000 0.000000 0.000000 0.000000 12.769776
1 0.691040 1.000000 0.689569 0.000152 0.000797 0.000016 3.000000 10.000000 0.000000 7.000000 0.000000 0.000000 9.850936
1 0.736713 1.000000 0.732578 0.000469 0.002264 0.000014 3.000000 10.000000 0.000000 11.000000 0.000000 0.000000 12.606928
1 0.620121 1.000000 0.618739 0.000114 0.000916 0.000014 3.000000 10.000000 0.000000 1.000000 0.000000 0.000000 11.075130
1 0.619834 1.000000 0.617016 0.000296 0.001439 0.000020 4.000000 10.000000 0.000000 9.000000 0.000000 0.000000 16.631484
1 0.616937 1.000000 0.610010 0.000583 0.004145 0.000018 4.000000 10.000000 0.000000 21.000000 0.000000 0.000000 14.174701
1 0.615413 1.000000 0.614249 0.000144 0.000667 0.000013 3.000000 10.000000 0.000000 8.000000 0.000000 0.000000 11.254983
1 1.041801 1.000000 1.040498 0.000146 0.000630 0.000017 4.000000 10.000000 0.000000 0.000000 0.000000 0.000000 13.827394
1 0.627063 1.000000 0.625581 0.000125 0.001000 0.000014 3.000000 10.000000 0.000000 0.000000 0.000000 0.000000 10.056587
1 0.707265 1.000000 0.705725 0.000179 0.000749 0.000022 4.000000 10.000000 0.000000 0.000000 0.000000 0.000000 13.418539
1 1.187244 1.000000 1.185654 0.000118 0.000988 0.000020 4.000000 10.000000 0.000000 0.000000 0.000000 0.000000 10.196259
1 0.704301 1.000000 0.701097 0.000335 0.001865 0.000015 3.000000 10.000000 0.000000 8.000000 0.000000 0.000000 11.222262
1 2.096260 1.000000 2.073986 0.001610 0.013857 0.000064 5.000000 10.000000 0.000000 27.000000 0.000000 0.000000 15.614327
1 1.423548 1.000000 1.420166 0.000388 0.001839 0.000034 3.000000 10.000000 0.000000 8.000000 0.000000 0.000000 9.985908
1 1.407715 1.000000 1.403968 0.000447 0.002054 0.000040 4.000000 10.000000 0.000000 6.000000 0.000000 0.000000 13.905090
1 1.274921 1.000000 1.271313 0.000340 0.001907 0.000029 3.000000 10.000000 0.000000 1.000000 0.000000 0.000000 17.770030
1 1.173668 1.000000 1.171500 0.000253 0.001069 0.000028 3.000000 10.000000 0.000000 0.000000 0.000000 0.000000 10.726507
1 1.263708 1.000000 1.260092 0.000257 0.002489 0.000025 3.000000 10.000000 0.000000 0.000000 0.000000 0.000000 10.201935
1 0.977975 1.000000 0.976437 0.000174 0.000801 0.000019 3.000000 10.000000 0.000000 2.000000 0.000000 0.000000 11.724354
1 1.323752 1.000000 1.322290 0.000157 0.000723 0.000019 3.000000 10.000000 0.000000 0.000000 0.000000 0.000000 11.593701
1 0.694319 1.000000 0.691477 0.000307 0.001503 0.000017 4.000000 10.000000 0.000000 5.000000 0.000000 0.000000 14.315960
1 0.701419 1.000000 0.699459 0.000250 0.000988 0.000018 4.000000 10.000000 0.000000 6.000000 0.000000 0.000000 12.711798
1 0.729676 1.000000 0.727909 0.000193 0.000894 0.000020 4.000000 10.000000 0.000000 1.000000 0.000000 0.000000 13.693894
1 0.625561 1.000000 0.622029 0.000394 0.001972 0.000021 4.000000 10.000000 0.000000 7.000000 0.000000 0.000000 15.980186
1 0.604127 1.000000 0.603251 0.000104 0.000421 0.000016 3.000000 10.000000 0.000000 0.000000 0.000000 0.000000 9.757537
1 0.631166 1.000000 0.630190 0.000113 0.000472 0.000017 4.000000 10.000000 0.000000 0.000000 0.000000 0.000000 12.285033
1 1.051379 1.000000 1.050526 0.000099 0.000424 0.000013 3.000000 10.000000 0.000000 0.000000 0.000000 0.000000 10.747354
1 0.616835 1.000000 0.615277 0.000154 0.000884 0.000015 3.000000 10.000000 0.000000 6.000000 0.000000 0.000000 11.767841
1 0.653048 1.000000 0.651360 0.000190 0.000898 0.000014 3.000000 10.000000 0.000000 26.000000 0.000000 0.000000 11.853632
1 0.708828 1.000000 0.704543 0.000436 0.002436 0.000022 4.000000 10.000000 0.000000 18.000000 0.000000 0.000000 16.573276
1 0.685559 1.000000 0.684545 0.000135 0.000529 0.000014 3.000000 10.000000 0.000000 0.000000 0.000000 0.000000 13.424105
1 0.696157 1.000000 0.695286 0.000114 0.000446 0.000019 3.000000 10.000000 0.000000 0.000000 0.000000 0.000000 10.864428
1 0.706391 1.000000 0.701064 0.000436 0.003540 0.000014 3.000000 10.000000 0.000000 25.000000 0.000000 0.000000 13.132760
1 0.702042 1.000000 0.699544 0.000272 0.001299 0.000022 4.000000 10.000000 0.000000 3.000000 0.000000 0.000000 13.889036
1 0.628953 1.000000 0.626810 0.000271 0.001264 0.000013 3.000000 10.000000 0.000000 4.000000 0.000000 0.000000 14.034841
1 19.364542 1.000000 19.361733 0.000226 0.001537 0.000029 7.000000 10.000000 0.000000 5.000000 0.000000 0.000000 16.667751
1 0.686377 1.000000 0.685300 0.000136 0.000542 0.000019 4.000000 10.000000 0.000000 0.000000 0.000000 0.000000 13.163424
1 0.707814 1.000000 0.706012 0.000210 0.000982 0.000016 3.000000 10.000000 0.000000 7.000000 0.000000 0.000000 11.295420
1 0.719931 1.000000 0.718575 0.000168 0.000692 0.000018 4.000000 10.000000 0.000000 1.000000 0.000000 0.000000 11.873918
1 0.704374 1.000000 0.702053 0.000218 0.001386 0.000023 3.000000 10.000000 0.000000 4.000000 0.000000 0.000000 14.333573
1 0.711860 1.000000 0.707439 0.000507 0.002486 0.000014 3.000000 10.000000 0.000000 12.000000 0.000000 0.000000 12.432038
1 0.699715 1.000000 0.698567 0.000137 0.000607 0.000015 4.000000 10.000000 0.000000 0.000000 0.000000 0.000000 13.754340
1 0.651576 1.000000 0.650489 0.000130 0.000566 0.000014 3.000000 10.000000 0.000000 1.000000 0.000000 0.000000 12.859968
1 0.638719 1.000000 0.637355 0.000159 0.000704 0.000016 4.000000 10.000000 0.000000 1.000000 0.000000 0.000000 14.678227
1 0.623300 1.000000 0.618813 0.000388 0.002810 0.000020 4.000000 10.000000 0.000000 6.000000 0.000000 0.000000 15.603866
1 1.150919 2.000000 0.612608 0.053469 0.300706 0.013501 228.000000 10.000000 92.000000 264.000000 0.000000 0.000000 49.353679
1 0.636455 2.000000 0.618423 0.001612 0.007716 0.004398 17.000000 10.000000 3.000000 4.000000 0.000000 0.000000 34.857368
1 0.765274 2.000000 0.687372 0.007639 0.040221 0.008551 22.000000 10.000000 0.000000 55.000000 0.000000 0.000000 53.581062
1 0.742193 2.000000 0.704832 0.003882 0.018255 0.005129 16.000000 10.000000 0.000000 31.000000 0.000000 0.000000 38.086778
1 1.611692 2.000000 1.572653 0.003344 0.016552 0.009178 22.000000 10.000000 7.000000 21.000000 0.000000 0.000000 41.732894
1 1.195997 2.000000 0.717220 0.053864 0.262559 0.009292 27.000000 10.000000 66.000000 235.000000 0.000000 0.000000 43.061341
1 0.711214 2.000000 0.626449 0.009142 0.046907 0.003821 32.000000 10.000000 46.000000 221.000000 0.000000 0.000000 44.513629
1 0.811409 2.000000 0.639080 0.018635 0.088439 0.007623 22.000000 10.000000 20.000000 93.000000 0.000000 0.000000 43.696815
1 1.104343 2.000000 0.631336 0.052714 0.237566 0.015049 90.000000 10.000000 84.000000 142.000000 0.000000 0.000000 66.306167
1 0.752384 2.000000 0.627772 0.011700 0.061500 0.009885 31.000000 10.000000 27.000000 87.000000 0.000000 0.000000 42.985368
1 1.155179 2.000000 0.645629 0.053064 0.290357 0.007280 20.000000 10.000000 17.000000 195.000000 0.000000 0.000000 38.678611
1 1.271487 2.000000 1.223879 0.004163 0.022049 0.007352 21.000000 10.000000 0.000000 38.000000 0.000000 0.000000 44.791335
1 0.789355 2.000000 0.701680 0.008954 0.043814 0.011294 177.000000 10.000000 17.000000 38.000000 0.000000 0.000000 53.181856
1 1.338075 2.000000 1.252480 0.008161 0.040606 0.011296 16.000000 10.000000 0.000000 379.000000 0.000000 0.000000 45.834335
1 1.541388 2.000000 1.504464 0.003359 0.013791 0.011991 98.000000 10.000000 7.000000 9.000000 0.000000 0.000000 41.909448
1 3.001812 2.000000 2.456295 0.048179 0.275089 0.030700 145.000000 10.000000 0.000000 208.000000 0.000000 0.000000 74.293019
1 2.269494 2.000000 2.190489 0.007055 0.038345 0.013475 19.000000 10.000000 9.000000 29.000000 0.000000 0.000000 37.629749
1 1.283592 2.000000 1.175247 0.011166 0.047838 0.020459 615.000000 10.000000 13.000000 52.000000 0.000000 0.000000 42.761864
1 0.966267 2.000000 0.826574 0.015698 0.074429 0.012528 26.000000 10.000000 0.000000 53.000000 0.000000 0.000000 52.371067
1 0.968168 2.000000 0.817306 0.015221 0.078093 0.012381 32.000000 10.000000 0.000000 54.000000 0.000000 0.000000 42.800137
1 3.794267 2.000000 3.338271 0.034134 0.221043 0.043232 295.000000 10.000000 65.000000 198.000000 0.000000 0.000000 39.760214
1 1.121344 2.000000 1.095140 0.002770 0.012260 0.003697 14.000000 10.000000 2.000000 22.000000 0.000000 0.000000 38.380321
1 1.066501 2.000000 1.036553 0.002878 0.012542 0.005928 20.000000 10.000000 5.000000 9.000000 0.000000 0.000000 49.132662
1 1.741645 2.000000 1.660107 0.007252 0.034267 0.013855 39.000000 10.000000 9.000000 43.000000 0.000000 0.000000 60.495233
1 0.609259 2.000000 0.591118 0.001498 0.007675 0.004891 16.000000 10.000000 0.000000 6.000000 0.000000 0.000000 31.033695
1 0.799927 2.000000 0.578109 0.021216 0.127245 0.004936 19.000000 10.000000 2.000000 161.000000 0.000000 0.000000 38.760914
1 0.680611 2.000000 0.606234 0.008010 0.040589 0.005071 23.000000 10.000000 11.000000 60.000000 0.000000 0.000000 40.200845
1 1.228654 2.000000 1.046840 0.018430 0.097247 0.009930 25.000000 10.000000 49.000000 189.000000 0.000000 0.000000 43.196761
1 1.116119 2.000000 1.070851 0.004703 0.021314 0.006169 19.000000 10.000000 0.000000 13.000000 0.000000 0.000000 48.175880
1 1.174324 2.000000 1.062319 0.011564 0.053963 0.010530 39.000000 10.000000 33.000000 57.000000 0.000000 0.000000 49.437657
1 1.962709 2.000000 1.886111 0.008059 0.034666 0.012954 21.000000 10.000000 10.000000 27.000000 0.000000 0.000000 41.573301
1 2.128621 2.000000 2.083799 0.004228 0.019418 0.008783 17.000000 10.000000 0.000000 15.000000 0.000000 0.000000 36.300640
1 1.344078 2.000000 1.309460 0.002969 0.016645 0.006617 16.000000 10.000000 0.000000 20.000000 0.000000 0.000000 36.290739
1 1.198956 2.000000 0.711478 0.053460 0.262428 0.007409 23.000000 10.000000 26.000000 286.000000 0.000000 0.000000 36.090316
1 0.848010 2.000000 0.706615 0.014072 0.077240 0.007932 21.000000 10.000000 0.000000 124.000000 0.000000 0.000000 59.360880
1 0.889127 2.000000 0.709934 0.018760 0.099446 0.008584 25.000000 10.000000 0.000000 169.000000 0.000000 0.000000 38.918528
1 0.681698 2.000000 0.630152 0.004942 0.022761 0.009770 28.000000 10.000000 0.000000 19.000000 0.000000 0.000000 68.343503
1 0.874743 2.000000 0.622452 0.028746 0.141894 0.007146 21.000000 10.000000 46.000000 132.000000 0.000000 0.000000 38.632901
1 1.576338 2.000000 1.433852 0.013104 0.066689 0.008355 27.000000 10.000000 24.000000 56.000000 0.000000 0.000000 57.003869
0 75.629208 2.000000 0.627492 11.818497 33.340125 0.008800 23.000000 10.000000 140.000000 3716493.000000 0.000000 0.000000 -1.000000
1 1.508235 2.000000 0.734923 0.083723 0.428093 0.014557 233.000000 10.000000 69.000000 491.000000 0.000000 0.000000 47.981890
1 0.722279 2.000000 0.615769 0.010290 0.058002 0.007773 22.000000 10.000000 6.000000 60.000000 0.000000 0.000000 36.032132
1 0.655255 2.000000 0.632972 0.001994 0.009594 0.005561 34.000000 10.000000 0.000000 4.000000 0.000000 0.000000 50.688621
1 2.123903 2.000000 2.053008 0.006299 0.027843 0.015465 70.000000 10.000000 11.000000 20.000000 0.000000 0.000000 45.573172
1 0.773726 2.000000 0.716660 0.006409 0.027158 0.005903 16.000000 10.000000 0.000000 15.000000 0.000000 0.000000 40.517632
1 0.762477 2.000000 0.724909 0.003599 0.017667 0.006125 20.000000 10.000000 9.000000 19.000000 0.000000 0.000000 54.181547
1 0.826338 2.000000 0.708335 0.010958 0.064487 0.006985 24.000000 10.000000 22.000000 49.000000 0.000000 0.000000 37.033235
1 1.248659 2.000000 1.217460 0.002651 0.012523 0.007119 19.000000 10.000000 9.000000 4.000000 0.000000 0.000000 51.475229
1 2.150508 2.000000 2.103438 0.003391 0.020411 0.013463 19.000000 10.000000 0.000000 13.000000 0.000000 0.000000 50.973281
1 2.980097 2.000000 1.487871 0.154907 0.821544 0.017575 25.000000 10.000000 5.000000 565.000000 0.000000 0.000000 42.535520
1 1.707933 2.000000 1.232792 0.052216 0.244240 0.024454 32.000000 10.000000 0.000000 174.000000 0.000000 0.000000 75.414165
1 1.489843 2.000000 1.231775 0.028971 0.138485 0.014680 26.000000 10.000000 37.000000 87.000000 0.000000 0.000000 32.425798
1 1.176660 2.000000 0.846445 0.034791 0.175908 0.017702 353.000000 10.000000 23.000000 154.000000 0.000000 0.000000 45.999412
1 0.751047 2.000000 0.716202 0.003482 0.016834 0.004478 14.000000 10.000000 0.000000 36.000000 0.000000 0.000000 31.681902
1 1.241585 2.000000 0.719089 0.051495 0.278162 0.011634 28.000000 10.000000 58.000000 238.000000 0.000000 0.000000 35.453228
1 0.758060 2.000000 0.728373 0.002851 0.013219 0.005360 16.000000 10.000000 23.000000 10.000000 0.000000 0.000000 41.748903
1 0.693985 2.000000 0.640404 0.005958 0.025294 0.005942 22.000000 10.000000 5.000000 20.000000 0.000000 0.000000 43.942202
1 0.695359 2.000000 0.619167 0.007679 0.035589 0.010317 277.000000 10.000000 15.000000 51.000000 0.000000 0.000000 48.846447
1 0.775374 2.000000 0.621087 0.016583 0.084174 0.011216 53.000000 10.000000 17.000000 164.000000 0.000000 0.000000 52.285771
1 0.910683 2.000000 0.624028 0.030499 0.158293 0.009155 26.000000 10.000000 2.000000 201.000000 0.000000 0.000000 44.909562
1 3.902266 4.000000 3.494871 0.028618 0.162397 0.119671 103.000000 10.000000 13.000000 176.000000 0.000000 0.000000 41.716919
1 1.713738 4.000000 1.543423 0.012138 0.065911 0.054781 51.000000 10.000000 3.000000 57.000000 0.000000 0.000000 48.101964
1 1.165574 4.000000 1.069297 0.006792 0.040713 0.028334 31.000000 10.000000 9.000000 43.000000 0.000000 0.000000 38.800574
1 2.273613 4.000000 1.097473 0.112153 0.608004 0.083244 100.000000 10.000000 83.000000 506.000000 0.000000 0.000000 43.876625
1 0.939800 4.000000 0.613363 0.033469 0.160475 0.050324 70.000000 10.000000 30.000000 137.000000 0.000000 0.000000 47.559772
1 1.499964 4.000000 1.039479 0.040105 0.217639 0.081296 92.000000 10.000000 38.000000 171.000000 0.000000 0.000000 68.482271
1 1.388481 4.000000 1.063239 0.033981 0.157328 0.046078 66.000000 10.000000 19.000000 103.000000 0.000000 0.000000 51.320080
1 1.647306 4.000000 1.466734 0.014271 0.079133 0.041652 47.000000 10.000000 9.000000 55.000000 0.000000 0.000000 50.051741
1 1.789174 4.000000 1.084065 0.068977 0.333073 0.070675 88.000000 10.000000 26.000000 176.000000 0.000000 0.000000 38.955521
1 1.145235 4.000000 0.861768 0.025785 0.129765 0.054156 34.000000 10.000000 26.000000 61.000000 0.000000 0.000000 41.639898
1 3.017609 4.000000 2.142942 0.079699 0.425924 0.127903 73.000000 10.000000 28.000000 235.000000 0.000000 0.000000 47.160504
1 1.749615 4.000000 1.447870 0.023368 0.138938 0.072664 58.000000 10.000000 7.000000 122.000000 0.000000 0.000000 45.105690
1 1.722009 4.000000 1.469357 0.023493 0.119479 0.053426 53.000000 10.000000 35.000000 95.000000 0.000000 0.000000 46.028526
1 0.876895 4.000000 0.744301 0.010527 0.049439 0.043685 45.000000 10.000000 12.000000 21.000000 0.000000 0.000000 44.080690
1 1.199824 4.000000 1.092680 0.008305 0.040212 0.031851 37.000000 10.000000 0.000000 43.000000 0.000000 0.000000 44.192757
1 1.470185 4.000000 1.417680 0.002951 0.014729 0.026490 30.000000 10.000000 0.000000 11.000000 0.000000 0.000000 35.168587
1 0.911287 4.000000 0.647983 0.021685 0.119588 0.063386 67.000000 10.000000 86.000000 180.000000 0.000000 0.000000 55.331925
1 1.747171 4.000000 1.635921 0.007038 0.041527 0.040037 36.000000 10.000000 9.000000 28.000000 0.000000 0.000000 43.241600
1 1.872334 4.000000 1.635673 0.022732 0.105279 0.040832 43.000000 10.000000 6.000000 51.000000 0.000000 0.000000 50.617503
1 1.129364 4.000000 0.699996 0.039025 0.218062 0.072391 81.000000 10.000000 41.000000 144.000000 0.000000 0.000000 43.863400
1 1.204562 4.000000 1.053461 0.013568 0.061325 0.039508 42.000000 10.000000 6.000000 48.000000 0.000000 0.000000 45.392409
1 1.448099 4.000000 1.047913 0.033035 0.198143 0.071076 77.000000 10.000000 74.000000 251.000000 0.000000 0.000000 44.710925
1 0.721308 4.000000 0.632626 0.006431 0.036086 0.029598 35.000000 10.000000 19.000000 39.000000 0.000000 0.000000 36.638298
1 1.518979 4.000000 0.721245 0.081614 0.409241 0.076920 84.000000 10.000000 66.000000 738.000000 0.000000 0.000000 56.417583
1 1.331852 4.000000 1.173721 0.010993 0.063343 0.049208 46.000000 10.000000 9.000000 68.000000 0.000000 0.000000 42.490134
1 3.498053 4.000000 1.228816 0.215420 1.166905 0.165272 163.000000 10.000000 90.000000 790.000000 0.000000 0.000000 54.262261
1 1.063805 4.000000 0.647684 0.041308 0.197219 0.064645 71.000000 10.000000 50.000000 215.000000 0.000000 0.000000 47.175949
1 1.486752 4.000000 1.158701 0.028076 0.157817 0.066108 67.000000 10.000000 11.000000 153.000000 0.000000 0.000000 51.672923
1 1.315470 4.000000 1.217950 0.006536 0.038209 0.031165 31.000000 10.000000 16.000000 26.000000 0.000000 0.000000 37.795283
1 0.912986 4.000000 0.722342 0.015140 0.075276 0.060788 58.000000 10.000000 5.000000 75.000000 0.000000 0.000000 43.655304
1 3.032999 4.000000 2.545905 0.042497 0.199952 0.132038 71.000000 10.000000 9.000000 31.000000 0.000000 0.000000 87.351877
1 2.749590 4.000000 2.454085 0.022612 0.118845 0.089987 54.000000 10.000000 5.000000 78.000000 0.000000 0.000000 50.085013
1 2.735780 4.000000 2.145184 0.050728 0.282686 0.116300 68.000000 10.000000 31.000000 237.000000 0.000000 0.000000 37.229608
1 1.643920 4.000000 1.497773 0.011137 0.056175 0.047632 40.000000 10.000000 0.000000 43.000000 0.000000 0.000000 45.973248
1 2.490509 4.000000 1.654272 0.072311 0.399970 0.141555 114.000000 10.000000 11.000000 570.000000 0.000000 0.000000 60.260930
1 1.270232 4.000000 1.098192 0.013584 0.072844 0.046856 46.000000 10.000000 4.000000 131.000000 0.000000 0.000000 46.202721
1 0.849462 4.000000 0.637215 0.019219 0.105377 0.033026 42.000000 10.000000 15.000000 99.000000 0.000000 0.000000 43.075766
1 1.295603 4.000000 1.083639 0.018415 0.088826 0.058052 59.000000 10.000000 38.000000 99.000000 0.000000 0.000000 50.099799
1 0.819962 4.000000 0.645236 0.017065 0.078869 0.038778 47.000000 10.000000 11.000000 77.000000 0.000000 0.000000 53.581427
1 1.557978 4.000000 1.410444 0.011425 0.053936 0.047976 55.000000 10.000000 31.000000 14.000000 0.000000 0.000000 48.253484
1 1.300150 4.000000 1.047892 0.020019 0.109213 0.058151 66.000000 10.000000 31.000000 382.000000 0.000000 0.000000 43.734887
1 0.799614 4.000000 0.600559 0.016771 0.087596 0.051181 61.000000 10.000000 6.000000 79.000000 0.000000 0.000000 56.853445
1 1.225180 4.000000 1.063200 0.012669 0.065686 0.045506 54.000000 10.000000 5.000000 46.000000 0.000000 0.000000 51.688262
1 1.408719 4.000000 1.068720 0.031181 0.168850 0.055907 65.000000 10.000000 8.000000 223.000000 0.000000 0.000000 45.951442
1 2.852286 4.000000 1.517949 0.112896 0.614925 0.228434 114.000000 10.000000 23.000000 386.000000 0.000000 0.000000 48.845406
1 3.134748 4.000000 2.756472 0.029750 0.166399 0.088537 68.000000 10.000000 1.000000 220.000000 0.000000 0.000000 58.037796
1 2.089880 4.000000 1.663320 0.041064 0.202330 0.072940 72.000000 10.000000 5.000000 249.000000 0.000000 0.000000 52.582845
1 1.393599 4.000000 0.737943 0.060643 0.349916 0.092440 87.000000 10.000000 119.000000 320.000000 0.000000 0.000000 52.432839
1 1.557288 4.000000 1.435997 0.008242 0.045360 0.037469 43.000000 10.000000 0.000000 56.000000 0.000000 0.000000 44.456950
1 1.688474 4.000000 1.487641 0.016149 0.083248 0.056531 62.000000 10.000000 26.000000 46.000000 0.000000 0.000000 52.073341
1 1.393021 4.000000 1.112396 0.024689 0.124316 0.057348 53.000000 10.000000 29.000000 88.000000 0.000000 0.000000 45.662627
1 0.955300 4.000000 0.712345 0.020835 0.112809 0.060685 56.000000 10.000000 14.000000 52.000000 0.000000 0.000000 60.823285
0 76.211562 4.000000 1.202988 7.724382 17.538343 0.082863 79.000000 10.000000 15.000000 1029956.000000 0.000000 0.000000 -1.000000
1 0.773176 4.000000 0.626365 0.011421 0.060628 0.043311 45.000000 10.000000 11.000000 70.000000 0.000000 0.000000 50.403512
1 1.091048 4.000000 0.627265 0.038918 0.225372 0.083722 90.000000 10.000000 62.000000 183.000000 0.000000 0.000000 48.937423
1 1.620682 4.000000 1.176755 0.040066 0.199832 0.093544 101.000000 10.000000 32.000000 175.000000 0.000000 0.000000 63.867042
1 1.151045 4.000000 0.723142 0.042511 0.207065 0.068763 69.000000 10.000000 66.000000 160.000000 0.000000 0.000000 50.800855
1 1.322548 4.000000 0.720038 0.055003 0.292685 0.096740 96.000000 10.000000 69.000000 140.000000 0.000000 0.000000 50.951720
1 1.232211 4.000000 1.055892 0.013380 0.075794 0.050926 53.000000 10.000000 0.000000 54.000000 0.000000 0.000000 52.615549
1 2.412532 4.000000 1.772175 0.037203 0.213441 0.268184 216.000000 10.000000 15.000000 230.000000 0.000000 0.000000 68.071951
1 2.279590 6.000000 1.591213 0.047978 0.270808 0.233720 127.000000 10.000000 1.000000 163.000000 0.000000 0.000000 70.218725
1 1.791589 6.000000 1.222535 0.040598 0.232800 0.175337 103.000000 10.000000 16.000000 155.000000 0.000000 0.000000 51.059310
1 1.104316 6.000000 0.706517 0.030892 0.169056 0.109016 74.000000 10.000000 69.000000 124.000000 0.000000 0.000000 41.200710
1 1.050310 6.000000 0.655240 0.029688 0.167214 0.116770 89.000000 10.000000 75.000000 117.000000 0.000000 0.000000 44.684274
0 76.453106 6.000000 1.450414 12.122588 30.164399 0.211966 138.000000 10.000000 70.000000 1247503.000000 0.000000 0.000000 -1.000000
1 2.688527 6.000000 0.690773 0.192036 0.951476 0.334030 219.000000 10.000000 156.000000 696.000000 0.000000 0.000000 43.316033
1 12.291681 6.000000 1.646787 1.000931 5.558545 1.201321 470.000000 10.000000 213.000000 2003.000000 0.000000 0.000000 43.588103
1 1.890832 6.000000 1.253369 0.041140 0.256039 0.213445 108.000000 10.000000 36.000000 269.000000 0.000000 0.000000 43.972493
1 2.491944 6.000000 1.571961 0.062245 0.334723 0.323845 207.000000 10.000000 69.000000 218.000000 0.000000 0.000000 56.123524
1 6.545971 6.000000 1.455723 0.443729 2.499329 0.596047 380.000000 10.000000 172.000000 1192.000000 0.000000 0.000000 75.621338
1 1.827771 6.000000 1.444679 0.027816 0.152217 0.121040 80.000000 10.000000 28.000000 107.000000 0.000000 0.000000 45.383028
1 2.132945 6.000000 1.443194 0.047258 0.287610 0.205937 128.000000 10.000000 45.000000 236.000000 0.000000 0.000000 39.158697
1 2.199448 6.000000 1.224403 0.072119 0.410114 0.264364 166.000000 10.000000 178.000000 217.000000 0.000000 0.000000 56.025160
1 3.678868 6.000000 3.124373 0.020373 0.133868 0.323692 158.000000 10.000000 26.000000 91.000000 0.000000 0.000000 46.365661
1 3.503727 6.000000 2.126339 0.099352 0.528402 0.455230 146.000000 10.000000 40.000000 256.000000 0.000000 0.000000 56.536160
1 1.715068 6.000000 1.453480 0.017770 0.094510 0.101404 64.000000 10.000000 11.000000 117.000000 0.000000 0.000000 39.717969
1 12.422664 6.000000 1.709481 1.070938 5.395639 1.027398 457.000000 10.000000 355.000000 1363.000000 0.000000 0.000000 65.938480
1 2.442088 6.000000 1.488428 0.074942 0.431938 0.230211 144.000000 10.000000 47.000000 449.000000 0.000000 0.000000 64.502191
1 3.807811 6.000000 1.212078 0.254329 1.212104 0.434259 248.000000 10.000000 114.000000 576.000000 0.000000 0.000000 57.132999
1 1.390617 6.000000 1.076191 0.024758 0.141128 0.073312 58.000000 10.000000 6.000000 153.000000 0.000000 0.000000 37.948144
1 1.344091 6.000000 1.081935 0.017895 0.109082 0.078180 58.000000 10.000000 6.000000 95.000000 0.000000 0.000000 41.750286
0 76.232006 6.000000 1.229126 10.651619 34.186762 0.339302 204.000000 10.000000 87.000000 1178093.000000 0.000000 0.000000 -1.000000
1 2.642783 6.000000 1.497425 0.092613 0.499591 0.296013 206.000000 10.000000 18.000000 324.000000 0.000000 0.000000 51.005305
1 1.946336 6.000000 1.097287 0.076040 0.397559 0.156895 108.000000 10.000000 45.000000 219.000000 0.000000 0.000000 37.819553
1 9.144515 6.000000 1.254005 0.749134 3.923081 0.949907 399.000000 10.000000 241.000000 1788.000000 0.000000 0.000000 43.264295
1 3.433958 6.000000 2.573184 0.061271 0.374278 0.229099 116.000000 10.000000 37.000000 348.000000 0.000000 0.000000 33.857164
1 3.451108 6.000000 1.243625 0.196883 0.997846 0.400025 255.000000 10.000000 50.000000 602.000000 0.000000 0.000000 56.532849
1 5.929287 6.000000 1.092866 0.431874 2.251783 0.883833 542.000000 10.000000 331.000000 1413.000000 0.000000 0.000000 50.700651
1 5.443576 6.000000 1.205834 0.363404 1.862863 0.947309 567.000000 10.000000 425.000000 1289.000000 0.000000 0.000000 51.642006
1 5.912062 6.000000 1.774652 0.215371 1.189442 1.974165 471.000000 10.000000 283.000000 343.000000 0.000000 0.000000 70.666990
1 2.022927 6.000000 1.660408 0.022427 0.125645 0.145480 81.000000 10.000000 10.000000 89.000000 0.000000 0.000000 47.663688
1 1.700192 6.000000 1.101275 0.047013 0.261068 0.148215 103.000000 10.000000 27.000000 193.000000 0.000000 0.000000 45.221122
0 76.795991 6.000000 1.788607 1.705638 2.875062 0.597573 302.000000 10.000000 48.000000 142272.000000 0.000000 0.000000 -1.000000
1 2.631644 6.000000 1.234732 0.105064 0.563806 0.409103 253.000000 10.000000 14.000000 428.000000 0.000000 0.000000 62.922713
1 1.901913 6.000000 1.089942 0.068444 0.336001 0.201866 142.000000 10.000000 20.000000 210.000000 0.000000 0.000000 65.352690
1 1.587097 6.000000 1.071843 0.043196 0.210235 0.146817 93.000000 10.000000 32.000000 115.000000 0.000000 0.000000 69.679349
1 0.946381 6.000000 0.744006 0.014323 0.071367 0.078333 52.000000 10.000000 20.000000 58.000000 0.000000 0.000000 46.551486
1 2.034685 6.000000 0.734876 0.108937 0.594811 0.286818 183.000000 10.000000 138.000000 413.000000 0.000000 0.000000 58.458290
1 2.673280 6.000000 1.507479 0.098524 0.548447 0.222719 151.000000 10.000000 41.000000 376.000000 0.000000 0.000000 47.273002
1 2.836174 6.000000 1.072251 0.163458 0.904061 0.213299 147.000000 10.000000 175.000000 446.000000 0.000000 0.000000 45.186242
1 1.688791 6.000000 1.234757 0.036047 0.209989 0.119847 76.000000 10.000000 31.000000 132.000000 0.000000 0.000000 43.088451
1 2.937518 6.000000 1.210609 0.156469 0.848051 0.326925 216.000000 10.000000 203.000000 563.000000 0.000000 0.000000 52.873426
1 1.205069 6.000000 0.666337 0.039403 0.218355 0.164046 119.000000 10.000000 72.000000 185.000000 0.000000 0.000000 50.128607
1 7.965739 6.000000 0.665843 0.744229 3.637607 0.747952 534.000000 10.000000 408.000000 2383.000000 0.000000 0.000000 49.811981
1 3.024110 6.000000 1.881607 0.094158 0.443535 0.351871 192.000000 10.000000 15.000000 196.000000 0.000000 0.000000 55.689697
1 3.390240 6.000000 1.663501 0.123323 0.633828 0.620089 199.000000 10.000000 38.000000 228.000000 0.000000 0.000000 53.954095
0 77.548547 6.000000 2.544633 8.071125 31.480726 0.863737 257.000000 10.000000 72.000000 709236.000000 0.000000 0.000000 -1.000000
1 1.772765 6.000000 1.383829 0.025660 0.153379 0.131810 82.000000 10.000000 20.000000 235.000000 0.000000 0.000000 42.120278
1 21.208592 6.000000 0.664985 2.134975 10.521096 1.924367 1377.000000 10.000000 469.000000 7667.000000 0.000000 0.000000 90.204596
1 1.896027 6.000000 1.484813 0.028515 0.152553 0.140636 89.000000 10.000000 87.000000 200.000000 0.000000 0.000000 37.324646
1 2.546051 6.000000 2.090393 0.027812 0.157212 0.201882 66.000000 10.000000 7.000000 43.000000 0.000000 0.000000 45.609844
1 4.675085 6.000000 1.978933 0.233025 1.199964 0.650237 320.000000 10.000000 200.000000 716.000000 0.000000 0.000000 69.766576
1 1.574209 6.000000 1.200590 0.028776 0.143235 0.118955 80.000000 10.000000 23.000000 83.000000 0.000000 0.000000 47.609894
1 1.304344 6.000000 0.675588 0.054312 0.270860 0.151835 121.000000 10.000000 40.000000 173.000000 0.000000 0.000000 54.437349
1 1.922938 6.000000 1.085513 0.080603 0.392522 0.134853 96.000000 10.000000 92.000000 190.000000 0.000000 0.000000 44.821889
1 3.871774 6.000000 1.216516 0.214917 1.219785 0.550337 318.000000 10.000000 129.000000 644.000000 0.000000 0.000000 64.620911
1 21.820338 8.000000 1.540735 1.556829 8.510418 4.838722 2148.000000 10.000000 1017.000000 4848.000000 0.000000 0.000000 110.795574
1 2.257875 8.000000 1.678047 0.030993 0.177185 0.276234 117.000000 10.000000 32.000000 114.000000 0.000000 0.000000 52.492470
1 16.623200 8.000000 1.874240 1.027790 6.618762 3.387803 1416.000000 10.000000 186.000000 4298.000000 0.000000 0.000000 77.601385
1 9.875136 8.000000 3.284181 0.353268 2.253952 2.705784 595.000000 10.000000 15.000000 863.000000 0.000000 0.000000 97.725237
1 2.815865 8.000000 1.407861 0.104449 0.618167 0.381790 207.000000 10.000000 175.000000 432.000000 0.000000 0.000000 48.780936
1 7.730059 8.000000 1.469917 0.495709 2.880695 1.302248 576.000000 10.000000 204.000000 1918.000000 0.000000 0.000000 83.518663
1 12.103703 8.000000 3.016221 0.643366 3.685080 2.749077 787.000000 10.000000 36.000000 1899.000000 0.000000 0.000000 54.258232
1 6.628216 8.000000 1.500903 0.379132 2.142179 1.448707 634.000000 10.000000 243.000000 1451.000000 0.000000 0.000000 64.599989
1 7.919402 8.000000 2.698682 0.378868 2.326566 1.269216 572.000000 10.000000 299.000000 1444.000000 0.000000 0.000000 74.810131
1 6.873511 8.000000 1.522418 0.424804 2.374211 1.311111 565.000000 10.000000 49.000000 1481.000000 0.000000 0.000000 89.334552
1 3.894667 8.000000 1.159090 0.204054 1.241156 0.677816 343.000000 10.000000 114.000000 1105.000000 0.000000 0.000000 79.511486
1 3.324300 8.000000 1.725101 0.120982 0.659791 0.481507 181.000000 10.000000 84.000000 314.000000 0.000000 0.000000 48.517314
1 2.825993 8.000000 1.133548 0.128287 0.696160 0.480769 281.000000 10.000000 127.000000 478.000000 0.000000 0.000000 60.571572
1 4.668927 8.000000 2.239724 0.127001 0.734277 1.134110 371.000000 10.000000 66.000000 605.000000 0.000000 0.000000 59.126432
1 7.195170 8.000000 2.037961 0.355840 2.002299 1.665370 367.000000 10.000000 140.000000 695.000000 0.000000 0.000000 72.432313
1 8.535514 8.000000 2.457904 0.538139 2.905481 1.024932 444.000000 10.000000 87.000000 2150.000000 0.000000 0.000000 44.721084
1 5.329515 8.000000 1.980545 0.243705 1.395277 1.001710 406.000000 10.000000 62.000000 1046.000000 0.000000 0.000000 49.568414
1 5.553933 8.000000 1.534307 0.322884 1.831301 0.936980 457.000000 10.000000 142.000000 1099.000000 0.000000 0.000000 63.810023
1 4.293641 8.000000 1.299995 0.226122 1.281510 0.851702 404.000000 10.000000 204.000000 1151.000000 0.000000 0.000000 72.871274
1 5.027637 8.000000 1.170177 0.341253 2.099675 0.476739 251.000000 10.000000 226.000000 1139.000000 0.000000 0.000000 53.092511
1 4.325320 8.000000 1.179601 0.281569 1.537796 0.529868 279.000000 10.000000 65.000000 787.000000 0.000000 0.000000 46.451765
1 8.929593 8.000000 1.250198 0.646823 3.536315 1.626953 545.000000 10.000000 188.000000 1929.000000 0.000000 0.000000 66.037864
1 26.381481 8.000000 2.210097 2.019134 9.803151 3.222635 1258.000000 10.000000 401.000000 20549.000000 0.000000 0.000000 79.908718
1 6.867811 8.000000 1.083708 0.453440 2.779061 1.033331 562.000000 10.000000 964.000000 2972.000000 0.000000 0.000000 46.124048
1 10.962349 8.000000 1.081718 0.888323 4.860461 1.593879 710.000000 10.000000 365.000000 3038.000000 0.000000 0.000000 51.938025
1 7.306527 8.000000 1.262416 0.445673 2.723201 1.415794 680.000000 10.000000 338.000000 1854.000000 0.000000 0.000000 75.192398
0 76.706036 8.000000 1.697425 17.559994 12.515862 0.439999 187.000000 10.000000 107.000000 1473771.000000 0.000000 0.000000 -1.000000
1 6.500092 8.000000 3.445498 0.233043 1.414068 0.713361 188.000000 10.000000 126.000000 453.000000 0.000000 0.000000 51.385794
1 6.916778 8.000000 2.047467 0.298037 1.935441 1.627699 686.000000 10.000000 263.000000 1761.000000 0.000000 0.000000 64.523499
1 3.228203 8.000000 1.858350 0.065996 0.414068 0.667378 235.000000 10.000000 16.000000 401.000000 0.000000 0.000000 52.084029
1 7.470221 8.000000 4.660667 0.179171 1.119540 0.923598 409.000000 10.000000 151.000000 672.000000 0.000000 0.000000 56.247101
1 12.255300 8.000000 1.987034 0.603181 4.021095 3.632276 1125.000000 10.000000 327.000000 3057.000000 0.000000 0.000000 55.205323
1 4.671719 8.000000 0.796366 0.324649 1.959885 0.638297 338.000000 10.000000 85.000000 1581.000000 0.000000 0.000000 57.223364
1 4.112173 8.000000 1.531697 0.202649 1.139053 0.648030 310.000000 10.000000 30.000000 660.000000 0.000000 0.000000 63.695176
1 3.836870 8.000000 1.274643 0.188246 1.137603 0.654673 332.000000 10.000000 63.000000 854.000000 0.000000 0.000000 77.322724
1 7.217788 8.000000 1.139000 0.502945 2.841111 1.176698 588.000000 10.000000 245.000000 2025.000000 0.000000 0.000000 59.181077
1 1.833505 8.000000 1.140550 0.047442 0.252884 0.259233 129.000000 10.000000 70.000000 169.000000 0.000000 0.000000 50.836705
0 76.190622 8.000000 1.177939 7.501972 40.562018 1.123767 494.000000 10.000000 244.000000 586013.000000 0.000000 0.000000 -1.000000
1 3.426786 8.000000 1.867116 0.079306 0.466411 0.752827 335.000000 10.000000 136.000000 265.000000 0.000000 0.000000 60.000213
1 2.945669 8.000000 0.698805 0.178979 0.974760 0.569583 285.000000 10.000000 116.000000 869.000000 0.000000 0.000000 46.590420
1 16.604562 8.000000 1.685192 1.144877 6.477766 3.710576 967.000000 10.000000 202.000000 2410.000000 0.000000 0.000000 99.076356
1 4.887831 8.000000 1.140788 0.316878 1.705838 0.822033 405.000000 10.000000 227.000000 1324.000000 0.000000 0.000000 68.122464
1 4.069228 8.000000 2.172927 0.094242 0.612183 0.865787 354.000000 10.000000 19.000000 523.000000 0.000000 0.000000 56.065874
1 3.669027 8.000000 1.214799 0.183430 1.000407 0.691508 336.000000 10.000000 86.000000 881.000000 0.000000 0.000000 62.150098
1 15.772640 8.000000 3.449341 0.770653 4.703013 4.141642 1219.000000 10.000000 178.000000 1965.000000 0.000000 0.000000 84.151221
1 6.483876 8.000000 1.938624 0.239448 1.446116 2.053805 737.000000 10.000000 84.000000 1447.000000 0.000000 0.000000 67.052213
1 2.102440 8.000000 1.507762 0.039671 0.214723 0.218017 110.000000 10.000000 16.000000 166.000000 0.000000 0.000000 52.515342
1 2.010195 8.000000 1.248393 0.049569 0.276737 0.279168 133.000000 10.000000 43.000000 192.000000 0.000000 0.000000 48.558171
1 4.905487 8.000000 3.509700 0.084800 0.528144 0.514357 252.000000 10.000000 34.000000 610.000000 0.000000 0.000000 48.307813
1 5.915096 8.000000 2.204246 0.179083 1.094394 1.799357 550.000000 10.000000 78.000000 670.000000 0.000000 0.000000 60.503490
1 8.357068 8.000000 2.600258 0.453153 2.436133 1.546972 448.000000 10.000000 414.000000 835.000000 0.000000 0.000000 68.056605
1 4.211972 8.000000 2.079178 0.136548 0.834800 0.706044 302.000000 10.000000 76.000000 766.000000 0.000000 0.000000 52.023892
1 4.153872 8.000000 1.864764 0.135535 0.809492 0.918252 351.000000 10.000000 13.000000 632.000000 0.000000 0.000000 61.675317
1 6.586162 8.000000 1.726779 0.410793 2.410971 0.823263 390.000000 10.000000 114.000000 1385.000000 0.000000 0.000000 49.514870
1 6.474782 8.000000 1.259189 0.380306 2.241678 1.399803 514.000000 10.000000 155.000000 974.000000 0.000000 0.000000 76.779022
1 12.526919 8.000000 2.541164 0.771875 4.224090 2.613716 860.000000 10.000000 397.000000 1912.000000 0.000000 0.000000 69.962048
1 7.246492 8.000000 1.440692 0.415718 2.392003 1.792794 607.000000 10.000000 128.000000 1387.000000 0.000000 0.000000 88.209630
1 6.971677 8.000000 2.226193 0.443505 2.207252 0.877291 311.000000 10.000000 121.000000 755.000000 0.000000 0.000000 42.428943
1 43.469680 10.000000 1.722285 3.104510 18.196509 8.498955 2855.000000 10.000000 1008.000000 10000.000000 0.000000 0.000000 72.163907
1 8.458675 10.000000 1.383577 0.591966 3.431227 1.015460 434.000000 10.000000 118.000000 2065.000000 0.000000 0.000000 40.780612
1 42.975186 10.000000 1.876219 2.794514 16.161153 12.631844 2234.000000 10.000000 330.000000 7242.000000 0.000000 0.000000 80.314813
1 11.599289 10.000000 2.723398 0.577011 3.403936 2.845479 817.000000 10.000000 320.000000 2073.000000 0.000000 0.000000 67.485858
1 5.057361 10.000000 0.788293 0.373335 2.171794 0.679833 315.000000 10.000000 66.000000 1861.000000 0.000000 0.000000 41.734604
1 4.068104 10.000000 1.234121 0.247030 1.398322 0.447920 199.000000 10.000000 48.000000 943.000000 0.000000 0.000000 40.387040
1 9.446664 10.000000 1.892974 0.557289 2.995834 2.357386 680.000000 10.000000 41.000000 898.000000 0.000000 0.000000 82.025446
1 8.473022 10.000000 2.365872 0.308842 1.769740 2.991016 689.000000 10.000000 45.000000 635.000000 0.000000 0.000000 73.062464
1 20.064649 10.000000 3.707594 0.853536 5.053329 7.290496 1878.000000 10.000000 433.000000 3149.000000 0.000000 0.000000 55.749028
1 3.307043 10.000000 1.578830 0.101055 0.606239 0.684903 214.000000 10.000000 12.000000 449.000000 0.000000 0.000000 46.527285
1 26.724885 10.000000 2.507772 1.467355 8.508632 8.811274 2429.000000 10.000000 363.000000 4080.000000 0.000000 0.000000 83.584454
1 4.732419 10.000000 1.738472 0.246686 1.361723 0.662470 256.000000 10.000000 82.000000 1027.000000 0.000000 0.000000 43.163106
1 4.042740 10.000000 1.781598 0.121969 0.788952 0.944721 311.000000 10.000000 6.000000 483.000000 0.000000 0.000000 52.367851
1 39.977085 10.000000 2.728798 3.288254 17.468885 5.802982 1832.000000 10.000000 411.000000 7858.000000 0.000000 0.000000 46.122548
1 13.951335 10.000000 1.223333 1.030088 5.468373 3.172965 1228.000000 10.000000 828.000000 3640.000000 0.000000 0.000000 47.598688
1 25.463592 10.000000 1.399289 2.050627 10.790195 4.547853 1886.000000 10.000000 711.000000 5282.000000 0.000000 0.000000 78.555308
0 77.996957 10.000000 2.967496 5.412305 29.303677 19.118000 5439.000000 10.000000 798.000000 27836.000000 0.000000 0.000000 -1.000000
1 25.971742 10.000000 2.158377 1.123891 6.921166 11.722068 2622.000000 10.000000 558.000000 5461.000000 0.000000 0.000000 88.085216
1 6.018553 10.000000 1.257650 0.357103 2.092983 1.212765 498.000000 10.000000 106.000000 1691.000000 0.000000 0.000000 63.120103
1 12.006979 10.000000 2.305514 0.541941 3.182817 4.093252 1154.000000 10.000000 98.000000 1241.000000 0.000000 0.000000 82.227239
1 7.007744 10.000000 3.434130 0.129230 0.844989 2.111044 607.000000 10.000000 99.000000 474.000000 0.000000 0.000000 63.368990
1 2.478958 10.000000 1.604416 0.043162 0.280672 0.399979 158.000000 10.000000 46.000000 217.000000 0.000000 0.000000 43.389841
1 4.772783 10.000000 1.660434 0.183980 1.124069 1.162421 391.000000 10.000000 55.000000 983.000000 0.000000 0.000000 50.384974
1 5.971702 10.000000 3.084501 0.144828 0.904050 1.310481 314.000000 10.000000 21.000000 472.000000 0.000000 0.000000 59.435481
1 12.116750 10.000000 2.148937 0.565529 3.363365 3.985516 941.000000 10.000000 285.000000 2019.000000 0.000000 0.000000 56.590621
1 7.395172 10.000000 1.924374 0.260523 1.706525 2.471431 790.000000 10.000000 260.000000 1131.000000 0.000000 0.000000 65.318535
1 29.654129 10.000000 1.293233 2.316769 12.659391 6.041729 1615.000000 10.000000 466.000000 6318.000000 0.000000 0.000000 66.045622
1 10.365170 10.000000 0.918337 0.766807 3.983557 2.560341 986.000000 10.000000 276.000000 2449.000000 0.000000 0.000000 63.277200
1 7.355647 10.000000 2.228825 0.285451 1.822352 2.029864 598.000000 10.000000 90.000000 1637.000000 0.000000 0.000000 65.488274
1 37.953660 10.000000 2.303147 1.914608 12.274707 11.837511 3329.000000 10.000000 290.000000 8773.000000 0.000000 0.000000 74.097579
1 2.337072 10.000000 1.439013 0.063975 0.351221 0.282792 118.000000 10.000000 3.000000 268.000000 0.000000 0.000000 46.312512
1 10.386987 10.000000 6.124250 0.147847 0.970163 2.564481 618.000000 10.000000 138.000000 592.000000 0.000000 0.000000 61.333635
1 24.999082 10.000000 1.820876 1.684586 10.126631 5.295342 1303.000000 10.000000 520.000000 3415.000000 0.000000 0.000000 72.379593
1 7.823760 10.000000 2.251895 0.275789 1.715058 2.678336 556.000000 10.000000 55.000000 1000.000000 0.000000 0.000000 55.169577
1 10.603076 10.000000 1.397735 0.761287 4.260004 2.003715 822.000000 10.000000 245.000000 3184.000000 0.000000 0.000000 59.940224
1 8.321162 10.000000 2.078407 0.338250 2.027755 2.591553 804.000000 10.000000 138.000000 1325.000000 0.000000 0.000000 69.653571
1 6.014181 10.000000 2.167680 0.281700 1.501630 1.264216 229.000000 10.000000 141.000000 309.000000 0.000000 0.000000 48.252921
1 5.735571 10.000000 3.033331 0.131404 0.775642 1.339528 400.000000 10.000000 43.000000 488.000000 0.000000 0.000000 50.038877
1 32.164697 10.000000 1.347446 2.532736 14.122047 6.339212 1772.000000 10.000000 1149.000000 6948.000000 0.000000 0.000000 49.237165
1 27.487280 10.000000 1.723731 1.893306 10.366001 7.498681 1750.000000 10.000000 228.000000 5492.000000 0.000000 0.000000 66.744088
1 6.721075 10.000000 2.319549 0.239035 1.475145 1.834161 314.000000 10.000000 125.000000 531.000000 0.000000 0.000000 45.970832
1 7.838819 10.000000 2.971738 0.396790 2.092524 1.213250 360.000000 10.000000 89.000000 819.000000 0.000000 0.000000 58.372136
1 2.558154 10.000000 1.615661 0.045395 0.269838 0.479940 171.000000 10.000000 38.000000 193.000000 0.000000 0.000000 48.505950
1 11.135252 10.000000 2.213791 0.720038 4.209975 1.745410 638.000000 10.000000 58.000000 4216.000000 0.000000 0.000000 45.836090
1 20.381130 10.000000 2.808159 1.064684 6.818394 6.036393 1113.000000 10.000000 433.000000 2600.000000 0.000000 0.000000 67.347448
1 9.319518 10.000000 1.602685 0.630179 3.402935 1.892016 609.000000 10.000000 82.000000 1559.000000 0.000000 0.000000 55.826713
1 28.011173 10.000000 1.367577 2.252521 12.926045 4.281413 1598.000000 10.000000 1051.000000 6163.000000 0.000000 0.000000 52.689940
1 5.562020 10.000000 2.206348 0.176121 1.023525 1.576101 501.000000 10.000000 76.000000 843.000000 0.000000 0.000000 58.133833
1 15.114831 10.000000 1.647993 1.049039 5.970730 3.115650 793.000000 10.000000 314.000000 2301.000000 0.000000 0.000000 51.132415
1 6.957243 10.000000 2.234568 0.225416 1.329066 2.393349 621.000000 10.000000 46.000000 1752.000000 0.000000 0.000000 68.608536
1 3.544800 10.000000 1.229424 0.159592 1.059814 0.588099 230.000000 10.000000 103.000000 727.000000 0.000000 0.000000 51.003219
1 6.288386 10.000000 1.865057 0.302527 1.769566 1.394497 524.000000 10.000000 95.000000 1789.000000 0.000000 0.000000 50.429599
1 7.148576 10.000000 1.866341 0.314753 1.840105 2.031871 752.000000 10.000000 185.000000 1490.000000 0.000000 0.000000 74.129049
1 5.816727 10.000000 1.786685 0.264415 1.586140 1.296187 470.000000 10.000000 35.000000 1190.000000 0.000000 0.000000 63.624894
0 77.079893 10.000000 1.974970 4.934642 29.586707 12.371429 4607.000000 10.000000 506.000000 27944.000000 0.000000 0.000000 -1.000000
1 10.488437 10.000000 1.191564 0.834006 4.542934 1.554410 504.000000 10.000000 237.000000 2135.000000 0.000000 0.000000 68.596687
1 13.523117 10.000000 1.838468 0.914837 5.420251 2.305492 869.000000 10.000000 187.000000 4816.000000 0.000000 0.000000 54.784526
1 20.821673 10.000000 1.630597 1.611098 8.920598 3.802840 1415.000000 10.000000 245.000000 5048.000000 0.000000 0.000000 81.612332
0 76.231816 10.000000 1.213729 10.810097 33.422972 0.764819 322.000000 10.000000 89.000000 565158.000000 0.000000 0.000000 -1.000000
