1 0.719285 1.000000 0.716696 0.001385 0.000563 0.000018 4.000000 2.000000 0.000000 0.000000 0.000000 1.000000 17.460797
1 1.251094 1.000000 1.240860 0.005909 0.002101 0.000012 3.000000 2.000000 0.000000 27.000000 0.000000 1.000000 17.275964
1 0.734209 1.000000 0.726622 0.004123 0.001685 0.000013 3.000000 2.000000 0.000000 11.000000 0.000000 1.000000 16.990813
1 0.713016 1.000000 0.694632 0.009196 0.004521 0.000023 6.000000 2.000000 0.000000 19.000000 0.000000 1.000000 15.413559
1 0.689632 1.000000 0.687209 0.001378 0.000498 0.000012 3.000000 2.000000 0.000000 0.000000 0.000000 1.000000 14.314969
1 1.187204 1.000000 1.181042 0.003378 0.001381 0.000017 3.000000 2.000000 0.000000 0.000000 0.000000 1.000000 18.590648
1 1.559032 1.000000 1.551115 0.004274 0.001811 0.000029 5.000000 2.000000 0.000000 1.000000 0.000000 1.000000 14.661299
1 1.494178 1.000000 1.485862 0.004654 0.001861 0.000023 4.000000 2.000000 0.000000 1.000000 0.000000 1.000000 18.808700
1 1.296309 1.000000 1.291924 0.002272 0.001005 0.000016 3.000000 2.000000 0.000000 0.000000 0.000000 1.000000 18.629371
1 1.253892 1.000000 1.244451 0.005231 0.002208 0.000019 3.000000 2.000000 0.000000 7.000000 0.000000 1.000000 14.661443
1 2.327509 1.000000 2.321018 0.003384 0.001520 0.000014 4.000000 2.000000 0.000000 8.000000 0.000000 1.000000 16.830345
1 0.695043 1.000000 0.692595 0.001388 0.000523 0.000012 3.000000 2.000000 0.000000 0.000000 0.000000 1.000000 15.965427
1 0.728843 1.000000 0.722402 0.003926 0.001385 0.000011 3.000000 2.000000 0.000000 16.000000 0.000000 1.000000 16.218590
1 0.697145 1.000000 0.691123 0.003542 0.001349 0.000010 3.000000 2.000000 0.000000 9.000000 0.000000 1.000000 15.247503
1 0.726701 1.000000 0.721031 0.003043 0.001288 0.000021 4.000000 2.000000 0.000000 0.000000 0.000000 1.000000 17.145648
1 1.256007 1.000000 1.248791 0.004275 0.001553 0.000015 4.000000 2.000000 0.000000 10.000000 0.000000 1.000000 32.322611
1 1.201228 1.000000 1.194564 0.003653 0.001469 0.000023 3.000000 2.000000 0.000000 0.000000 0.000000 1.000000 12.762600
1 1.301549 1.000000 1.295308 0.003740 0.001277 0.000017 3.000000 2.000000 0.000000 11.000000 0.000000 1.000000 14.203790
1 0.834910 1.000000 0.832007 0.001624 0.000628 0.000013 3.000000 2.000000 0.000000 0.000000 0.000000 1.000000 13.465092
1 0.835895 1.000000 0.832623 0.001782 0.000717 0.000014 3.000000 2.000000 0.000000 0.000000 0.000000 1.000000 18.419316
1 0.817813 1.000000 0.806444 0.006213 0.002660 0.000013 3.000000 2.000000 0.000000 21.000000 0.000000 1.000000 18.500409
1 0.803072 1.000000 0.800304 0.001594 0.000571 0.000015 3.000000 2.000000 0.000000 0.000000 0.000000 1.000000 11.342879
1 0.805583 1.000000 0.802692 0.001620 0.000599 0.000016 4.000000 2.000000 0.000000 0.000000 0.000000 1.000000 13.691672
1 0.874573 1.000000 0.867868 0.003772 0.001547 0.000013 3.000000 2.000000 0.000000 6.000000 0.000000 1.000000 17.283543
1 1.986563 1.000000 1.981978 0.002296 0.001105 0.000018 5.000000 2.000000 0.000000 5.000000 0.000000 1.000000 31.123558
1 0.677866 1.000000 0.667614 0.005778 0.002359 0.000012 3.000000 2.000000 0.000000 12.000000 0.000000 1.000000 13.924525
1 0.720107 1.000000 0.714634 0.002843 0.001319 0.000011 3.000000 2.000000 0.000000 3.000000 0.000000 1.000000 19.161997
1 0.761436 1.000000 0.757628 0.002222 0.000868 0.000014 3.000000 2.000000 0.000000 10.000000 0.000000 1.000000 16.083980
1 0.729955 1.000000 0.727459 0.001348 0.000543 0.000014 3.000000 2.000000 0.000000 0.000000 0.000000 1.000000 15.610493
1 0.712872 1.000000 0.710636 0.001243 0.000466 0.000015 3.000000 2.000000 0.000000 0.000000 0.000000 1.000000 11.820392
1 0.721804 1.000000 0.717232 0.002426 0.001065 0.000014 3.000000 2.000000 0.000000 1.000000 0.000000 1.000000 15.479206
1 3.130176 1.000000 3.118113 0.006500 0.002794 0.000028 4.000000 2.000000 0.000000 2.000000 0.000000 1.000000 17.777486
1 1.445732 1.000000 1.443494 0.001232 0.000470 0.000014 3.000000 2.000000 0.000000 0.000000 0.000000 1.000000 12.107698
1 1.294582 1.000000 1.288856 0.002987 0.001425 0.000019 3.000000 2.000000 0.000000 0.000000 0.000000 1.000000 16.141257
1 1.268763 1.000000 1.263718 0.002797 0.001107 0.000016 3.000000 2.000000 0.000000 0.000000 0.000000 1.000000 16.824546
1 1.165294 1.000000 1.161355 0.002122 0.000875 0.000020 4.000000 2.000000 0.000000 0.000000 0.000000 1.000000 17.020649
1 0.862480 1.000000 0.857804 0.002470 0.001057 0.000017 3.000000 2.000000 0.000000 0.000000 0.000000 1.000000 32.809929
1 0.839883 1.000000 0.834244 0.003184 0.001259 0.000017 3.000000 2.000000 0.000000 7.000000 0.000000 1.000000 25.101495
1 1.739669 1.000000 1.736528 0.001584 0.000747 0.000022 4.000000 2.000000 0.000000 0.000000 0.000000 1.000000 14.914980
1 1.128988 1.000000 1.117659 0.006256 0.002584 0.000037 5.000000 2.000000 0.000000 2.000000 0.000000 1.000000 15.618126
1 1.305373 1.000000 1.302325 0.001651 0.000681 0.000015 4.000000 2.000000 0.000000 0.000000 0.000000 1.000000 20.909371
1 1.259114 1.000000 1.251728 0.004137 0.001695 0.000019 4.000000 2.000000 0.000000 2.000000 0.000000 1.000000 27.312064
1 0.975360 1.000000 0.951664 0.011924 0.005556 0.000016 4.000000 2.000000 0.000000 16.000000 0.000000 1.000000 17.403639
1 0.729856 1.000000 0.724486 0.002907 0.001262 0.000016 4.000000 2.000000 0.000000 7.000000 0.000000 1.000000 15.054757
1 0.755971 1.000000 0.753146 0.001546 0.000617 0.000014 3.000000 2.000000 0.000000 0.000000 0.000000 1.000000 17.431730
1 0.717848 1.000000 0.714810 0.001829 0.000576 0.000016 3.000000 2.000000 0.000000 0.000000 0.000000 1.000000 15.407989
1 0.709179 1.000000 0.706075 0.001738 0.000676 0.000013 3.000000 2.000000 0.000000 0.000000 0.000000 1.000000 17.025070
1 0.982953 1.000000 0.975588 0.004065 0.001641 0.000018 3.000000 2.000000 0.000000 2.000000 0.000000 1.000000 18.168373
1 1.274895 1.000000 1.238361 0.018348 0.008892 0.000021 4.000000 2.000000 0.000000 19.000000 0.000000 1.000000 18.593641
1 2.093473 1.000000 2.088715 0.002538 0.001145 0.000017 5.000000 2.000000 0.000000 1.000000 0.000000 1.000000 20.284358
1 0.731011 1.000000 0.724280 0.003782 0.001543 0.000031 3.000000 2.000000 0.000000 10.000000 0.000000 1.000000 28.144921
1 0.726724 1.000000 0.713937 0.006801 0.002892 0.000015 4.000000 2.000000 0.000000 16.000000 0.000000 1.000000 15.854042
1 0.730898 1.000000 0.723501 0.004053 0.001652 0.000021 5.000000 2.000000 0.000000 9.000000 0.000000 1.000000 15.778415
1 0.753337 1.000000 0.749253 0.002135 0.000958 0.000017 4.000000 2.000000 0.000000 7.000000 0.000000 1.000000 19.699476
1 0.724384 1.000000 0.720197 0.002155 0.000997 0.000013 3.000000 2.000000 0.000000 1.000000 0.000000 1.000000 16.298842
1 1.111619 1.000000 1.095229 0.008619 0.003610 0.000017 5.000000 2.000000 0.000000 16.000000 0.000000 1.000000 35.200430
1 0.726707 1.000000 0.698169 0.015250 0.006569 0.000013 4.000000 2.000000 0.000000 22.000000 0.000000 1.000000 15.683070
1 0.686837 1.000000 0.680446 0.003385 0.001501 0.000014 3.000000 2.000000 0.000000 7.000000 0.000000 1.000000 18.734703
1 0.689141 1.000000 0.685697 0.001808 0.000814 0.000014 4.000000 2.000000 0.000000 4.000000 0.000000 1.000000 15.396413
1 0.694927 1.000000 0.692251 0.001466 0.000590 0.000010 4.000000 2.000000 0.000000 0.000000 0.000000 1.000000 17.751450
1 0.759870 2.000000 0.705363 0.028490 0.012475 0.001028 15.000000 2.000000 11.000000 4.000000 0.000000 1.000000 59.230154
1 2.039541 2.000000 1.202560 0.447859 0.199441 0.002824 47.000000 2.000000 46.000000 384.000000 0.000000 1.000000 47.758584
1 5.116974 2.000000 0.717571 2.382506 0.978071 0.004086 42.000000 2.000000 166.000000 658.000000 0.000000 1.000000 70.467202
1 2.255593 2.000000 1.266330 0.522764 0.222900 0.003297 29.000000 2.000000 78.000000 147.000000 0.000000 1.000000 64.145884
1 1.677470 2.000000 1.268989 0.225252 0.090424 0.001534 16.000000 2.000000 23.000000 100.000000 0.000000 1.000000 48.958435
1 1.960690 2.000000 0.715765 0.672184 0.270741 0.004722 249.000000 2.000000 105.000000 278.000000 0.000000 1.000000 74.878995
1 1.450905 2.000000 0.702109 0.390495 0.165489 0.003347 141.000000 2.000000 43.000000 178.000000 0.000000 1.000000 117.473465
1 2.610567 2.000000 0.992032 0.884896 0.357125 0.004791 124.000000 2.000000 107.000000 208.000000 0.000000 1.000000 77.040277
1 1.994039 2.000000 1.928766 0.032132 0.014393 0.002659 122.000000 2.000000 6.000000 27.000000 0.000000 1.000000 57.437689
1 1.272708 2.000000 0.704373 0.295928 0.130680 0.001623 30.000000 2.000000 80.000000 110.000000 0.000000 1.000000 74.334103
1 6.769975 2.000000 1.218545 2.869950 1.207241 0.002177 35.000000 2.000000 470.000000 591.000000 0.000000 1.000000 71.957346
1 2.669365 2.000000 1.216485 0.726657 0.339633 0.006585 275.000000 2.000000 157.000000 360.000000 0.000000 1.000000 89.254482
1 1.392964 2.000000 0.730283 0.348472 0.146719 0.002085 40.000000 2.000000 120.000000 189.000000 0.000000 1.000000 77.791417
1 2.659623 2.000000 1.155832 0.783186 0.327031 0.025676 1890.000000 2.000000 199.000000 284.000000 0.000000 1.000000 98.215829
1 4.209358 2.000000 0.703251 1.836425 0.767046 0.005136 251.000000 2.000000 322.000000 1113.000000 0.000000 1.000000 55.935843
1 3.137409 2.000000 1.726918 0.719483 0.322170 0.005567 160.000000 2.000000 107.000000 288.000000 0.000000 1.000000 48.931015
1 1.963926 2.000000 0.666249 0.668456 0.288530 0.019542 1469.000000 2.000000 211.000000 274.000000 0.000000 1.000000 77.323038
1 1.314632 2.000000 0.763383 0.288788 0.120945 0.001985 28.000000 2.000000 66.000000 199.000000 0.000000 1.000000 63.656950
1 1.245640 2.000000 0.781996 0.245744 0.101649 0.005542 320.000000 2.000000 102.000000 54.000000 0.000000 1.000000 67.304715
1 3.327707 2.000000 0.733397 1.391481 0.557512 0.001974 25.000000 2.000000 210.000000 463.000000 0.000000 1.000000 56.285834
0 75.652615 2.000000 0.645695 20.817889 7.774826 0.007654 455.000000 2.000000 80.000000 329139.000000 0.000000 1.000000 -1.000000
1 2.060710 2.000000 1.166042 0.452786 0.199210 0.017678 1266.000000 2.000000 200.000000 153.000000 0.000000 1.000000 118.507539
1 6.544622 2.000000 0.736063 2.971484 1.310354 0.004482 85.000000 2.000000 347.000000 1322.000000 0.000000 1.000000 69.201117
1 3.608805 2.000000 1.371896 1.196029 0.496934 0.006972 141.000000 2.000000 151.000000 454.000000 0.000000 1.000000 57.644263
1 2.926457 2.000000 1.174326 0.909627 0.392102 0.004573 157.000000 2.000000 168.000000 704.000000 0.000000 1.000000 127.373620
1 1.074402 2.000000 0.713355 0.190411 0.082685 0.006086 405.000000 2.000000 75.000000 85.000000 0.000000 1.000000 50.973194
1 3.938965 2.000000 0.706157 1.743635 0.710295 0.004003 54.000000 2.000000 259.000000 672.000000 0.000000 1.000000 59.733950
1 5.927423 2.000000 2.576898 1.724238 0.762991 0.006640 98.000000 2.000000 557.000000 943.000000 0.000000 1.000000 120.674884
1 2.264003 2.000000 1.069496 0.605853 0.268075 0.016816 1242.000000 2.000000 229.000000 151.000000 0.000000 1.000000 65.083904
1 1.445832 2.000000 1.208093 0.123484 0.053449 0.003965 199.000000 2.000000 45.000000 32.000000 0.000000 1.000000 66.308248
1 1.927495 2.000000 0.732460 0.626202 0.263987 0.005420 223.000000 2.000000 101.000000 333.000000 0.000000 1.000000 71.067760
1 5.418786 2.000000 1.360114 2.121413 0.913651 0.026849 1113.000000 2.000000 210.000000 377.000000 0.000000 1.000000 130.863859
1 4.420518 2.000000 2.161076 1.184215 0.510756 0.002662 29.000000 2.000000 165.000000 356.000000 0.000000 1.000000 60.068872
1 1.985713 2.000000 1.800418 0.097133 0.041217 0.002247 29.000000 2.000000 25.000000 43.000000 0.000000 1.000000 64.897627
1 1.971910 2.000000 1.307799 0.334640 0.152801 0.005686 328.000000 2.000000 59.000000 191.000000 0.000000 1.000000 79.347079
1 2.634871 2.000000 0.675464 1.015018 0.433586 0.014436 1092.000000 2.000000 345.000000 495.000000 0.000000 1.000000 119.181216
1 2.542999 2.000000 1.203498 0.702773 0.303509 0.002912 43.000000 2.000000 80.000000 393.000000 0.000000 1.000000 101.047771
1 1.272511 2.000000 0.741799 0.287948 0.116695 0.002193 28.000000 2.000000 83.000000 106.000000 0.000000 1.000000 57.278705
1 0.984176 2.000000 0.689475 0.145586 0.068058 0.001623 24.000000 2.000000 45.000000 152.000000 0.000000 1.000000 63.439523
1 1.908105 2.000000 0.688146 0.653669 0.272195 0.001716 42.000000 2.000000 103.000000 281.000000 0.000000 1.000000 67.292125
1 1.848770 2.000000 1.126643 0.367798 0.165092 0.002573 87.000000 2.000000 63.000000 133.000000 0.000000 1.000000 56.050389
1 4.815657 2.000000 0.762304 2.104755 0.887273 0.002177 31.000000 2.000000 496.000000 1157.000000 0.000000 1.000000 52.503145
1 4.399113 2.000000 0.647412 2.003084 0.817894 0.007650 454.000000 2.000000 417.000000 1019.000000 0.000000 1.000000 114.100533
1 6.918227 2.000000 0.720580 3.290226 1.367862 0.002739 31.000000 2.000000 679.000000 1039.000000 0.000000 1.000000 51.209999
1 2.923942 2.000000 1.277845 0.855560 0.376698 0.052076 2227.000000 2.000000 143.000000 133.000000 0.000000 1.000000 115.989875
1 1.731331 2.000000 0.858101 0.463247 0.196167 0.001935 42.000000 2.000000 71.000000 138.000000 0.000000 1.000000 61.946373
1 6.697528 2.000000 0.733885 3.150035 1.305752 0.075107 4211.000000 2.000000 661.000000 1506.000000 0.000000 1.000000 67.093312
1 2.029306 2.000000 1.222333 0.413206 0.183462 0.001763 24.000000 2.000000 96.000000 280.000000 0.000000 1.000000 68.761251
1 0.847314 2.000000 0.715439 0.068321 0.030605 0.001687 37.000000 2.000000 29.000000 28.000000 0.000000 1.000000 67.095932
1 3.990861 2.000000 0.747099 1.730416 0.715308 0.036289 1554.000000 2.000000 359.000000 447.000000 0.000000 1.000000 95.861818
1 1.995441 2.000000 1.060911 0.502600 0.203887 0.001664 25.000000 2.000000 75.000000 169.000000 0.000000 1.000000 60.832344
1 1.189288 2.000000 0.720742 0.245994 0.106203 0.001926 32.000000 2.000000 83.000000 102.000000 0.000000 1.000000 46.579470
1 3.026762 2.000000 0.717227 1.157554 0.513596 0.001668 22.000000 2.000000 268.000000 505.000000 0.000000 1.000000 50.114128
1 2.709073 2.000000 0.668116 1.068975 0.449010 0.002126 31.000000 2.000000 154.000000 520.000000 0.000000 1.000000 55.327421
1 3.765249 2.000000 0.693334 1.628458 0.658176 0.013466 846.000000 2.000000 297.000000 741.000000 0.000000 1.000000 61.742600
1 1.867325 2.000000 1.473865 0.211829 0.086645 0.002521 21.000000 2.000000 11.000000 75.000000 0.000000 1.000000 67.432817
1 2.032003 2.000000 1.513021 0.265540 0.117232 0.003191 25.000000 2.000000 30.000000 64.000000 0.000000 1.000000 64.169583
1 3.441358 2.000000 1.238151 1.203504 0.474601 0.003538 28.000000 2.000000 97.000000 295.000000 0.000000 1.000000 47.344484
1 0.934524 2.000000 0.864796 0.034145 0.014593 0.004768 244.000000 2.000000 13.000000 9.000000 0.000000 1.000000 45.618715
1 3.563470 2.000000 0.737220 1.441593 0.636649 0.002578 37.000000 2.000000 206.000000 643.000000 0.000000 1.000000 57.140315
1 4.963553 4.000000 1.543293 1.665660 0.878955 0.055726 285.000000 2.000000 263.000000 784.000000 0.000000 1.000000 140.314759
1 8.185887 4.000000 0.728434 3.922747 1.830542 0.037158 125.000000 2.000000 1012.000000 1488.000000 0.000000 1.000000 70.195193
1 5.202743 4.000000 2.193375 1.528724 0.742380 0.033292 152.000000 2.000000 401.000000 731.000000 0.000000 1.000000 114.346192
1 17.482286 4.000000 1.193419 8.295822 4.041251 0.062505 268.000000 2.000000 852.000000 3457.000000 0.000000 1.000000 165.000997
1 2.516686 4.000000 1.248304 0.617492 0.310654 0.048542 240.000000 2.000000 208.000000 361.000000 0.000000 1.000000 92.013922
1 6.311656 4.000000 1.224685 2.626669 1.233663 0.047508 235.000000 2.000000 835.000000 1734.000000 0.000000 1.000000 65.288196
1 9.992438 4.000000 1.223024 4.403516 2.201811 0.056218 294.000000 2.000000 1157.000000 1959.000000 0.000000 1.000000 114.779989
1 22.835877 4.000000 2.340925 10.585193 4.885300 0.112234 428.000000 2.000000 2043.000000 4517.000000 0.000000 1.000000 69.895582
1 1.547307 4.000000 1.191977 0.178316 0.084503 0.017910 103.000000 2.000000 101.000000 18.000000 0.000000 1.000000 102.317564
1 5.120762 4.000000 0.711901 2.315009 1.065101 0.025169 140.000000 2.000000 600.000000 927.000000 0.000000 1.000000 194.119255
1 12.795334 4.000000 1.602460 5.628620 2.709878 0.135294 478.000000 2.000000 474.000000 2121.000000 0.000000 1.000000 153.534455
1 7.033736 4.000000 1.931667 2.584346 1.288524 0.041833 194.000000 2.000000 454.000000 1030.000000 0.000000 1.000000 113.870218
1 4.891506 4.000000 1.504172 1.685809 0.835768 0.041686 216.000000 2.000000 504.000000 798.000000 0.000000 1.000000 124.489044
1 4.201643 4.000000 1.660655 1.300124 0.619476 0.030483 154.000000 2.000000 403.000000 382.000000 0.000000 1.000000 80.395806
1 3.139843 4.000000 2.289649 0.405696 0.209923 0.035784 160.000000 2.000000 77.000000 193.000000 0.000000 1.000000 97.378868
1 4.720431 4.000000 1.256152 1.776485 0.848993 0.056224 142.000000 2.000000 230.000000 510.000000 0.000000 1.000000 91.332170
1 15.474915 4.000000 2.326610 6.735990 3.237275 0.067941 253.000000 2.000000 1788.000000 2287.000000 0.000000 1.000000 72.224858
1 13.993603 4.000000 1.132266 6.519843 3.153846 0.056292 245.000000 2.000000 1820.000000 3042.000000 0.000000 1.000000 80.999439
1 7.047881 4.000000 0.654237 3.340392 1.551084 0.029257 149.000000 2.000000 983.000000 1729.000000 0.000000 1.000000 98.804642
1 13.032112 4.000000 2.439723 5.344417 2.575707 0.091488 302.000000 2.000000 722.000000 1825.000000 0.000000 1.000000 125.339251
1 6.628349 4.000000 4.639313 0.952411 0.471730 0.091398 399.000000 2.000000 186.000000 591.000000 0.000000 1.000000 171.778174
1 22.682373 4.000000 3.208216 9.658497 4.713700 0.137447 504.000000 2.000000 2055.000000 4295.000000 0.000000 1.000000 110.931364
1 2.586105 4.000000 1.144674 0.734823 0.362755 0.012020 67.000000 2.000000 157.000000 259.000000 0.000000 1.000000 82.912278
1 3.295774 4.000000 0.740868 1.321199 0.623074 0.025809 130.000000 2.000000 247.000000 742.000000 0.000000 1.000000 67.727678
1 3.302382 4.000000 1.177623 1.077982 0.528383 0.024718 133.000000 2.000000 383.000000 453.000000 0.000000 1.000000 111.224699
1 15.373825 4.000000 0.764474 7.396953 3.662461 0.071505 245.000000 2.000000 1348.000000 2645.000000 0.000000 1.000000 57.301738
1 3.758780 4.000000 1.170031 1.291745 0.643427 0.015571 88.000000 2.000000 447.000000 474.000000 0.000000 1.000000 74.529987
1 16.641429 4.000000 1.222919 7.839533 3.805140 0.065968 255.000000 2.000000 995.000000 3078.000000 0.000000 1.000000 96.881023
1 4.921644 4.000000 0.650284 2.244624 1.041950 0.021781 123.000000 2.000000 589.000000 1064.000000 0.000000 1.000000 62.788150
1 9.483956 4.000000 1.254784 4.346394 1.943854 0.040406 200.000000 2.000000 1143.000000 1582.000000 0.000000 1.000000 141.196164
1 8.503674 4.000000 1.224153 3.612133 1.787864 0.077701 213.000000 2.000000 443.000000 838.000000 0.000000 1.000000 63.438331
1 7.281519 4.000000 1.637840 2.934001 1.354121 0.085604 366.000000 2.000000 869.000000 960.000000 0.000000 1.000000 74.128213
1 3.798410 4.000000 1.297071 1.303359 0.625366 0.019558 87.000000 2.000000 259.000000 316.000000 0.000000 1.000000 118.591255
1 3.475824 4.000000 2.062703 0.680104 0.341191 0.049600 246.000000 2.000000 193.000000 353.000000 0.000000 1.000000 209.743892
1 6.402749 4.000000 1.587094 2.424025 1.205342 0.043588 175.000000 2.000000 730.000000 778.000000 0.000000 1.000000 117.645019
1 12.759616 4.000000 2.572464 5.096360 2.549879 0.061544 243.000000 2.000000 514.000000 1563.000000 0.000000 1.000000 147.989960
1 25.034185 4.000000 1.422728 12.002600 5.728840 0.101896 437.000000 2.000000 2943.000000 7359.000000 0.000000 1.000000 209.975085
1 4.016262 4.000000 1.246300 1.448305 0.667993 0.028000 155.000000 2.000000 304.000000 630.000000 0.000000 1.000000 130.873517
1 13.683934 4.000000 1.186602 6.367732 3.110723 0.048254 170.000000 2.000000 896.000000 1438.000000 0.000000 1.000000 85.712903
1 2.283525 4.000000 1.438884 0.407224 0.207785 0.026317 112.000000 2.000000 159.000000 210.000000 0.000000 1.000000 88.074073
1 2.687360 4.000000 1.626717 0.511351 0.257766 0.026927 143.000000 2.000000 114.000000 302.000000 0.000000 1.000000 117.804476
1 5.063851 4.000000 0.697526 2.324551 1.053209 0.020755 106.000000 2.000000 441.000000 932.000000 0.000000 1.000000 57.056768
1 6.458507 4.000000 1.612772 2.477320 1.186376 0.033620 189.000000 2.000000 502.000000 875.000000 0.000000 1.000000 177.132534
1 5.414522 4.000000 0.748567 2.465972 1.150859 0.029927 104.000000 2.000000 529.000000 506.000000 0.000000 1.000000 105.138396
1 8.729292 4.000000 3.096748 2.922086 1.302379 0.083067 296.000000 2.000000 488.000000 1533.000000 0.000000 1.000000 108.653630
1 2.753875 4.000000 1.166931 0.818783 0.393392 0.017634 104.000000 2.000000 210.000000 270.000000 0.000000 1.000000 80.879015
1 1.742259 4.000000 1.176616 0.284181 0.142510 0.008740 47.000000 2.000000 103.000000 110.000000 0.000000 1.000000 80.818354
1 2.829034 4.000000 1.231279 0.790417 0.412993 0.020011 101.000000 2.000000 269.000000 310.000000 0.000000 1.000000 85.528437
1 8.863302 4.000000 1.211573 3.938029 1.836378 0.067598 320.000000 2.000000 1046.000000 2063.000000 0.000000 1.000000 168.504051
1 11.940665 4.000000 1.554912 5.370640 2.561997 0.038638 139.000000 2.000000 651.000000 2034.000000 0.000000 1.000000 132.443910
1 3.962002 4.000000 0.857757 1.621658 0.748787 0.035349 173.000000 2.000000 456.000000 750.000000 0.000000 1.000000 68.143530
1 6.192440 4.000000 0.759143 2.766770 1.286711 0.162363 423.000000 2.000000 531.000000 952.000000 0.000000 1.000000 88.643078
1 6.109727 4.000000 1.464796 2.451534 1.128740 0.034117 114.000000 2.000000 288.000000 693.000000 0.000000 1.000000 93.523839
1 4.672817 4.000000 1.432045 1.654021 0.804531 0.018216 88.000000 2.000000 378.000000 720.000000 0.000000 1.000000 103.555238
1 2.762504 4.000000 1.150298 0.803472 0.403873 0.012695 69.000000 2.000000 119.000000 255.000000 0.000000 1.000000 63.788607
1 25.043778 4.000000 0.759841 12.936029 5.732320 0.069951 287.000000 2.000000 1342.000000 6111.000000 0.000000 1.000000 113.558803
1 9.109256 4.000000 1.598643 3.795451 1.878489 0.072718 277.000000 2.000000 472.000000 1518.000000 0.000000 1.000000 111.227731
1 5.210645 4.000000 2.284671 1.527433 0.701346 0.036455 118.000000 2.000000 156.000000 481.000000 0.000000 1.000000 110.439181
1 4.598735 4.000000 1.256599 1.687719 0.834621 0.020943 117.000000 2.000000 420.000000 1197.000000 0.000000 1.000000 98.204404
1 5.994745 4.000000 0.703744 2.780033 1.285521 0.023213 125.000000 2.000000 792.000000 1795.000000 0.000000 1.000000 51.814006
1 28.701466 6.000000 1.776264 13.582345 6.862926 0.271750 613.000000 2.000000 2281.000000 4441.000000 0.000000 1.000000 101.712242
1 16.376565 6.000000 3.411035 6.458496 3.258697 0.256841 590.000000 2.000000 978.000000 2915.000000 0.000000 1.000000 106.706820
1 22.794790 6.000000 3.507361 9.006095 4.569007 0.776329 1831.000000 2.000000 2392.000000 4441.000000 0.000000 1.000000 293.360613
1 53.025413 6.000000 0.705247 26.797267 12.894801 0.331428 915.000000 2.000000 3686.000000 6975.000000 0.000000 1.000000 125.624287
1 21.418534 6.000000 1.498220 9.709979 5.018283 0.241480 667.000000 2.000000 1372.000000 3656.000000 0.000000 1.000000 160.355614
1 18.524624 6.000000 1.261180 8.608835 4.330569 0.184905 518.000000 2.000000 1727.000000 3750.000000 0.000000 1.000000 98.690387
0 76.434815 6.000000 1.429594 43.657125 7.603083 0.229754 563.000000 2.000000 2108.000000 258929.000000 0.000000 1.000000 -1.000000
1 16.162551 6.000000 1.244107 7.654067 3.722963 0.139312 346.000000 2.000000 864.000000 2518.000000 0.000000 1.000000 88.748616
1 32.043043 6.000000 2.140452 15.084748 7.374774 0.293883 792.000000 2.000000 2909.000000 6784.000000 0.000000 1.000000 174.217192
1 26.948220 6.000000 2.356803 11.391932 6.155891 0.788586 1878.000000 2.000000 1450.000000 3768.000000 0.000000 1.000000 236.199077
1 26.036242 6.000000 1.693400 12.155849 6.155642 0.432563 950.000000 2.000000 3126.000000 3735.000000 0.000000 1.000000 145.255044
1 20.124866 6.000000 1.505533 9.249046 4.739326 0.283675 548.000000 2.000000 1409.000000 2325.000000 0.000000 1.000000 115.491195
1 43.072677 6.000000 2.161166 20.841446 10.265780 0.261264 441.000000 2.000000 3399.000000 5133.000000 0.000000 1.000000 163.114330
1 23.105621 6.000000 2.890034 10.096886 5.047855 0.277101 468.000000 2.000000 1156.000000 3290.000000 0.000000 1.000000 133.570049
1 33.851992 6.000000 2.333020 15.780412 8.034081 0.290592 1008.000000 2.000000 2381.000000 7591.000000 0.000000 1.000000 305.375604
1 46.667068 6.000000 1.172916 22.679764 11.511923 0.440044 1156.000000 2.000000 3754.000000 7357.000000 0.000000 1.000000 187.277145
1 5.422305 6.000000 1.585120 1.906076 0.967908 0.076013 231.000000 2.000000 530.000000 981.000000 0.000000 1.000000 79.006084
1 34.374991 6.000000 1.588369 15.766390 8.333612 0.462196 1094.000000 2.000000 3301.000000 8617.000000 0.000000 1.000000 163.508522
1 14.254995 6.000000 1.174282 6.574516 3.342872 0.137522 429.000000 2.000000 1706.000000 2740.000000 0.000000 1.000000 109.057757
1 43.570381 6.000000 1.264259 21.481502 10.390347 0.388079 835.000000 2.000000 3983.000000 7889.000000 0.000000 1.000000 98.046739
1 70.120696 6.000000 1.415053 34.475645 16.869373 0.490709 1412.000000 2.000000 4699.000000 15270.000000 0.000000 1.000000 265.335188
1 6.029416 6.000000 1.625906 2.169180 1.092778 0.126784 365.000000 2.000000 482.000000 948.000000 0.000000 1.000000 128.480463
0 76.358987 6.000000 1.169028 37.314958 19.092094 0.545419 1377.000000 2.000000 2085.000000 12971.000000 0.000000 1.000000 -1.000000
1 10.089028 6.000000 3.409434 3.101649 1.648714 0.350036 751.000000 2.000000 667.000000 794.000000 0.000000 1.000000 291.792203
1 28.882855 6.000000 1.241287 14.148719 6.998759 0.198546 496.000000 2.000000 2077.000000 4647.000000 0.000000 1.000000 151.408123
1 52.786057 6.000000 5.839930 21.091264 11.540692 1.968278 4400.000000 2.000000 1850.000000 7141.000000 0.000000 1.000000 361.061130
1 5.103235 6.000000 1.063957 2.094971 1.005652 0.064924 199.000000 2.000000 445.000000 924.000000 0.000000 1.000000 110.214835
1 37.947811 6.000000 1.186039 18.701694 9.474138 0.323026 914.000000 2.000000 2432.000000 8572.000000 0.000000 1.000000 209.392213
1 10.503520 6.000000 2.943262 3.737525 1.934413 0.212606 455.000000 2.000000 736.000000 1459.000000 0.000000 1.000000 128.574803
1 6.417458 6.000000 2.691749 1.804312 0.891088 0.175723 416.000000 2.000000 167.000000 731.000000 0.000000 1.000000 126.150089
1 48.777729 6.000000 2.841753 22.684291 11.836845 0.573096 1560.000000 2.000000 3423.000000 8922.000000 0.000000 1.000000 256.400227
1 11.615681 6.000000 1.560054 4.938434 2.615673 0.134227 423.000000 2.000000 976.000000 1802.000000 0.000000 1.000000 109.117566
1 40.157180 6.000000 1.139415 19.747148 9.987658 0.241240 616.000000 2.000000 3630.000000 4499.000000 0.000000 1.000000 173.826719
1 13.238137 6.000000 1.226964 6.090349 3.055593 0.174683 394.000000 2.000000 812.000000 1616.000000 0.000000 1.000000 162.219287
1 64.123117 6.000000 1.671203 30.681563 15.339801 1.024247 2418.000000 2.000000 3240.000000 9325.000000 0.000000 1.000000 214.836209
1 18.923144 6.000000 2.547437 8.382493 4.096450 0.201626 426.000000 2.000000 619.000000 2392.000000 0.000000 1.000000 206.324603
1 29.479764 6.000000 1.392772 13.898621 7.127738 0.319831 836.000000 2.000000 2902.000000 5059.000000 0.000000 1.000000 173.420190
1 35.801352 6.000000 2.205472 17.043334 8.274791 0.353027 840.000000 2.000000 2911.000000 6998.000000 0.000000 1.000000 211.831555
1 33.307707 6.000000 2.200386 15.861954 7.901770 0.219837 584.000000 2.000000 3541.000000 5024.000000 0.000000 1.000000 139.592528
1 74.549786 6.000000 1.188675 37.864059 18.487390 0.311229 748.000000 2.000000 4446.000000 11150.000000 0.000000 1.000000 100.204188
1 40.249032 6.000000 2.912946 18.574103 9.331562 0.619969 1351.000000 2.000000 2778.000000 5617.000000 0.000000 1.000000 270.114557
0 75.754512 6.000000 0.752873 43.114378 12.823168 0.120186 308.000000 2.000000 1560.000000 227645.000000 0.000000 1.000000 -1.000000
1 6.009341 6.000000 1.421193 2.359530 1.156971 0.056911 171.000000 2.000000 971.000000 736.000000 0.000000 1.000000 62.545697
1 16.920405 6.000000 2.270522 7.106519 3.556386 0.620047 1497.000000 2.000000 274.000000 2665.000000 0.000000 1.000000 266.775663
1 12.552532 6.000000 1.657565 5.395505 2.732424 0.217311 583.000000 2.000000 989.000000 2009.000000 0.000000 1.000000 149.783306
0 76.614941 6.000000 1.595730 25.712852 11.738595 0.596755 1337.000000 2.000000 2724.000000 38288.000000 0.000000 1.000000 -1.000000
1 24.830581 6.000000 1.545928 11.588557 5.976801 0.315605 913.000000 2.000000 2360.000000 4368.000000 0.000000 1.000000 228.254643
1 32.980617 6.000000 0.720546 16.969233 8.114838 0.169063 446.000000 2.000000 2597.000000 5308.000000 0.000000 1.000000 104.538578
1 22.168120 6.000000 1.246153 10.393976 5.352165 0.225160 555.000000 2.000000 2847.000000 3885.000000 0.000000 1.000000 90.331789
0 76.340758 6.000000 1.238447 38.172467 18.957752 0.523060 1233.000000 2.000000 3884.000000 13711.000000 0.000000 1.000000 -1.000000
1 45.023613 6.000000 1.179009 21.748439 11.323229 0.306020 752.000000 2.000000 1795.000000 6898.000000 0.000000 1.000000 151.679638
1 27.745162 6.000000 1.242509 13.471671 6.725740 0.287786 831.000000 2.000000 1513.000000 4370.000000 0.000000 1.000000 125.287895
1 32.033211 6.000000 1.640957 14.777684 7.510705 0.739008 1536.000000 2.000000 1716.000000 5659.000000 0.000000 1.000000 157.971524
0 76.667142 6.000000 1.661223 40.657289 13.359121 0.209771 538.000000 2.000000 803.000000 233317.000000 0.000000 1.000000 -1.000000
0 76.598861 6.000000 1.413684 38.754321 18.337617 0.652602 1503.000000 2.000000 3736.000000 12280.000000 0.000000 1.000000 -1.000000
1 28.028526 6.000000 3.013632 12.510871 6.290553 0.459450 756.000000 2.000000 568.000000 4340.000000 0.000000 1.000000 170.421145
0 76.408328 6.000000 1.117975 39.549957 17.753225 0.399295 1203.000000 2.000000 2476.000000 6958.000000 0.000000 1.000000 -1.000000
1 35.635621 6.000000 1.165676 17.724009 8.543671 0.227123 650.000000 2.000000 1803.000000 8955.000000 0.000000 1.000000 163.712915
1 48.220858 6.000000 1.183782 24.332493 11.560788 0.296161 746.000000 2.000000 4239.000000 9429.000000 0.000000 1.000000 192.978555
0 76.323546 8.000000 1.276979 37.396230 19.597361 0.731123 1371.000000 2.000000 3996.000000 9583.000000 0.000000 1.000000 -1.000000
1 15.238899 8.000000 1.733165 6.330936 3.417762 0.406695 919.000000 2.000000 1008.000000 3789.000000 0.000000 1.000000 171.279545
1 18.267173 8.000000 2.407899 7.484580 4.047567 0.557681 744.000000 2.000000 1414.000000 2128.000000 0.000000 1.000000 103.053487
0 77.261049 8.000000 1.986524 34.801156 18.997479 1.534645 2970.000000 2.000000 6316.000000 17692.000000 0.000000 1.000000 -1.000000
0 76.486906 8.000000 1.315777 37.568932 19.461933 0.387903 719.000000 2.000000 9443.000000 13148.000000 0.000000 1.000000 -1.000000
0 79.106085 8.000000 3.255039 35.960701 19.215510 1.943684 3275.000000 2.000000 5260.000000 9216.000000 0.000000 1.000000 -1.000000
0 76.892766 8.000000 1.727300 36.106258 18.791408 0.993422 1991.000000 2.000000 8638.000000 14262.000000 0.000000 1.000000 -1.000000
1 35.267612 8.000000 1.729955 16.996478 8.493448 0.601713 977.000000 2.000000 1723.000000 5034.000000 0.000000 1.000000 91.255356
1 65.773674 8.000000 2.353080 28.449431 15.270663 2.772028 4667.000000 2.000000 1768.000000 13260.000000 0.000000 1.000000 466.899196
1 24.980764 8.000000 1.627314 11.286338 5.895572 0.862841 1452.000000 2.000000 876.000000 3142.000000 0.000000 1.000000 294.364521
0 77.093311 8.000000 1.648536 36.758223 19.434393 0.917615 1613.000000 2.000000 5204.000000 12549.000000 0.000000 1.000000 -1.000000
1 61.808748 8.000000 2.296420 29.377482 15.599250 0.620063 929.000000 2.000000 4280.000000 7038.000000 0.000000 1.000000 158.938225
1 44.198014 8.000000 1.209191 21.408954 11.046184 0.398779 831.000000 2.000000 2362.000000 7009.000000 0.000000 1.000000 194.100303
1 70.749382 8.000000 1.672570 33.454835 16.897565 2.158374 3525.000000 2.000000 4237.000000 10712.000000 0.000000 1.000000 324.353436
0 77.303729 8.000000 2.187457 37.776130 19.437707 0.377364 668.000000 2.000000 10116.000000 12946.000000 0.000000 1.000000 -1.000000
1 19.146604 8.000000 1.470883 8.740379 4.572361 0.323066 687.000000 2.000000 3021.000000 2905.000000 0.000000 1.000000 81.569068
1 42.940558 8.000000 0.770184 21.487577 10.965769 0.225795 444.000000 2.000000 4370.000000 6797.000000 0.000000 1.000000 123.191340
1 26.645468 8.000000 0.714837 13.096912 6.588275 0.390953 783.000000 2.000000 2131.000000 4250.000000 0.000000 1.000000 227.757942
1 52.289959 8.000000 1.254952 25.891461 13.002159 0.576770 1102.000000 2.000000 3173.000000 6818.000000 0.000000 1.000000 150.372683
0 77.298621 8.000000 1.467431 38.068539 19.594107 0.948042 1813.000000 2.000000 2322.000000 9857.000000 0.000000 1.000000 -1.000000
1 3.964204 8.000000 2.114023 0.915266 0.473638 0.063212 137.000000 2.000000 174.000000 217.000000 0.000000 1.000000 85.266635
1 21.562860 8.000000 3.530313 8.733207 4.645869 0.547628 973.000000 2.000000 1370.000000 2814.000000 0.000000 1.000000 159.995951
0 75.726586 8.000000 0.723948 36.896927 19.303341 0.571525 1257.000000 2.000000 5728.000000 17310.000000 0.000000 1.000000 -1.000000
0 76.415790 8.000000 1.197209 37.169018 19.266107 0.788113 1709.000000 2.000000 5600.000000 15087.000000 0.000000 1.000000 -1.000000
1 3.393300 8.000000 1.673112 0.788760 0.435727 0.121900 247.000000 2.000000 296.000000 330.000000 0.000000 1.000000 68.513487
1 18.113941 8.000000 1.315767 8.182805 4.369114 0.374708 630.000000 2.000000 1739.000000 2209.000000 0.000000 1.000000 175.026353
1 12.424983 8.000000 1.705949 5.125391 2.697209 0.421128 530.000000 2.000000 914.000000 1032.000000 0.000000 1.000000 123.105359
1 14.547773 8.000000 1.305906 6.668253 3.362161 0.218085 524.000000 2.000000 1658.000000 3046.000000 0.000000 1.000000 156.068615
1 8.044160 8.000000 1.278320 3.275040 1.790582 0.169938 253.000000 2.000000 773.000000 676.000000 0.000000 1.000000 79.196139
1 30.700494 8.000000 3.076188 13.344503 7.082275 0.750338 1358.000000 2.000000 2269.000000 5006.000000 0.000000 1.000000 225.225883
0 76.659521 8.000000 1.287102 37.239549 18.988743 0.958248 1844.000000 2.000000 4652.000000 14113.000000 0.000000 1.000000 -1.000000
1 52.341239 8.000000 1.301603 25.792636 12.901052 0.395229 700.000000 2.000000 5892.000000 9904.000000 0.000000 1.000000 168.239922
1 25.775548 8.000000 2.963706 11.242136 5.695236 0.754962 1338.000000 2.000000 1215.000000 3487.000000 0.000000 1.000000 234.174960
1 9.067256 8.000000 1.551019 3.636127 1.892384 0.232731 549.000000 2.000000 718.000000 1583.000000 0.000000 1.000000 108.508471
0 77.019536 8.000000 1.995942 40.535178 6.718064 0.900427 1497.000000 2.000000 1248.000000 157172.000000 0.000000 1.000000 -1.000000
1 7.120494 8.000000 2.246712 2.360640 1.261917 0.182374 320.000000 2.000000 619.000000 722.000000 0.000000 1.000000 123.731447
1 70.951604 8.000000 1.973790 33.545860 16.907690 1.583761 2765.000000 2.000000 4345.000000 12692.000000 0.000000 1.000000 302.585037
0 76.867789 8.000000 1.751574 35.285512 18.308601 1.720272 2968.000000 2.000000 6496.000000 16308.000000 0.000000 1.000000 -1.000000
1 66.632473 8.000000 1.218920 32.667692 16.852527 0.582971 1271.000000 2.000000 4690.000000 13228.000000 0.000000 1.000000 243.670102
0 77.533225 8.000000 1.937640 35.109333 19.234124 2.996750 4508.000000 2.000000 1116.000000 9925.000000 0.000000 1.000000 -1.000000
1 4.141239 8.000000 0.722126 1.801166 0.871590 0.060958 166.000000 2.000000 138.000000 609.000000 0.000000 1.000000 119.605016
0 78.397379 8.000000 3.297084 34.524908 18.142278 2.779668 5255.000000 2.000000 1624.000000 11798.000000 0.000000 1.000000 -1.000000
0 77.562873 8.000000 2.343247 36.831422 18.955728 0.729212 1395.000000 2.000000 7997.000000 14544.000000 0.000000 1.000000 -1.000000
0 78.645528 8.000000 3.330314 35.789517 18.092458 1.734216 2933.000000 2.000000 4934.000000 11787.000000 0.000000 1.000000 -1.000000
1 19.564054 8.000000 2.866863 7.584317 3.983739 1.121070 1680.000000 2.000000 1932.000000 3281.000000 0.000000 1.000000 184.636081
1 62.377197 8.000000 2.782716 28.531401 14.437993 2.456037 3606.000000 2.000000 841.000000 10680.000000 0.000000 1.000000 443.273156
0 76.505300 8.000000 1.431580 38.637118 19.100536 0.564489 752.000000 2.000000 5516.000000 10495.000000 0.000000 1.000000 -1.000000
1 21.861053 8.000000 0.718260 10.651872 5.459621 0.276124 718.000000 2.000000 1412.000000 5037.000000 0.000000 1.000000 97.660814
0 76.624210 8.000000 1.618472 41.628058 10.696577 0.480446 880.000000 2.000000 625.000000 162632.000000 0.000000 1.000000 -1.000000
1 10.415890 8.000000 3.276444 3.274300 1.800914 0.513688 784.000000 2.000000 892.000000 1098.000000 0.000000 1.000000 154.470006
1 41.731117 8.000000 1.536549 20.168609 10.250689 0.779705 1330.000000 2.000000 4011.000000 6252.000000 0.000000 1.000000 156.284728
1 34.291538 8.000000 1.462121 16.233241 8.688031 0.471053 915.000000 2.000000 2168.000000 3941.000000 0.000000 1.000000 155.693690
1 20.368076 8.000000 1.988243 9.028667 4.671659 0.497322 1172.000000 2.000000 891.000000 3294.000000 0.000000 1.000000 130.360434
1 37.363486 8.000000 0.917113 18.481469 9.278120 0.400217 729.000000 2.000000 4344.000000 6084.000000 0.000000 1.000000 170.801424
0 76.965598 8.000000 1.668075 36.326183 19.036458 1.409225 2236.000000 2.000000 7724.000000 13535.000000 0.000000 1.000000 -1.000000
1 14.466453 8.000000 2.267249 5.754780 3.139900 0.462771 745.000000 2.000000 987.000000 1627.000000 0.000000 1.000000 132.091578
1 49.002673 8.000000 1.505251 22.886270 12.256791 0.926144 1771.000000 2.000000 4000.000000 7260.000000 0.000000 1.000000 164.692975
1 9.579358 8.000000 1.699990 3.867930 2.025152 0.218928 508.000000 2.000000 976.000000 1528.000000 0.000000 1.000000 184.363857
1 29.299292 10.000000 2.757757 13.337311 6.916204 0.490599 653.000000 2.000000 1010.000000 3586.000000 0.000000 1.000000 201.563943
0 77.245691 10.000000 1.700425 35.244396 19.646078 2.511979 3320.000000 2.000000 3309.000000 6360.000000 0.000000 1.000000 -1.000000
0 77.466816 10.000000 2.312269 35.841546 19.235052 1.840337 2643.000000 2.000000 4682.000000 11588.000000 0.000000 1.000000 -1.000000
1 11.460211 10.000000 1.392595 4.965168 2.664902 0.212843 305.000000 2.000000 377.000000 1067.000000 0.000000 1.000000 190.350868
0 77.198889 10.000000 1.291102 38.364963 19.494609 1.244119 1851.000000 2.000000 3988.000000 11527.000000 0.000000 1.000000 -1.000000
1 17.184500 10.000000 2.301024 7.295567 3.921770 0.419973 585.000000 2.000000 1150.000000 1588.000000 0.000000 1.000000 109.514032
1 43.871353 10.000000 1.631340 20.758397 11.130620 0.742536 1052.000000 2.000000 1893.000000 6185.000000 0.000000 1.000000 167.719671
1 72.868595 10.000000 3.717798 29.537718 16.520599 5.410846 5532.000000 2.000000 4179.000000 12348.000000 0.000000 1.000000 372.350563
1 42.427990 10.000000 2.843753 17.294923 9.898741 3.157221 3637.000000 2.000000 1402.000000 4235.000000 0.000000 1.000000 302.260317
0 76.697839 10.000000 1.365309 36.297897 19.849794 1.582294 1704.000000 2.000000 3885.000000 9222.000000 0.000000 1.000000 -1.000000
1 61.325887 10.000000 2.025309 27.523648 14.772901 3.244303 3929.000000 2.000000 2310.000000 8412.000000 0.000000 1.000000 346.937855
0 77.451129 10.000000 2.437911 37.699779 19.350889 0.923959 1042.000000 2.000000 4627.000000 11813.000000 0.000000 1.000000 -1.000000
1 34.891100 10.000000 2.365655 14.765469 7.952597 2.390036 3415.000000 2.000000 1255.000000 4911.000000 0.000000 1.000000 297.743280
1 18.375027 10.000000 4.518870 5.932328 3.333610 1.376145 1922.000000 2.000000 762.000000 2563.000000 0.000000 1.000000 199.832957
0 77.245958 10.000000 2.229051 34.933071 18.321039 4.010396 4391.000000 2.000000 2798.000000 14248.000000 0.000000 1.000000 -1.000000
1 42.050197 10.000000 1.660144 18.619114 10.581099 1.358477 1521.000000 2.000000 2753.000000 4286.000000 0.000000 1.000000 141.207685
1 31.176110 10.000000 3.924534 12.492261 6.874607 1.608652 2283.000000 2.000000 1398.000000 4611.000000 0.000000 1.000000 376.058704
0 77.221221 10.000000 1.772677 34.985517 19.188336 2.230328 2886.000000 2.000000 7282.000000 11893.000000 0.000000 1.000000 -1.000000
1 60.006766 10.000000 2.005349 25.571434 14.176585 3.968349 4004.000000 2.000000 3725.000000 11126.000000 0.000000 1.000000 306.551047
0 77.512356 10.000000 2.114876 36.779975 19.213475 1.565192 2132.000000 2.000000 8081.000000 10940.000000 0.000000 1.000000 -1.000000
1 75.698048 10.000000 3.197516 34.064044 18.072519 2.768527 3100.000000 2.000000 4988.000000 9057.000000 0.000000 1.000000 281.300712
1 56.421976 10.000000 1.338040 26.275336 14.430951 1.635916 1878.000000 2.000000 3502.000000 6684.000000 0.000000 1.000000 164.671954
1 13.493072 10.000000 4.349557 3.882821 2.277956 0.947415 1516.000000 2.000000 768.000000 1765.000000 0.000000 1.000000 185.175553
1 51.861423 10.000000 1.701942 23.330731 12.789874 1.903356 2569.000000 2.000000 5364.000000 7181.000000 0.000000 1.000000 221.009603
1 35.597751 10.000000 1.606633 16.440087 8.801461 0.982412 1355.000000 2.000000 2578.000000 6341.000000 0.000000 1.000000 159.175281
0 77.766745 10.000000 2.429668 34.390801 19.233816 2.795016 3729.000000 2.000000 6535.000000 10873.000000 0.000000 1.000000 -1.000000
0 79.011775 10.000000 3.677712 35.264085 19.669683 2.357566 3304.000000 2.000000 6730.000000 7596.000000 0.000000 1.000000 -1.000000
0 76.972601 10.000000 1.693763 35.854455 19.631668 1.896883 2083.000000 2.000000 3190.000000 9769.000000 0.000000 1.000000 -1.000000
0 77.635788 10.000000 2.521283 36.551576 19.263290 0.835650 1081.000000 2.000000 5693.000000 13113.000000 0.000000 1.000000 -1.000000
1 8.248281 10.000000 2.071392 2.951428 1.658953 0.169174 243.000000 2.000000 241.000000 697.000000 0.000000 1.000000 60.325489
1 12.907940 10.000000 2.518064 4.747511 2.633748 0.676547 994.000000 2.000000 382.000000 1730.000000 0.000000 1.000000 166.978317
0 76.783874 10.000000 1.618760 35.968134 19.402361 1.864486 2129.000000 2.000000 3935.000000 9480.000000 0.000000 1.000000 -1.000000
1 33.443720 10.000000 8.945855 10.458206 5.883176 2.706329 2015.000000 2.000000 947.000000 2677.000000 0.000000 1.000000 219.939531
1 21.786190 10.000000 3.175019 8.790320 4.830437 0.756290 1165.000000 2.000000 1994.000000 2950.000000 0.000000 1.000000 127.310318
1 14.165002 10.000000 1.656487 6.094957 3.360498 0.366594 664.000000 2.000000 309.000000 2188.000000 0.000000 1.000000 174.289383
1 20.501892 10.000000 1.791823 8.853876 4.885432 0.821813 874.000000 2.000000 1188.000000 1506.000000 0.000000 1.000000 178.178626
0 78.277074 10.000000 3.242394 35.709271 19.364100 2.918482 3603.000000 2.000000 2145.000000 9347.000000 0.000000 1.000000 -1.000000
0 76.503489 10.000000 1.432962 35.669059 19.187972 1.270266 1823.000000 2.000000 6172.000000 12797.000000 0.000000 1.000000 -1.000000
1 17.670040 10.000000 2.418227 6.908765 3.912695 0.873067 1114.000000 2.000000 1409.000000 2234.000000 0.000000 1.000000 204.911590
0 76.498005 10.000000 1.266614 37.219353 19.338537 0.905164 1395.000000 2.000000 6429.000000 13890.000000 0.000000 1.000000 -1.000000
1 25.098864 10.000000 2.040416 11.324910 6.140046 0.444704 561.000000 2.000000 1771.000000 2671.000000 0.000000 1.000000 129.075125
1 49.511329 10.000000 1.986423 21.329532 11.871849 3.077062 3673.000000 2.000000 1951.000000 7402.000000 0.000000 1.000000 249.118806
1 28.339962 10.000000 2.549286 11.475891 6.491981 1.635071 2237.000000 2.000000 2428.000000 4108.000000 0.000000 1.000000 188.741935
1 29.726108 10.000000 2.126880 13.360823 7.026217 0.890776 1547.000000 2.000000 2859.000000 5228.000000 0.000000 1.000000 95.672600
0 78.585267 10.000000 3.255730 36.330482 19.531696 2.712664 2365.000000 2.000000 2128.000000 7774.000000 0.000000 1.000000 -1.000000
1 15.070302 10.000000 3.613959 5.070129 2.867650 0.935928 1445.000000 2.000000 842.000000 2460.000000 0.000000 1.000000 163.432346
1 48.096608 10.000000 1.329319 23.159314 12.207167 0.849905 996.000000 2.000000 3135.000000 8149.000000 0.000000 1.000000 150.798280
0 78.200786 10.000000 3.130813 36.427611 19.499216 1.850358 2139.000000 2.000000 3555.000000 10463.000000 0.000000 1.000000 -1.000000
1 71.231069 10.000000 2.272493 31.494574 17.096094 3.475799 4374.000000 2.000000 5667.000000 9935.000000 0.000000 1.000000 251.142026
1 17.640923 10.000000 1.426040 7.857200 4.326296 0.396766 622.000000 2.000000 1404.000000 1775.000000 0.000000 1.000000 97.094761
1 72.793898 10.000000 4.681711 29.617175 17.531221 3.265048 3541.000000 2.000000 3122.000000 10862.000000 0.000000 1.000000 157.822304
1 32.938115 10.000000 3.295915 14.172750 7.589954 1.120721 1026.000000 2.000000 728.000000 4438.000000 0.000000 1.000000 60.069478
1 34.814536 10.000000 3.093204 15.329169 8.085367 1.064830 1302.000000 2.000000 3424.000000 3160.000000 0.000000 1.000000 149.681013
0 77.003943 10.000000 1.635273 35.787765 19.451601 2.306376 3502.000000 2.000000 3905.000000 14093.000000 0.000000 1.000000 -1.000000
0 82.237757 10.000000 6.062084 34.018178 18.563138 5.451387 6454.000000 2.000000 2001.000000 7970.000000 0.000000 1.000000 -1.000000
0 77.513541 10.000000 2.470825 36.676266 19.138608 1.453730 2178.000000 2.000000 6278.000000 15232.000000 0.000000 1.000000 -1.000000
0 77.345263 10.000000 1.976008 34.971332 19.741152 2.989303 3311.000000 2.000000 3628.000000 7667.000000 0.000000 1.000000 -1.000000
1 50.262742 10.000000 2.586814 23.250424 12.566818 0.878033 1212.000000 2.000000 4048.000000 7456.000000 0.000000 1.000000 130.142186
1 19.724229 10.000000 1.597550 8.814276 4.705978 0.467466 843.000000 2.000000 1988.000000 3126.000000 0.000000 1.000000 111.639697
