1 0.934807 1.000000 0.929691 0.003093 0.001010 0.000025 3.000000 10.000000 0.000000 7.000000 0.000000 1.000000 17.684233
1 1.381848 1.000000 1.362840 0.009324 0.004610 0.000028 4.000000 10.000000 0.000000 18.000000 0.000000 1.000000 18.885278
1 0.806176 1.000000 0.799259 0.003575 0.001703 0.000026 4.000000 10.000000 0.000000 7.000000 0.000000 1.000000 14.500666
1 0.810173 1.000000 0.801954 0.004656 0.001860 0.000027 3.000000 10.000000 0.000000 10.000000 0.000000 1.000000 18.371297
1 0.793228 1.000000 0.790653 0.001408 0.000576 0.000024 3.000000 10.000000 0.000000 0.000000 0.000000 1.000000 15.219400
1 0.822185 1.000000 0.819947 0.001334 0.000457 0.000021 3.000000 10.000000 0.000000 0.000000 0.000000 1.000000 14.304301
1 0.821754 1.000000 0.807407 0.008573 0.002891 0.000029 3.000000 10.000000 0.000000 15.000000 0.000000 1.000000 14.087968
1 0.822259 1.000000 0.819231 0.001680 0.000666 0.000028 4.000000 10.000000 0.000000 0.000000 0.000000 1.000000 14.005534
1 0.828573 1.000000 0.822738 0.003260 0.001334 0.000030 4.000000 10.000000 0.000000 9.000000 0.000000 1.000000 18.063889
1 0.829068 1.000000 0.824880 0.002345 0.000932 0.000022 3.000000 10.000000 0.000000 0.000000 0.000000 1.000000 17.135487
1 0.598428 1.000000 0.590127 0.004845 0.001921 0.000021 3.000000 10.000000 0.000000 14.000000 0.000000 1.000000 28.292135
1 0.586221 1.000000 0.584344 0.001128 0.000360 0.000016 3.000000 10.000000 0.000000 0.000000 0.000000 1.000000 13.973683
1 0.610696 1.000000 0.597946 0.006925 0.003020 0.000027 5.000000 10.000000 0.000000 14.000000 0.000000 1.000000 19.961235
1 0.596328 1.000000 0.593418 0.001650 0.000637 0.000020 3.000000 10.000000 0.000000 6.000000 0.000000 1.000000 15.424609
1 0.608940 1.000000 0.605098 0.002077 0.000854 0.000024 4.000000 10.000000 0.000000 8.000000 0.000000 1.000000 17.348742
1 0.620392 1.000000 0.617372 0.001675 0.000659 0.000023 4.000000 10.000000 0.000000 0.000000 0.000000 1.000000 32.615452
1 1.045991 1.000000 1.040171 0.003220 0.001299 0.000022 4.000000 10.000000 0.000000 9.000000 0.000000 1.000000 28.721248
1 0.630750 1.000000 0.622315 0.005001 0.001658 0.000023 3.000000 10.000000 0.000000 42.000000 0.000000 1.000000 17.971212
1 0.649290 1.000000 0.633012 0.009155 0.003552 0.000030 5.000000 10.000000 0.000000 13.000000 0.000000 1.000000 17.424005
1 0.613948 1.000000 0.606723 0.003828 0.001687 0.000022 4.000000 10.000000 0.000000 10.000000 0.000000 1.000000 20.463143
1 0.879195 1.000000 0.873294 0.003341 0.001245 0.000043 4.000000 10.000000 0.000000 0.000000 0.000000 1.000000 18.572825
1 1.262390 1.000000 1.253346 0.005260 0.002005 0.000033 3.000000 10.000000 0.000000 12.000000 0.000000 1.000000 14.912935
1 1.281573 1.000000 1.276713 0.002691 0.001045 0.000020 3.000000 10.000000 0.000000 0.000000 0.000000 1.000000 16.142945
1 1.095545 1.000000 1.088538 0.004160 0.001431 0.000027 4.000000 10.000000 0.000000 7.000000 0.000000 1.000000 19.275508
1 0.722024 1.000000 0.711092 0.006102 0.002803 0.000027 4.000000 10.000000 0.000000 132.000000 0.000000 1.000000 20.933440
1 1.178627 1.000000 1.173482 0.002819 0.001193 0.000019 3.000000 10.000000 0.000000 3.000000 0.000000 1.000000 15.918363
1 2.220044 1.000000 2.216846 0.001721 0.000769 0.000026 5.000000 10.000000 0.000000 0.000000 0.000000 1.000000 16.504069
1 1.031939 1.000000 1.028157 0.002056 0.000882 0.000021 4.000000 10.000000 0.000000 5.000000 0.000000 1.000000 17.236301
1 0.639129 1.000000 0.635727 0.001930 0.000776 0.000019 3.000000 10.000000 0.000000 8.000000 0.000000 1.000000 14.662789
1 0.618883 1.000000 0.616521 0.001340 0.000512 0.000013 2.000000 10.000000 0.000000 0.000000 0.000000 1.000000 12.826399
1 0.624824 1.000000 0.622279 0.001328 0.000661 0.000024 4.000000 10.000000 0.000000 0.000000 0.000000 1.000000 13.668146
1 0.640040 1.000000 0.634723 0.003239 0.001071 0.000023 3.000000 10.000000 0.000000 12.000000 0.000000 1.000000 13.745487
1 1.200835 1.000000 1.197960 0.001564 0.000646 0.000029 5.000000 10.000000 0.000000 0.000000 0.000000 1.000000 15.009334
1 0.717390 1.000000 0.710888 0.003711 0.001560 0.000018 3.000000 10.000000 0.000000 9.000000 0.000000 1.000000 17.095659
1 0.713078 1.000000 0.710548 0.001410 0.000621 0.000020 3.000000 10.000000 0.000000 0.000000 0.000000 1.000000 15.121972
1 0.712806 1.000000 0.709939 0.001520 0.000645 0.000024 3.000000 10.000000 0.000000 0.000000 0.000000 1.000000 14.821303
1 0.678155 1.000000 0.675384 0.001613 0.000641 0.000019 3.000000 10.000000 0.000000 10.000000 0.000000 1.000000 15.502887
1 0.617164 1.000000 0.615222 0.001101 0.000387 0.000020 3.000000 10.000000 0.000000 0.000000 0.000000 1.000000 11.161372
1 0.627210 1.000000 0.622734 0.002518 0.000965 0.000022 4.000000 10.000000 0.000000 6.000000 0.000000 1.000000 15.682126
1 0.598050 1.000000 0.593901 0.002329 0.000929 0.000013 2.000000 10.000000 0.000000 11.000000 0.000000 1.000000 28.693636
1 0.636929 1.000000 0.633128 0.002119 0.000820 0.000022 4.000000 10.000000 0.000000 6.000000 0.000000 1.000000 18.443830
1 0.629801 1.000000 0.626584 0.001844 0.000693 0.000021 3.000000 10.000000 0.000000 0.000000 0.000000 1.000000 15.729464
1 0.665297 1.000000 0.660816 0.002284 0.001113 0.000033 5.000000 10.000000 0.000000 1.000000 0.000000 1.000000 17.628421
1 0.713596 1.000000 0.700538 0.007227 0.002960 0.000022 3.000000 10.000000 0.000000 19.000000 0.000000 1.000000 13.254761
1 0.693827 1.000000 0.683707 0.005220 0.002606 0.000028 4.000000 10.000000 0.000000 16.000000 0.000000 1.000000 21.408648
1 0.699819 1.000000 0.696404 0.001977 0.000707 0.000022 3.000000 10.000000 0.000000 0.000000 0.000000 1.000000 16.371270
1 0.700573 1.000000 0.696106 0.002618 0.000930 0.000022 3.000000 10.000000 0.000000 12.000000 0.000000 1.000000 16.878974
1 0.712530 1.000000 0.707227 0.002926 0.001182 0.000021 3.000000 10.000000 0.000000 6.000000 0.000000 1.000000 20.224127
1 0.621997 1.000000 0.619908 0.001187 0.000423 0.000016 3.000000 10.000000 0.000000 0.000000 0.000000 1.000000 15.408082
1 1.069036 1.000000 1.066094 0.001624 0.000651 0.000021 4.000000 10.000000 0.000000 0.000000 0.000000 1.000000 18.480748
1 0.624982 1.000000 0.619326 0.003205 0.001262 0.000022 4.000000 10.000000 0.000000 5.000000 0.000000 1.000000 16.624967
0 75.688685 1.000000 0.638165 7.089679 3.379370 0.000029 5.000000 10.000000 0.000000 208992.000000 0.000000 1.000000 -1.000000
1 0.635124 1.000000 0.630998 0.002223 0.000950 0.000019 4.000000 10.000000 0.000000 1.000000 0.000000 1.000000 16.397654
1 0.588720 1.000000 0.585199 0.001959 0.000786 0.000017 3.000000 10.000000 0.000000 10.000000 0.000000 1.000000 16.916362
1 0.600699 1.000000 0.594960 0.003340 0.001287 0.000017 3.000000 10.000000 0.000000 11.000000 0.000000 1.000000 13.736674
1 0.598185 1.000000 0.594614 0.001877 0.000825 0.000018 4.000000 10.000000 0.000000 0.000000 0.000000 1.000000 30.874596
1 0.613728 1.000000 0.608887 0.002710 0.001068 0.000026 4.000000 10.000000 0.000000 7.000000 0.000000 1.000000 13.909227
1 0.597009 1.000000 0.593926 0.001760 0.000650 0.000018 3.000000 10.000000 0.000000 1.000000 0.000000 1.000000 15.352165
1 0.621405 1.000000 0.617788 0.002112 0.000724 0.000016 3.000000 10.000000 0.000000 9.000000 0.000000 1.000000 14.184005
1 0.599570 1.000000 0.593497 0.003266 0.001380 0.000014 3.000000 10.000000 0.000000 7.000000 0.000000 1.000000 19.648132
1 1.706243 2.000000 0.601809 0.599767 0.241120 0.023122 151.000000 10.000000 30.000000 319.000000 0.000000 1.000000 172.014831
1 0.770055 2.000000 0.610419 0.085548 0.031739 0.009923 28.000000 10.000000 0.000000 61.000000 0.000000 1.000000 65.131290
1 0.785598 2.000000 0.635735 0.077377 0.031744 0.007260 26.000000 10.000000 4.000000 62.000000 0.000000 1.000000 95.064304
1 1.220439 2.000000 1.010724 0.108948 0.046369 0.006780 26.000000 10.000000 31.000000 103.000000 0.000000 1.000000 76.276921
1 0.630486 2.000000 0.586236 0.022337 0.008795 0.005053 17.000000 10.000000 0.000000 15.000000 0.000000 1.000000 57.520705
1 0.722879 2.000000 0.618801 0.054242 0.022665 0.005507 19.000000 10.000000 0.000000 53.000000 0.000000 1.000000 70.712304
1 0.987862 2.000000 0.618192 0.190352 0.082747 0.010920 145.000000 10.000000 9.000000 238.000000 0.000000 1.000000 137.932416
1 0.873236 2.000000 0.613721 0.132765 0.057465 0.006849 28.000000 10.000000 8.000000 99.000000 0.000000 1.000000 113.720179
1 0.698785 2.000000 0.630541 0.035285 0.014358 0.004570 16.000000 10.000000 13.000000 20.000000 0.000000 1.000000 64.099382
1 0.744344 2.000000 0.618841 0.068714 0.026571 0.004793 18.000000 10.000000 6.000000 130.000000 0.000000 1.000000 62.961057
1 1.299853 2.000000 1.032081 0.144363 0.052547 0.006695 20.000000 10.000000 0.000000 1742.000000 0.000000 1.000000 84.674397
1 1.425467 2.000000 1.384795 0.017711 0.007387 0.007641 19.000000 10.000000 0.000000 11.000000 0.000000 1.000000 54.790006
1 0.988240 2.000000 0.592583 0.206323 0.086694 0.015907 240.000000 10.000000 29.000000 273.000000 0.000000 1.000000 64.379459
1 0.767430 2.000000 0.622493 0.076146 0.031384 0.006792 25.000000 10.000000 26.000000 60.000000 0.000000 1.000000 67.247081
1 1.416860 2.000000 0.630614 0.424237 0.173156 0.011353 174.000000 10.000000 37.000000 203.000000 0.000000 1.000000 64.962272
1 0.708767 2.000000 0.632919 0.037078 0.015686 0.006363 20.000000 10.000000 9.000000 26.000000 0.000000 1.000000 61.368907
1 1.227583 2.000000 0.768729 0.227615 0.104312 0.022843 156.000000 10.000000 38.000000 26.000000 0.000000 1.000000 111.680220
1 1.340681 2.000000 1.241561 0.050930 0.020763 0.007181 16.000000 10.000000 7.000000 10.000000 0.000000 1.000000 60.183706
1 2.177041 2.000000 1.990764 0.098316 0.038663 0.009894 25.000000 10.000000 16.000000 40.000000 0.000000 1.000000 62.256755
1 0.786461 2.000000 0.699816 0.041270 0.018373 0.007087 20.000000 10.000000 0.000000 17.000000 0.000000 1.000000 62.186059
1 1.256381 2.000000 1.195165 0.029585 0.012256 0.006544 20.000000 10.000000 1.000000 25.000000 0.000000 1.000000 56.777420
1 1.937813 2.000000 1.202150 0.383179 0.162572 0.021348 203.000000 10.000000 18.000000 403.000000 0.000000 1.000000 123.503488
1 1.141643 2.000000 0.633968 0.264442 0.116111 0.009193 35.000000 10.000000 18.000000 233.000000 0.000000 1.000000 115.170882
1 0.729514 2.000000 0.637666 0.045799 0.019399 0.005899 19.000000 10.000000 0.000000 39.000000 0.000000 1.000000 64.043963
1 0.690028 2.000000 0.635687 0.026160 0.010506 0.006537 25.000000 10.000000 9.000000 19.000000 0.000000 1.000000 51.408982
1 1.391869 2.000000 1.131893 0.129551 0.059251 0.012535 40.000000 10.000000 7.000000 155.000000 0.000000 1.000000 84.225366
1 1.216744 2.000000 0.700766 0.268593 0.107205 0.019651 47.000000 10.000000 15.000000 903.000000 0.000000 1.000000 225.097346
1 1.867143 2.000000 1.258371 0.322558 0.128222 0.018076 46.000000 10.000000 11.000000 179.000000 0.000000 1.000000 99.134652
1 1.217366 2.000000 1.084449 0.066825 0.030052 0.007192 24.000000 10.000000 13.000000 46.000000 0.000000 1.000000 76.610348
1 2.397865 2.000000 1.080831 0.688034 0.293779 0.016725 122.000000 10.000000 70.000000 497.000000 0.000000 1.000000 95.234665
1 0.743835 2.000000 0.650045 0.044933 0.019972 0.007528 32.000000 10.000000 8.000000 25.000000 0.000000 1.000000 65.001685
1 1.815226 2.000000 1.235437 0.335326 0.093342 0.012209 30.000000 10.000000 16.000000 4846.000000 0.000000 1.000000 82.080812
1 1.492631 2.000000 1.204786 0.147964 0.067434 0.009049 27.000000 10.000000 11.000000 57.000000 0.000000 1.000000 90.530996
1 0.976730 2.000000 0.646466 0.175059 0.072091 0.008790 32.000000 10.000000 12.000000 143.000000 0.000000 1.000000 78.734114
1 1.525637 2.000000 0.652358 0.479413 0.188659 0.009519 31.000000 10.000000 34.000000 316.000000 0.000000 1.000000 65.825721
1 1.076204 2.000000 0.613918 0.242772 0.100206 0.018044 156.000000 10.000000 45.000000 145.000000 0.000000 1.000000 149.481880
1 0.883970 2.000000 0.646371 0.123811 0.049759 0.012415 371.000000 10.000000 42.000000 54.000000 0.000000 1.000000 47.529203
1 0.815049 2.000000 0.727146 0.043312 0.019168 0.007018 20.000000 10.000000 0.000000 74.000000 0.000000 1.000000 67.472415
1 0.795631 2.000000 0.724231 0.035021 0.014891 0.005996 18.000000 10.000000 4.000000 18.000000 0.000000 1.000000 69.559735
1 0.923165 2.000000 0.712297 0.106521 0.045784 0.011299 121.000000 10.000000 8.000000 46.000000 0.000000 1.000000 124.285695
1 2.131310 2.000000 1.532096 0.296342 0.137726 0.025950 257.000000 10.000000 3.000000 100.000000 0.000000 1.000000 91.060092
1 1.925851 2.000000 1.495815 0.221892 0.099054 0.015506 63.000000 10.000000 1.000000 84.000000 0.000000 1.000000 68.592756
1 3.374707 2.000000 2.975075 0.201194 0.088815 0.015971 26.000000 10.000000 19.000000 87.000000 0.000000 1.000000 50.831046
1 1.304654 2.000000 1.243522 0.029359 0.012152 0.007320 37.000000 10.000000 0.000000 16.000000 0.000000 1.000000 53.391156
1 1.926616 2.000000 1.856693 0.030262 0.013734 0.011897 31.000000 10.000000 2.000000 25.000000 0.000000 1.000000 70.408099
1 1.020827 2.000000 0.815727 0.104892 0.044141 0.011640 99.000000 10.000000 1.000000 39.000000 0.000000 1.000000 74.538262
1 0.789121 2.000000 0.748935 0.019779 0.007788 0.005742 25.000000 10.000000 2.000000 4.000000 0.000000 1.000000 59.161791
1 1.027897 2.000000 0.712425 0.171310 0.067134 0.010155 96.000000 10.000000 21.000000 94.000000 0.000000 1.000000 75.719731
1 1.261709 2.000000 1.170690 0.044742 0.018748 0.008415 28.000000 10.000000 4.000000 24.000000 0.000000 1.000000 54.863163
1 0.710777 2.000000 0.623826 0.043806 0.018521 0.006169 45.000000 10.000000 6.000000 45.000000 0.000000 1.000000 63.370302
1 0.666054 2.000000 0.626426 0.020099 0.008410 0.003519 16.000000 10.000000 0.000000 30.000000 0.000000 1.000000 58.752419
1 0.748292 2.000000 0.617470 0.073135 0.029369 0.005220 17.000000 10.000000 1.000000 163.000000 0.000000 1.000000 52.884006
1 0.850654 2.000000 0.620340 0.121342 0.048787 0.010236 95.000000 10.000000 16.000000 103.000000 0.000000 1.000000 64.358897
1 0.791776 2.000000 0.623909 0.089497 0.036846 0.004741 20.000000 10.000000 5.000000 66.000000 0.000000 1.000000 64.889160
1 1.182219 2.000000 1.008666 0.090872 0.035241 0.011432 34.000000 10.000000 0.000000 78.000000 0.000000 1.000000 58.935408
1 0.736119 2.000000 0.586915 0.077243 0.031500 0.006173 22.000000 10.000000 12.000000 53.000000 0.000000 1.000000 58.195985
1 0.846595 2.000000 0.606894 0.122737 0.054542 0.010958 58.000000 10.000000 1.000000 75.000000 0.000000 1.000000 89.378102
1 4.217809 2.000000 4.103200 0.050081 0.023139 0.016708 53.000000 10.000000 6.000000 18.000000 0.000000 1.000000 84.592205
1 0.762085 2.000000 0.625677 0.069927 0.029046 0.009184 94.000000 10.000000 6.000000 36.000000 0.000000 1.000000 49.279732
1 3.531463 4.000000 2.917929 0.259289 0.135738 0.102006 51.000000 10.000000 6.000000 48.000000 0.000000 1.000000 84.155814
1 2.109848 4.000000 1.422544 0.319785 0.151742 0.088264 81.000000 10.000000 40.000000 168.000000 0.000000 1.000000 106.951143
1 1.894850 4.000000 1.654534 0.093248 0.047092 0.059589 45.000000 10.000000 3.000000 62.000000 0.000000 1.000000 66.632976
1 1.907695 4.000000 1.134397 0.376786 0.178199 0.064391 74.000000 10.000000 43.000000 174.000000 0.000000 1.000000 148.355466
1 0.822659 4.000000 0.665843 0.069969 0.031150 0.028824 33.000000 10.000000 8.000000 56.000000 0.000000 1.000000 91.681989
1 1.655782 4.000000 1.213713 0.210237 0.095887 0.053606 56.000000 10.000000 3.000000 161.000000 0.000000 1.000000 78.509160
1 3.127742 4.000000 2.130101 0.438876 0.216410 0.137451 85.000000 10.000000 25.000000 132.000000 0.000000 1.000000 103.845065
1 2.003274 4.000000 1.703686 0.124958 0.059051 0.060187 58.000000 10.000000 18.000000 59.000000 0.000000 1.000000 82.480091
1 7.088805 4.000000 6.568769 0.177073 0.093086 0.159962 132.000000 10.000000 8.000000 109.000000 0.000000 1.000000 155.345327
1 1.655782 4.000000 1.213713 0.210237 0.095887 0.053606 56.000000 10.000000 3.000000 161.000000 0.000000 1.000000 78.509160
1 1.314000 4.000000 1.106183 0.089513 0.044075 0.036904 39.000000 10.000000 11.000000 63.000000 0.000000 1.000000 55.507168
1 1.531043 4.000000 1.065858 0.210323 0.099441 0.068313 71.000000 10.000000 7.000000 125.000000 0.000000 1.000000 92.218748
1 1.259748 4.000000 1.078380 0.076799 0.040159 0.032243 43.000000 10.000000 8.000000 53.000000 0.000000 1.000000 70.128276
1 2.324121 4.000000 1.226767 0.520799 0.250333 0.102940 100.000000 10.000000 131.000000 344.000000 0.000000 1.000000 85.352008
1 1.548797 4.000000 1.243930 0.130411 0.068365 0.051980 50.000000 10.000000 25.000000 72.000000 0.000000 1.000000 99.353170
1 2.571052 4.000000 1.781873 0.321610 0.162312 0.156887 143.000000 10.000000 5.000000 162.000000 0.000000 1.000000 177.519399
1 2.581067 4.000000 0.652610 0.965245 0.438714 0.141957 142.000000 10.000000 51.000000 572.000000 0.000000 1.000000 111.400216
1 1.443028 4.000000 1.229934 0.091297 0.044718 0.040415 44.000000 10.000000 9.000000 47.000000 0.000000 1.000000 64.180139
1 2.407074 4.000000 2.168469 0.076599 0.039866 0.087035 72.000000 10.000000 10.000000 31.000000 0.000000 1.000000 80.611472
1 1.202849 4.000000 1.093127 0.044605 0.022088 0.023875 29.000000 10.000000 5.000000 17.000000 0.000000 1.000000 57.815033
1 1.544019 4.000000 1.083635 0.214148 0.099836 0.056247 62.000000 10.000000 8.000000 256.000000 0.000000 1.000000 101.351076
1 1.377405 4.000000 1.192577 0.083147 0.041691 0.027467 32.000000 10.000000 25.000000 20.000000 0.000000 1.000000 66.386110
1 1.123302 4.000000 0.725690 0.190380 0.086532 0.047879 54.000000 10.000000 29.000000 147.000000 0.000000 1.000000 53.975961
1 0.941650 4.000000 0.718281 0.102059 0.047808 0.031969 36.000000 10.000000 0.000000 74.000000 0.000000 1.000000 64.326084
1 2.261079 4.000000 1.459795 0.329402 0.158939 0.175163 193.000000 10.000000 77.000000 141.000000 0.000000 1.000000 148.539432
1 2.795581 4.000000 0.629183 1.083087 0.494877 0.138228 142.000000 10.000000 63.000000 472.000000 0.000000 1.000000 74.654070
1 2.637841 4.000000 1.633387 0.437843 0.223334 0.140437 123.000000 10.000000 100.000000 145.000000 0.000000 1.000000 136.031749
1 1.202849 4.000000 1.093127 0.044605 0.022088 0.023875 29.000000 10.000000 5.000000 17.000000 0.000000 1.000000 57.815033
1 3.559709 4.000000 1.502512 0.998980 0.462851 0.186479 183.000000 10.000000 91.000000 328.000000 0.000000 1.000000 83.298173
1 1.421458 4.000000 0.726529 0.334933 0.154956 0.068062 70.000000 10.000000 47.000000 124.000000 0.000000 1.000000 85.996096
1 2.314327 4.000000 1.044187 0.601193 0.283185 0.136405 160.000000 10.000000 46.000000 240.000000 0.000000 1.000000 141.176854
1 1.305384 4.000000 1.073226 0.092906 0.044242 0.057872 60.000000 10.000000 15.000000 46.000000 0.000000 1.000000 83.953301
1 1.083026 4.000000 0.730200 0.172330 0.079822 0.033034 39.000000 10.000000 10.000000 95.000000 0.000000 1.000000 70.521361
1 1.144324 4.000000 0.733356 0.191648 0.089831 0.051454 52.000000 10.000000 2.000000 89.000000 0.000000 1.000000 87.776545
1 2.042177 4.000000 1.207372 0.393597 0.188820 0.084589 56.000000 10.000000 41.000000 223.000000 0.000000 1.000000 86.159344
1 5.294260 4.000000 4.616262 0.228529 0.118860 0.219888 93.000000 10.000000 3.000000 85.000000 0.000000 1.000000 86.029545
1 5.227912 4.000000 2.066406 1.538520 0.623224 0.143666 129.000000 10.000000 69.000000 4493.000000 0.000000 1.000000 123.264034
1 2.036035 4.000000 1.638431 0.167537 0.078974 0.082422 46.000000 10.000000 6.000000 34.000000 0.000000 1.000000 72.367460
1 2.443188 4.000000 2.161708 0.109919 0.052180 0.076077 45.000000 10.000000 12.000000 23.000000 0.000000 1.000000 63.566461
1 6.662628 4.000000 1.434741 2.577326 1.221764 0.258149 308.000000 10.000000 57.000000 2046.000000 0.000000 1.000000 165.354132
1 1.402287 4.000000 1.129552 0.127182 0.056938 0.038975 41.000000 10.000000 6.000000 67.000000 0.000000 1.000000 63.950303
1 1.661861 4.000000 1.261307 0.165653 0.080241 0.085011 80.000000 10.000000 13.000000 89.000000 0.000000 1.000000 112.733602
1 1.936716 4.000000 1.735586 0.079905 0.038912 0.046615 49.000000 10.000000 9.000000 47.000000 0.000000 1.000000 67.531508
1 3.474448 4.000000 1.135693 1.105789 0.538169 0.169317 167.000000 10.000000 15.000000 453.000000 0.000000 1.000000 61.900510
1 5.227912 4.000000 2.066406 1.538520 0.623224 0.143666 129.000000 10.000000 69.000000 4493.000000 0.000000 1.000000 123.264034
1 1.844452 4.000000 1.105104 0.323776 0.162566 0.096905 106.000000 10.000000 22.000000 204.000000 0.000000 1.000000 154.150559
1 1.918748 4.000000 1.084914 0.373847 0.183176 0.109492 127.000000 10.000000 30.000000 212.000000 0.000000 1.000000 180.290490
1 1.308208 4.000000 1.075472 0.100794 0.047352 0.042212 46.000000 10.000000 12.000000 57.000000 0.000000 1.000000 128.081438
1 2.348372 4.000000 1.498083 0.376261 0.185717 0.108616 109.000000 10.000000 13.000000 151.000000 0.000000 1.000000 141.592590
1 7.111973 4.000000 1.527610 2.571377 1.297250 0.475134 310.000000 10.000000 77.000000 799.000000 0.000000 1.000000 105.143645
1 0.914698 4.000000 0.800068 0.045745 0.021451 0.029427 29.000000 10.000000 3.000000 6.000000 0.000000 1.000000 63.929837
1 1.543830 4.000000 0.759459 0.388684 0.182329 0.050890 56.000000 10.000000 8.000000 252.000000 0.000000 1.000000 70.173889
1 1.274939 4.000000 1.147380 0.051219 0.026068 0.026815 32.000000 10.000000 11.000000 18.000000 0.000000 1.000000 60.245314
1 2.132043 4.000000 1.157173 0.440582 0.216121 0.116492 118.000000 10.000000 22.000000 203.000000 0.000000 1.000000 97.765263
1 1.882645 4.000000 1.212407 0.306393 0.149332 0.082320 76.000000 10.000000 34.000000 238.000000 0.000000 1.000000 78.884516
1 1.666057 4.000000 1.242228 0.191236 0.089930 0.061429 56.000000 10.000000 19.000000 106.000000 0.000000 1.000000 71.705622
1 1.509089 4.000000 0.742228 0.374936 0.177086 0.068816 49.000000 10.000000 6.000000 104.000000 0.000000 1.000000 56.190576
1 4.129243 4.000000 1.512615 1.254587 0.575463 0.309315 162.000000 10.000000 10.000000 361.000000 0.000000 1.000000 148.094516
1 4.710382 4.000000 2.112994 1.178955 0.568092 0.341820 230.000000 10.000000 73.000000 394.000000 0.000000 1.000000 99.637298
1 5.925778 6.000000 1.256602 2.157530 1.062613 0.572742 244.000000 10.000000 82.000000 720.000000 0.000000 1.000000 127.389187
1 13.354286 6.000000 10.405083 0.856924 0.455769 1.220960 412.000000 10.000000 24.000000 255.000000 0.000000 1.000000 244.580275
1 2.193238 6.000000 1.466519 0.287052 0.148179 0.168185 98.000000 10.000000 20.000000 154.000000 0.000000 1.000000 125.434713
1 5.604110 6.000000 1.455318 1.839369 0.957249 0.586587 431.000000 10.000000 84.000000 974.000000 0.000000 1.000000 181.008981
1 8.907664 6.000000 1.086319 3.745665 1.840691 0.642734 350.000000 10.000000 242.000000 1071.000000 0.000000 1.000000 142.874525
1 2.331633 6.000000 1.229334 0.474655 0.237623 0.189937 115.000000 10.000000 36.000000 154.000000 0.000000 1.000000 178.770743
1 4.581075 6.000000 1.487236 1.373872 0.712709 0.400105 243.000000 10.000000 37.000000 430.000000 0.000000 1.000000 151.533651
1 5.481817 6.000000 1.640793 1.645134 0.876948 0.578297 370.000000 10.000000 41.000000 498.000000 0.000000 1.000000 155.429501
1 2.258388 6.000000 1.114246 0.529218 0.253729 0.149731 96.000000 10.000000 105.000000 362.000000 0.000000 1.000000 96.583059
1 2.791262 6.000000 1.235575 0.679002 0.345922 0.226670 136.000000 10.000000 58.000000 501.000000 0.000000 1.000000 103.127868
1 2.547909 6.000000 1.142608 0.638845 0.315816 0.187190 126.000000 10.000000 118.000000 241.000000 0.000000 1.000000 88.180213
1 8.304386 6.000000 1.094816 3.455309 1.678063 0.652710 434.000000 10.000000 372.000000 1799.000000 0.000000 1.000000 178.528652
1 5.033528 6.000000 1.579828 1.255848 0.687517 0.883204 420.000000 10.000000 60.000000 473.000000 0.000000 1.000000 94.816752
1 12.970794 6.000000 0.663557 5.916721 2.986322 0.930777 503.000000 10.000000 150.000000 2075.000000 0.000000 1.000000 184.382138
1 3.177711 6.000000 1.645224 0.635153 0.335105 0.291352 180.000000 10.000000 95.000000 259.000000 0.000000 1.000000 91.712916
1 5.163662 6.000000 1.927578 1.338201 0.707960 0.612187 182.000000 10.000000 26.000000 325.000000 0.000000 1.000000 142.120426
1 4.497108 6.000000 2.870889 0.706505 0.349786 0.258298 124.000000 10.000000 4.000000 235.000000 0.000000 1.000000 79.265443
1 4.109545 6.000000 1.914004 0.934692 0.492386 0.327338 173.000000 10.000000 56.000000 454.000000 0.000000 1.000000 87.952945
1 1.233554 6.000000 0.667410 0.247697 0.123234 0.096489 64.000000 10.000000 10.000000 151.000000 0.000000 1.000000 68.593804
1 3.848473 6.000000 1.130914 1.284347 0.635886 0.301594 205.000000 10.000000 34.000000 600.000000 0.000000 1.000000 131.044659
1 3.981878 6.000000 1.189424 1.271412 0.630905 0.354792 252.000000 10.000000 81.000000 753.000000 0.000000 1.000000 216.584080
1 14.950115 6.000000 1.581662 6.014373 3.108131 1.626896 618.000000 10.000000 148.000000 2268.000000 0.000000 1.000000 225.568694
1 4.143970 6.000000 2.008065 0.888218 0.466312 0.403984 233.000000 10.000000 19.000000 376.000000 0.000000 1.000000 265.276463
1 3.012294 6.000000 1.478040 0.688509 0.332858 0.249914 156.000000 10.000000 23.000000 261.000000 0.000000 1.000000 155.285293
1 2.393541 6.000000 1.216091 0.531444 0.261847 0.148176 98.000000 10.000000 75.000000 289.000000 0.000000 1.000000 88.782948
1 2.039718 6.000000 1.097624 0.408713 0.204424 0.155755 110.000000 10.000000 42.000000 169.000000 0.000000 1.000000 105.390682
1 2.960561 6.000000 1.096015 0.840998 0.449629 0.219604 152.000000 10.000000 39.000000 579.000000 0.000000 1.000000 153.524995
1 2.383557 6.000000 1.416279 0.399595 0.206408 0.176757 125.000000 10.000000 62.000000 240.000000 0.000000 1.000000 80.419148
1 3.180082 6.000000 1.083402 0.867935 0.439041 0.430685 289.000000 10.000000 76.000000 420.000000 0.000000 1.000000 193.760531
1 3.682616 6.000000 1.395234 0.930489 0.471034 0.498929 162.000000 10.000000 55.000000 318.000000 0.000000 1.000000 96.132705
1 3.742049 6.000000 2.241160 0.648002 0.320386 0.268070 135.000000 10.000000 29.000000 239.000000 0.000000 1.000000 133.835985
1 2.919852 6.000000 2.208339 0.207369 0.114281 0.291428 155.000000 10.000000 16.000000 95.000000 0.000000 1.000000 89.468374
1 2.218888 6.000000 1.486571 0.265701 0.141598 0.203787 120.000000 10.000000 8.000000 95.000000 0.000000 1.000000 84.739124
1 8.115833 6.000000 1.796242 2.540571 1.316243 1.308464 678.000000 10.000000 98.000000 1322.000000 0.000000 1.000000 313.569821
1 5.520892 6.000000 3.495107 0.731888 0.400947 0.539686 273.000000 10.000000 57.000000 304.000000 0.000000 1.000000 250.494394
1 6.962990 6.000000 1.240048 2.639393 1.360744 0.598472 258.000000 10.000000 60.000000 617.000000 0.000000 1.000000 202.654352
1 4.255945 6.000000 2.280934 0.640761 0.340259 0.687588 349.000000 10.000000 40.000000 289.000000 0.000000 1.000000 175.280627
1 2.673721 6.000000 1.098979 0.710884 0.355530 0.203708 132.000000 10.000000 69.000000 287.000000 0.000000 1.000000 181.754727
1 3.143914 6.000000 1.206782 0.824722 0.433085 0.312859 181.000000 10.000000 39.000000 374.000000 0.000000 1.000000 183.705617
1 8.797021 6.000000 4.478296 1.662520 0.894450 0.963541 318.000000 10.000000 25.000000 1024.000000 0.000000 1.000000 236.750687
1 6.045358 6.000000 0.818066 2.492212 1.291539 0.370804 252.000000 10.000000 99.000000 1247.000000 0.000000 1.000000 152.036825
1 4.259195 6.000000 1.835095 0.937560 0.486137 0.571156 331.000000 10.000000 40.000000 418.000000 0.000000 1.000000 155.389286
1 6.370353 6.000000 4.096631 0.755233 0.400672 0.771200 196.000000 10.000000 40.000000 141.000000 0.000000 1.000000 140.646497
1 4.623591 6.000000 2.144816 1.125846 0.555958 0.326689 211.000000 10.000000 170.000000 551.000000 0.000000 1.000000 144.477031
1 2.582094 6.000000 1.683248 0.357448 0.185437 0.198284 124.000000 10.000000 22.000000 202.000000 0.000000 1.000000 93.614256
1 4.113350 6.000000 1.450469 1.086349 0.598017 0.480679 277.000000 10.000000 2.000000 347.000000 0.000000 1.000000 166.596085
1 4.531117 6.000000 1.264761 1.548022 0.753825 0.294116 195.000000 10.000000 79.000000 516.000000 0.000000 1.000000 123.854947
1 3.869250 6.000000 1.461833 0.953409 0.483550 0.571590 342.000000 10.000000 32.000000 557.000000 0.000000 1.000000 213.849267
1 1.902369 6.000000 1.047900 0.358412 0.185778 0.163969 111.000000 10.000000 49.000000 128.000000 0.000000 1.000000 131.019566
1 2.009955 6.000000 1.479463 0.232328 0.110385 0.087761 60.000000 10.000000 23.000000 300.000000 0.000000 1.000000 63.666285
1 2.443046 6.000000 1.439770 0.382911 0.201673 0.253804 89.000000 10.000000 0.000000 90.000000 0.000000 1.000000 94.022437
1 3.164437 6.000000 1.356473 0.838352 0.405517 0.243079 90.000000 10.000000 92.000000 253.000000 0.000000 1.000000 105.096197
1 2.904654 6.000000 1.259131 0.746421 0.391495 0.194340 133.000000 10.000000 44.000000 365.000000 0.000000 1.000000 110.828353
1 2.486040 6.000000 1.529238 0.358382 0.192047 0.243546 153.000000 10.000000 9.000000 279.000000 0.000000 1.000000 93.916242
1 2.059423 6.000000 1.077467 0.426365 0.218949 0.162255 117.000000 10.000000 42.000000 156.000000 0.000000 1.000000 165.787480
1 20.534692 6.000000 1.629560 8.144740 4.073136 2.982541 1261.000000 10.000000 101.000000 2192.000000 0.000000 1.000000 301.216463
1 41.798957 6.000000 1.247397 9.802197 4.796068 0.490912 309.000000 10.000000 105.000000 9307.000000 0.000000 1.000000 248.365702
1 5.742824 6.000000 1.088737 2.130405 1.045702 0.585788 355.000000 10.000000 40.000000 940.000000 0.000000 1.000000 110.634352
1 2.262605 6.000000 1.078719 0.547333 0.267497 0.128388 97.000000 10.000000 83.000000 257.000000 0.000000 1.000000 107.980614
0 76.561411 8.000000 1.552622 39.565755 14.062745 1.522252 461.000000 10.000000 75.000000 203157.000000 0.000000 1.000000 -1.000000
1 2.544732 8.000000 1.586808 0.326933 0.182631 0.304235 142.000000 10.000000 29.000000 123.000000 0.000000 1.000000 105.255955
1 3.816282 8.000000 1.864875 0.673593 0.377413 0.595968 280.000000 10.000000 34.000000 454.000000 0.000000 1.000000 118.831365
1 3.959433 8.000000 1.481240 1.054431 0.543871 0.439063 220.000000 10.000000 114.000000 395.000000 0.000000 1.000000 144.730424
1 11.468489 8.000000 1.582141 3.638159 2.086668 2.281453 1076.000000 10.000000 224.000000 1401.000000 0.000000 1.000000 265.726293
1 4.411061 8.000000 1.094986 1.409362 0.741239 0.562796 280.000000 10.000000 24.000000 583.000000 0.000000 1.000000 138.251627
0 76.190377 8.000000 1.178025 47.312108 8.919466 0.479867 146.000000 10.000000 4.000000 278080.000000 0.000000 1.000000 -1.000000
1 18.470751 8.000000 1.128684 7.655455 3.928948 2.346779 1241.000000 10.000000 343.000000 3305.000000 0.000000 1.000000 302.960141
1 15.551741 8.000000 1.448287 5.951836 3.075593 2.354374 1109.000000 10.000000 134.000000 1992.000000 0.000000 1.000000 307.972780
1 31.967906 8.000000 1.084482 15.262806 7.358274 1.836240 894.000000 10.000000 200.000000 6983.000000 0.000000 1.000000 215.915965
1 11.783194 8.000000 1.140440 4.850656 2.432132 1.365853 584.000000 10.000000 290.000000 1320.000000 0.000000 1.000000 202.854760
1 11.109087 8.000000 2.168681 3.889360 2.061667 1.365955 632.000000 10.000000 125.000000 1596.000000 0.000000 1.000000 222.637737
1 8.190571 8.000000 1.702726 2.358033 1.270583 1.778996 744.000000 10.000000 103.000000 1125.000000 0.000000 1.000000 194.376890
1 4.167661 8.000000 1.709142 0.972507 0.506962 0.555670 189.000000 10.000000 48.000000 361.000000 0.000000 1.000000 119.330109
1 15.944970 8.000000 4.111595 4.478055 2.299662 3.045045 1002.000000 10.000000 112.000000 1690.000000 0.000000 1.000000 309.867641
1 3.644509 8.000000 1.312075 1.027460 0.554550 0.325783 140.000000 10.000000 61.000000 141.000000 0.000000 1.000000 122.100489
1 9.491299 8.000000 2.720336 3.010703 1.569448 0.927108 284.000000 10.000000 106.000000 869.000000 0.000000 1.000000 161.842944
1 4.437730 8.000000 1.260395 1.431506 0.719319 0.434593 233.000000 10.000000 280.000000 1041.000000 0.000000 1.000000 99.146317
1 21.376165 8.000000 1.834083 8.037387 4.295851 3.421900 1014.000000 10.000000 143.000000 2493.000000 0.000000 1.000000 217.589728
1 4.800074 8.000000 1.095843 1.582590 0.794467 0.653750 344.000000 10.000000 122.000000 862.000000 0.000000 1.000000 127.363155
1 9.265009 8.000000 1.470012 3.261309 1.715362 1.299249 635.000000 10.000000 58.000000 1824.000000 0.000000 1.000000 243.499098
1 3.178402 8.000000 1.117489 0.906575 0.464970 0.315716 166.000000 10.000000 46.000000 515.000000 0.000000 1.000000 167.265385
1 19.048022 8.000000 1.766662 7.199023 3.631875 3.302542 1634.000000 10.000000 98.000000 2383.000000 0.000000 1.000000 400.928825
1 11.552800 8.000000 2.954037 3.160504 1.631934 2.465662 498.000000 10.000000 39.000000 978.000000 0.000000 1.000000 138.145150
1 15.648390 8.000000 2.979366 4.987861 2.640496 2.744499 674.000000 10.000000 135.000000 1334.000000 0.000000 1.000000 281.906140
1 4.634030 8.000000 2.267706 0.955222 0.508093 0.505418 143.000000 10.000000 36.000000 239.000000 0.000000 1.000000 119.510081
1 14.013821 8.000000 3.606983 3.965110 2.014806 2.755534 815.000000 10.000000 50.000000 1077.000000 0.000000 1.000000 307.019483
1 5.752334 8.000000 1.071046 2.043372 1.060537 0.725771 396.000000 10.000000 109.000000 930.000000 0.000000 1.000000 254.665914
1 7.722248 8.000000 1.464130 2.498226 1.294341 1.358625 607.000000 10.000000 65.000000 1054.000000 0.000000 1.000000 198.245442
1 6.429139 8.000000 1.804052 1.733230 0.937075 1.170025 529.000000 10.000000 24.000000 890.000000 0.000000 1.000000 176.361053
1 9.312091 8.000000 1.502492 3.225891 1.699821 1.506269 486.000000 10.000000 97.000000 1033.000000 0.000000 1.000000 207.776171
1 12.155542 8.000000 4.055799 2.969343 1.617981 2.126439 635.000000 10.000000 166.000000 762.000000 0.000000 1.000000 171.410033
1 3.644206 8.000000 1.506947 0.835376 0.435090 0.489734 220.000000 10.000000 41.000000 483.000000 0.000000 1.000000 81.974262
0 77.235195 8.000000 2.092028 15.889309 2.434207 0.723895 306.000000 10.000000 29.000000 66318.000000 0.000000 1.000000 -1.000000
1 2.324967 8.000000 1.096727 0.493345 0.245925 0.284009 154.000000 10.000000 23.000000 294.000000 0.000000 1.000000 127.435009
1 5.002970 8.000000 1.452075 1.358811 0.708294 0.868914 403.000000 10.000000 251.000000 712.000000 0.000000 1.000000 177.386727
1 8.276490 8.000000 1.462253 2.779839 1.535186 1.163886 511.000000 10.000000 99.000000 1485.000000 0.000000 1.000000 178.714514
1 5.284946 8.000000 2.940159 0.858666 0.458134 0.655175 222.000000 10.000000 58.000000 326.000000 0.000000 1.000000 114.339224
1 28.203071 8.000000 1.786869 10.742630 5.815732 4.749239 1627.000000 10.000000 786.000000 4923.000000 0.000000 1.000000 160.308773
1 7.213079 8.000000 1.622325 2.100522 1.132169 1.387388 656.000000 10.000000 133.000000 1032.000000 0.000000 1.000000 232.150266
1 2.859647 8.000000 1.105342 0.681684 0.365799 0.416720 212.000000 10.000000 55.000000 388.000000 0.000000 1.000000 88.933328
1 12.945376 8.000000 2.108650 2.837373 1.569700 5.075422 1073.000000 10.000000 107.000000 1249.000000 0.000000 1.000000 243.927565
1 2.227520 8.000000 1.517427 0.272601 0.138968 0.191717 84.000000 10.000000 3.000000 95.000000 0.000000 1.000000 95.933352
1 2.673518 8.000000 1.279031 0.538341 0.287590 0.349506 156.000000 10.000000 43.000000 474.000000 0.000000 1.000000 128.385632
1 8.566433 8.000000 4.478761 1.294705 0.736798 1.443561 318.000000 10.000000 31.000000 287.000000 0.000000 1.000000 137.625952
1 17.789251 8.000000 1.868284 7.268809 3.746377 1.899419 761.000000 10.000000 127.000000 2118.000000 0.000000 1.000000 133.267151
1 7.263413 8.000000 2.265833 2.056025 1.081862 0.982187 419.000000 10.000000 146.000000 740.000000 0.000000 1.000000 210.760247
1 4.687485 8.000000 1.135388 1.474751 0.765261 0.677272 359.000000 10.000000 52.000000 853.000000 0.000000 1.000000 172.506802
1 4.759802 8.000000 1.432856 1.235598 0.629834 0.943543 388.000000 10.000000 139.000000 530.000000 0.000000 1.000000 221.967379
1 3.122924 8.000000 1.497320 0.701463 0.359631 0.267809 153.000000 10.000000 49.000000 401.000000 0.000000 1.000000 123.182370
1 7.160576 8.000000 1.734311 1.801027 1.015824 1.760851 693.000000 10.000000 208.000000 767.000000 0.000000 1.000000 251.690750
1 5.032832 8.000000 2.282849 1.117256 0.570266 0.599530 215.000000 10.000000 94.000000 462.000000 0.000000 1.000000 101.899409
1 3.458674 8.000000 1.726143 0.734059 0.380939 0.313875 152.000000 10.000000 38.000000 268.000000 0.000000 1.000000 129.965799
0 76.524470 8.000000 1.144647 13.629732 4.196693 0.324191 164.000000 10.000000 72.000000 42231.000000 0.000000 1.000000 -1.000000
1 6.701984 8.000000 1.783786 1.967575 1.069627 0.931579 473.000000 10.000000 23.000000 969.000000 0.000000 1.000000 133.766017
1 4.182840 10.000000 1.890731 0.736548 0.407943 0.800683 300.000000 10.000000 19.000000 312.000000 0.000000 1.000000 98.178670
1 4.890755 10.000000 1.237343 1.520972 0.805433 0.655207 312.000000 10.000000 60.000000 743.000000 0.000000 1.000000 120.678476
1 8.939488 10.000000 1.567452 2.915655 1.581579 1.526944 614.000000 10.000000 58.000000 1318.000000 0.000000 1.000000 158.136871
1 16.412100 10.000000 1.245065 6.325447 3.328934 2.614022 1084.000000 10.000000 314.000000 2345.000000 0.000000 1.000000 266.490783
1 17.966856 10.000000 3.237787 5.479032 3.088244 3.629130 1115.000000 10.000000 81.000000 2804.000000 0.000000 1.000000 234.875661
1 7.168957 10.000000 1.234057 2.317857 1.192671 1.363896 572.000000 10.000000 95.000000 1650.000000 0.000000 1.000000 177.364819
1 7.388638 10.000000 1.273714 2.661082 1.457008 0.886945 252.000000 10.000000 64.000000 457.000000 0.000000 1.000000 116.479846
1 6.002731 10.000000 1.406939 1.880263 1.020968 0.895647 337.000000 10.000000 121.000000 735.000000 0.000000 1.000000 146.958611
1 9.771675 10.000000 1.809687 3.502822 1.994211 0.885537 255.000000 10.000000 195.000000 877.000000 0.000000 1.000000 162.698537
1 10.156519 10.000000 2.862378 2.932463 1.673567 1.299410 471.000000 10.000000 29.000000 1266.000000 0.000000 1.000000 98.626694
1 13.924203 10.000000 1.849526 4.957749 2.769452 1.938449 682.000000 10.000000 79.000000 2809.000000 0.000000 1.000000 120.632938
1 13.662278 10.000000 2.003311 3.942079 2.123753 3.785329 764.000000 10.000000 142.000000 1531.000000 0.000000 1.000000 170.704308
1 11.545441 10.000000 3.117878 2.562057 1.476300 3.154266 788.000000 10.000000 64.000000 630.000000 0.000000 1.000000 226.797491
1 5.068678 10.000000 2.293433 0.808910 0.469134 1.104763 322.000000 10.000000 11.000000 288.000000 0.000000 1.000000 215.896840
1 11.084073 10.000000 3.900622 1.954792 1.142558 3.131386 628.000000 10.000000 102.000000 503.000000 0.000000 1.000000 170.798421
1 8.669765 10.000000 2.039117 2.129721 1.199677 2.273545 705.000000 10.000000 120.000000 903.000000 0.000000 1.000000 142.952459
1 30.553433 10.000000 1.777260 10.984886 6.235636 6.178768 1992.000000 10.000000 338.000000 3880.000000 0.000000 1.000000 327.490842
0 76.898406 10.000000 1.780845 12.600943 5.631562 3.109674 1036.000000 10.000000 174.000000 21352.000000 0.000000 1.000000 -1.000000
1 5.373904 10.000000 1.213433 1.818801 0.968716 0.582115 279.000000 10.000000 21.000000 496.000000 0.000000 1.000000 164.191456
1 1.542472 10.000000 1.210312 0.092098 0.053627 0.145200 64.000000 10.000000 6.000000 26.000000 0.000000 1.000000 69.259536
1 5.340540 10.000000 1.608159 1.531378 0.817907 0.702347 292.000000 10.000000 33.000000 578.000000 0.000000 1.000000 136.222938
1 17.313617 10.000000 2.237675 4.741143 2.591604 5.483582 931.000000 10.000000 94.000000 1033.000000 0.000000 1.000000 236.676691
1 14.476230 10.000000 4.405936 3.116671 1.841334 3.444493 584.000000 10.000000 30.000000 695.000000 0.000000 1.000000 185.701247
1 8.950473 10.000000 1.139826 3.425577 1.811747 1.132132 526.000000 10.000000 248.000000 1892.000000 0.000000 1.000000 181.677073
1 31.933989 10.000000 1.178533 13.052253 6.825681 4.665525 1295.000000 10.000000 551.000000 5633.000000 0.000000 1.000000 112.172461
1 28.023829 10.000000 3.193928 10.048919 5.566287 4.614448 1197.000000 10.000000 282.000000 4018.000000 0.000000 1.000000 314.701600
1 3.641754 10.000000 1.192390 0.983006 0.532913 0.501791 228.000000 10.000000 47.000000 557.000000 0.000000 1.000000 99.873430
1 5.732779 10.000000 1.187969 1.722770 0.983618 1.031437 431.000000 10.000000 145.000000 801.000000 0.000000 1.000000 185.049525
1 10.171912 10.000000 1.540464 3.023656 1.698177 2.459565 833.000000 10.000000 91.000000 1487.000000 0.000000 1.000000 183.440157
1 8.630436 10.000000 3.077062 2.148141 1.114684 1.351791 385.000000 10.000000 63.000000 522.000000 0.000000 1.000000 180.279009
1 13.160087 10.000000 1.659302 4.358949 2.476663 2.590800 933.000000 10.000000 377.000000 1715.000000 0.000000 1.000000 188.492488
1 10.314660 10.000000 3.223504 2.662050 1.512707 1.691968 369.000000 10.000000 93.000000 783.000000 0.000000 1.000000 176.154707
1 17.970595 10.000000 2.185850 5.318542 3.008868 4.919572 1571.000000 10.000000 62.000000 2416.000000 0.000000 1.000000 221.574973
1 58.286726 10.000000 3.358834 17.398789 9.866600 18.668515 4134.000000 10.000000 342.000000 5669.000000 0.000000 1.000000 473.223168
1 13.032783 10.000000 2.012002 4.660316 2.579286 1.675229 620.000000 10.000000 235.000000 1496.000000 0.000000 1.000000 168.309075
1 21.022307 10.000000 1.929673 6.952124 3.886197 5.019963 1347.000000 10.000000 162.000000 2280.000000 0.000000 1.000000 275.027140
1 7.030719 10.000000 1.617567 1.976104 1.090295 1.443330 494.000000 10.000000 63.000000 850.000000 0.000000 1.000000 215.363961
1 4.391915 10.000000 1.650655 1.023423 0.561396 0.713547 268.000000 10.000000 107.000000 353.000000 0.000000 1.000000 156.682649
1 8.147808 10.000000 2.177815 2.000284 1.113698 1.925111 637.000000 10.000000 104.000000 564.000000 0.000000 1.000000 186.109746
1 5.825314 10.000000 2.512898 0.777670 0.429030 1.720477 446.000000 10.000000 57.000000 317.000000 0.000000 1.000000 151.328711
1 6.998001 10.000000 1.312925 2.462018 1.321101 0.815742 320.000000 10.000000 180.000000 1292.000000 0.000000 1.000000 111.491186
1 15.848499 10.000000 1.223421 5.856958 3.178113 2.902112 1180.000000 10.000000 291.000000 3077.000000 0.000000 1.000000 233.596823
1 9.295598 10.000000 1.228407 3.649395 1.897858 0.995772 410.000000 10.000000 34.000000 803.000000 0.000000 1.000000 189.618789
1 8.373967 10.000000 1.841229 2.347777 1.285091 1.838123 570.000000 10.000000 111.000000 1256.000000 0.000000 1.000000 223.143278
1 12.671117 10.000000 3.707311 2.461628 1.492811 3.797148 1037.000000 10.000000 27.000000 698.000000 0.000000 1.000000 226.557648
1 4.149663 10.000000 1.615296 0.830672 0.448588 0.892664 258.000000 10.000000 40.000000 431.000000 0.000000 1.000000 132.796556
1 12.277675 10.000000 2.265914 3.320260 1.843872 3.331519 598.000000 10.000000 118.000000 812.000000 0.000000 1.000000 215.138097
1 5.763719 10.000000 2.116410 1.166809 0.650187 1.301638 253.000000 10.000000 53.000000 267.000000 0.000000 1.000000 138.941944
1 8.526896 10.000000 1.827728 2.918802 1.507822 0.981924 382.000000 10.000000 12.000000 2413.000000 0.000000 1.000000 88.914482
1 11.681736 10.000000 2.483766 2.839032 1.617951 3.372656 966.000000 10.000000 52.000000 998.000000 0.000000 1.000000 257.262011
1 6.329260 10.000000 1.212391 2.123233 1.118150 0.994293 446.000000 10.000000 124.000000 854.000000 0.000000 1.000000 198.825977
1 6.217055 10.000000 1.612807 1.679027 0.962450 1.241067 408.000000 10.000000 69.000000 577.000000 0.000000 1.000000 174.570520
1 6.200864 10.000000 3.184955 0.598381 0.340295 1.803648 356.000000 10.000000 51.000000 173.000000 0.000000 1.000000 75.435708
1 3.630664 10.000000 1.599082 0.751933 0.408008 0.536633 219.000000 10.000000 24.000000 391.000000 0.000000 1.000000 106.134019
1 6.999987 10.000000 1.868969 1.694479 0.989888 1.638046 565.000000 10.000000 82.000000 575.000000 0.000000 1.000000 219.793763
1 15.294671 10.000000 3.427114 4.055333 2.272972 3.560781 983.000000 10.000000 146.000000 1803.000000 0.000000 1.000000 167.141670
1 9.980738 10.000000 1.573154 3.348611 1.862238 1.702893 660.000000 10.000000 49.000000 1097.000000 0.000000 1.000000 279.671505
1 5.627324 10.000000 1.610684 1.417202 0.787087 1.186502 298.000000 10.000000 53.000000 351.000000 0.000000 1.000000 123.983230
