1 0.774025 1.000000 0.770411 0.000414 0.001963 0.000033 3.000000 0.000000 0.000000 14.000000 2.000000 0.000000 11.926382
1 0.752955 1.000000 0.751295 0.000196 0.000845 0.000031 3.000000 0.000000 0.000000 6.000000 2.000000 0.000000 13.155441
1 2.048490 1.000000 2.043664 0.000467 0.002486 0.000151 5.000000 0.000000 0.000000 11.000000 2.000000 0.000000 16.241620
1 0.733419 1.000000 0.732471 0.000113 0.000450 0.000044 4.000000 0.000000 0.000000 0.000000 2.000000 0.000000 11.934117
1 0.740593 1.000000 0.737960 0.000188 0.001898 0.000029 3.000000 0.000000 0.000000 3.000000 2.000000 0.000000 10.558628
1 0.716169 1.000000 0.715135 0.000119 0.000485 0.000039 3.000000 0.000000 0.000000 0.000000 2.000000 0.000000 9.713151
1 0.759037 1.000000 0.757981 0.000119 0.000507 0.000035 3.000000 0.000000 0.000000 0.000000 2.000000 0.000000 11.933321
1 0.745064 1.000000 0.744147 0.000117 0.000431 0.000027 3.000000 0.000000 0.000000 0.000000 2.000000 0.000000 11.907461
1 1.262708 1.000000 1.261384 0.000152 0.000628 0.000067 4.000000 0.000000 0.000000 0.000000 2.000000 0.000000 15.641095
1 0.738521 1.000000 0.737029 0.000166 0.000771 0.000035 3.000000 0.000000 0.000000 0.000000 2.000000 0.000000 15.053123
1 0.716562 1.000000 0.715557 0.000133 0.000483 0.000032 3.000000 0.000000 0.000000 0.000000 2.000000 0.000000 11.077108
1 0.732046 1.000000 0.731280 0.000096 0.000360 0.000034 3.000000 0.000000 0.000000 0.000000 2.000000 0.000000 9.542638
1 0.775692 1.000000 0.774692 0.000127 0.000491 0.000033 3.000000 0.000000 0.000000 0.000000 2.000000 0.000000 11.090929
1 0.849586 1.000000 0.847263 0.000217 0.001290 0.000047 3.000000 0.000000 0.000000 0.000000 2.000000 0.000000 11.959890
1 1.741920 1.000000 1.740645 0.000121 0.000541 0.000076 3.000000 0.000000 0.000000 0.000000 2.000000 0.000000 12.404891
1 0.732751 1.000000 0.730431 0.000253 0.001370 0.000040 3.000000 0.000000 0.000000 9.000000 2.000000 0.000000 10.548449
1 0.828541 1.000000 0.825613 0.000270 0.001766 0.000037 3.000000 0.000000 0.000000 11.000000 2.000000 0.000000 12.669370
1 0.792350 1.000000 0.788616 0.000278 0.002350 0.000070 3.000000 0.000000 0.000000 5.000000 2.000000 0.000000 9.949104
1 1.488666 1.000000 1.485854 0.000293 0.001421 0.000067 4.000000 0.000000 0.000000 10.000000 2.000000 0.000000 13.813219
1 0.792974 1.000000 0.788871 0.000410 0.002250 0.000052 4.000000 0.000000 0.000000 9.000000 2.000000 0.000000 14.320179
1 0.875234 1.000000 0.870122 0.000403 0.003226 0.000054 5.000000 0.000000 0.000000 23.000000 2.000000 0.000000 14.217998
1 0.783627 1.000000 0.782506 0.000118 0.000617 0.000046 3.000000 0.000000 0.000000 0.000000 2.000000 0.000000 9.882772
1 0.885630 1.000000 0.881977 0.000343 0.002274 0.000056 4.000000 0.000000 0.000000 15.000000 2.000000 0.000000 12.312027
1 0.792414 1.000000 0.789345 0.000274 0.001998 0.000033 3.000000 0.000000 0.000000 7.000000 2.000000 0.000000 10.296898
1 1.309014 1.000000 1.305662 0.000291 0.002002 0.000091 5.000000 0.000000 0.000000 14.000000 2.000000 0.000000 14.558635
1 0.761245 1.000000 0.757916 0.000255 0.002400 0.000035 3.000000 0.000000 0.000000 1.000000 2.000000 0.000000 12.522026
1 0.791975 1.000000 0.784070 0.000881 0.004776 0.000038 3.000000 0.000000 0.000000 22.000000 2.000000 0.000000 10.909388
1 0.763818 1.000000 0.758295 0.000369 0.003844 0.000040 3.000000 0.000000 0.000000 23.000000 2.000000 0.000000 11.499347
1 0.785131 1.000000 0.783802 0.000126 0.000793 0.000031 3.000000 0.000000 0.000000 0.000000 2.000000 0.000000 9.996762
1 2.293670 1.000000 2.292188 0.000149 0.000657 0.000119 4.000000 0.000000 0.000000 0.000000 2.000000 0.000000 11.240548
1 0.796821 1.000000 0.793031 0.000378 0.002006 0.000048 4.000000 0.000000 0.000000 7.000000 2.000000 0.000000 16.487456
1 0.789325 1.000000 0.785405 0.000336 0.002621 0.000030 3.000000 0.000000 0.000000 10.000000 2.000000 0.000000 13.868059
1 1.482453 1.000000 1.477436 0.000304 0.003496 0.000067 4.000000 0.000000 0.000000 5.000000 2.000000 0.000000 13.240502
1 0.841523 1.000000 0.837927 0.000309 0.002233 0.000042 3.000000 0.000000 0.000000 10.000000 2.000000 0.000000 10.308443
1 0.785275 1.000000 0.784122 0.000152 0.000568 0.000032 3.000000 0.000000 0.000000 0.000000 2.000000 0.000000 11.193929
1 0.829097 1.000000 0.827955 0.000134 0.000536 0.000033 3.000000 0.000000 0.000000 0.000000 2.000000 0.000000 10.825015
1 0.823910 1.000000 0.820857 0.000345 0.001731 0.000045 4.000000 0.000000 0.000000 13.000000 2.000000 0.000000 11.910255
1 0.831418 1.000000 0.824071 0.000613 0.004313 0.000070 6.000000 0.000000 0.000000 18.000000 2.000000 0.000000 15.588524
1 0.854324 1.000000 0.852662 0.000163 0.000865 0.000048 4.000000 0.000000 0.000000 8.000000 2.000000 0.000000 15.646713
1 0.782805 1.000000 0.781057 0.000160 0.001050 0.000035 3.000000 0.000000 0.000000 0.000000 2.000000 0.000000 12.485609
1 0.822690 1.000000 0.821110 0.000189 0.000764 0.000045 4.000000 0.000000 0.000000 0.000000 2.000000 0.000000 13.894207
1 0.834914 1.000000 0.828405 0.000695 0.003918 0.000046 3.000000 0.000000 0.000000 17.000000 2.000000 0.000000 11.992124
1 0.964679 1.000000 0.963109 0.000164 0.000866 0.000038 3.000000 0.000000 0.000000 2.000000 2.000000 0.000000 12.733725
1 0.863221 1.000000 0.861250 0.000196 0.001099 0.000036 3.000000 0.000000 0.000000 8.000000 2.000000 0.000000 11.936122
1 0.839429 1.000000 0.838164 0.000150 0.000627 0.000034 3.000000 0.000000 0.000000 0.000000 2.000000 0.000000 12.007875
1 0.807736 1.000000 0.806754 0.000116 0.000468 0.000032 3.000000 0.000000 0.000000 0.000000 2.000000 0.000000 11.074287
1 0.788010 1.000000 0.784265 0.000317 0.002500 0.000037 3.000000 0.000000 0.000000 20.000000 2.000000 0.000000 14.441329
1 0.800055 1.000000 0.796803 0.000308 0.002083 0.000046 4.000000 0.000000 0.000000 8.000000 2.000000 0.000000 10.666850
1 1.980043 1.000000 1.977685 0.000205 0.001308 0.000116 5.000000 0.000000 0.000000 2.000000 2.000000 0.000000 16.552691
1 0.814541 1.000000 0.810253 0.000421 0.002768 0.000033 3.000000 0.000000 0.000000 18.000000 2.000000 0.000000 15.117933
1 0.808597 1.000000 0.806235 0.000245 0.001391 0.000050 4.000000 0.000000 0.000000 8.000000 2.000000 0.000000 11.317979
1 0.833578 1.000000 0.829734 0.000361 0.002336 0.000035 4.000000 0.000000 0.000000 13.000000 2.000000 0.000000 12.588084
1 0.805233 1.000000 0.801728 0.000363 0.002016 0.000048 4.000000 0.000000 0.000000 11.000000 2.000000 0.000000 11.958366
1 0.825073 1.000000 0.823969 0.000141 0.000538 0.000035 3.000000 0.000000 0.000000 0.000000 2.000000 0.000000 12.699871
1 0.792386 1.000000 0.790614 0.000140 0.001125 0.000051 4.000000 0.000000 0.000000 0.000000 2.000000 0.000000 10.843462
1 0.810740 1.000000 0.808915 0.000208 0.000934 0.000034 3.000000 0.000000 0.000000 8.000000 2.000000 0.000000 13.136991
1 1.866647 1.000000 1.864542 0.000179 0.001378 0.000071 3.000000 0.000000 0.000000 6.000000 2.000000 0.000000 14.131302
1 0.851811 1.000000 0.849018 0.000218 0.001816 0.000043 3.000000 0.000000 0.000000 11.000000 2.000000 0.000000 11.308203
1 0.877415 1.000000 0.869956 0.000737 0.004454 0.000048 4.000000 0.000000 0.000000 21.000000 2.000000 0.000000 14.157379
1 0.837179 1.000000 0.833682 0.000352 0.001848 0.000057 4.000000 0.000000 0.000000 5.000000 2.000000 0.000000 11.649282
1 1.552098 2.000000 0.822287 0.077270 0.389989 0.003054 23.000000 0.000000 242.000000 446.000000 2.000000 0.000000 36.087050
1 1.044203 2.000000 0.902271 0.014273 0.076695 0.003437 20.000000 0.000000 60.000000 82.000000 2.000000 0.000000 38.881310
1 1.234786 2.000000 0.864710 0.040693 0.210342 0.005535 24.000000 0.000000 141.000000 249.000000 2.000000 0.000000 32.669254
1 1.486702 2.000000 1.416061 0.006159 0.035294 0.003094 15.000000 0.000000 49.000000 31.000000 2.000000 0.000000 30.863973
1 1.413372 2.000000 0.884170 0.054213 0.293082 0.003406 22.000000 0.000000 266.000000 440.000000 2.000000 0.000000 35.988880
1 1.023527 2.000000 0.845626 0.016160 0.092935 0.004887 27.000000 0.000000 104.000000 135.000000 2.000000 0.000000 39.984488
1 2.283642 2.000000 0.977969 0.116603 0.704172 0.006377 28.000000 0.000000 226.000000 761.000000 2.000000 0.000000 44.097166
1 1.663845 2.000000 1.636555 0.002921 0.012327 0.005122 13.000000 0.000000 0.000000 10.000000 2.000000 0.000000 32.990259
1 2.125824 2.000000 1.611998 0.053575 0.290570 0.006147 22.000000 0.000000 156.000000 237.000000 2.000000 0.000000 36.843214
1 0.882720 2.000000 0.864559 0.001506 0.010307 0.002292 12.000000 0.000000 0.000000 13.000000 2.000000 0.000000 35.911123
1 1.526432 2.000000 1.459242 0.006166 0.036822 0.004105 21.000000 0.000000 17.000000 33.000000 2.000000 0.000000 37.583160
1 1.607578 2.000000 1.490540 0.010630 0.065259 0.007687 23.000000 0.000000 19.000000 94.000000 2.000000 0.000000 37.632817
1 1.582917 2.000000 1.519579 0.007257 0.033841 0.003966 16.000000 0.000000 11.000000 29.000000 2.000000 0.000000 36.768339
1 1.687472 2.000000 1.568661 0.013006 0.063956 0.003708 15.000000 0.000000 29.000000 46.000000 2.000000 0.000000 33.051858
1 1.178922 2.000000 1.162794 0.001757 0.007573 0.002176 13.000000 0.000000 2.000000 8.000000 2.000000 0.000000 37.081534
1 1.578159 2.000000 1.521568 0.005301 0.032692 0.004118 13.000000 0.000000 42.000000 126.000000 2.000000 0.000000 33.853909
1 1.032307 2.000000 0.932290 0.011274 0.053291 0.002205 18.000000 0.000000 63.000000 80.000000 2.000000 0.000000 38.560209
1 0.891189 2.000000 0.841517 0.004787 0.025503 0.006237 17.000000 0.000000 13.000000 38.000000 2.000000 0.000000 29.963305
1 2.567606 2.000000 1.492735 0.102781 0.565532 0.005991 23.000000 0.000000 224.000000 381.000000 2.000000 0.000000 33.891139
1 1.455770 2.000000 1.431625 0.001985 0.014388 0.002742 12.000000 0.000000 0.000000 16.000000 2.000000 0.000000 34.259868
1 0.961042 2.000000 0.899844 0.006804 0.030304 0.005032 22.000000 0.000000 2.000000 68.000000 2.000000 0.000000 38.515058
1 2.173022 2.000000 2.124364 0.004003 0.023939 0.007593 21.000000 0.000000 8.000000 62.000000 2.000000 0.000000 29.200149
1 1.157697 2.000000 1.059227 0.010559 0.051172 0.007906 20.000000 0.000000 18.000000 31.000000 2.000000 0.000000 37.577248
1 1.623015 2.000000 1.439181 0.020826 0.096143 0.005911 19.000000 0.000000 38.000000 306.000000 2.000000 0.000000 44.587176
1 13.645166 2.000000 1.532657 1.004731 5.640121 0.029328 88.000000 0.000000 1461.000000 6625.000000 2.000000 0.000000 45.025098
1 1.968634 2.000000 1.956931 0.000834 0.004540 0.003634 16.000000 0.000000 0.000000 4.000000 2.000000 0.000000 30.995262
1 0.985871 2.000000 0.910447 0.008798 0.039178 0.003922 23.000000 0.000000 63.000000 51.000000 2.000000 0.000000 40.374325
1 1.547373 2.000000 0.848673 0.075187 0.376318 0.004040 27.000000 0.000000 495.000000 747.000000 2.000000 0.000000 54.517754
1 8.355563 2.000000 0.835148 0.548611 3.353853 0.010025 57.000000 0.000000 1600.000000 3163.000000 2.000000 0.000000 34.819483
1 3.497536 2.000000 3.418785 0.008165 0.037581 0.006598 22.000000 0.000000 58.000000 133.000000 2.000000 0.000000 36.000757
1 0.886006 2.000000 0.872403 0.001377 0.005682 0.002741 14.000000 0.000000 1.000000 6.000000 2.000000 0.000000 40.501362
1 2.226985 2.000000 1.952044 0.024501 0.145407 0.008912 34.000000 0.000000 73.000000 189.000000 2.000000 0.000000 39.223975
1 7.180838 2.000000 2.234668 0.361179 2.424390 0.015846 67.000000 0.000000 963.000000 6184.000000 2.000000 0.000000 30.896675
1 0.876863 2.000000 0.842010 0.003329 0.018149 0.002949 15.000000 0.000000 0.000000 49.000000 2.000000 0.000000 37.854605
1 3.122161 2.000000 2.991299 0.011800 0.068423 0.015658 25.000000 0.000000 45.000000 55.000000 2.000000 0.000000 42.412427
1 1.495854 2.000000 1.467819 0.002475 0.016381 0.002432 13.000000 0.000000 0.000000 35.000000 2.000000 0.000000 33.725515
1 0.958311 2.000000 0.866325 0.009376 0.049511 0.003116 16.000000 0.000000 3.000000 103.000000 2.000000 0.000000 35.249415
1 0.859028 2.000000 0.835419 0.002453 0.012269 0.002240 16.000000 0.000000 21.000000 5.000000 2.000000 0.000000 37.617167
1 2.017082 2.000000 1.474651 0.048775 0.281445 0.006344 27.000000 0.000000 210.000000 369.000000 2.000000 0.000000 33.470590
1 1.553849 2.000000 1.474640 0.008202 0.044591 0.005774 17.000000 0.000000 0.000000 66.000000 2.000000 0.000000 38.455234
1 2.685829 2.000000 2.520849 0.016192 0.084527 0.003767 18.000000 0.000000 14.000000 145.000000 2.000000 0.000000 33.080612
1 1.500212 2.000000 1.424063 0.007583 0.039905 0.003708 16.000000 0.000000 41.000000 39.000000 2.000000 0.000000 32.607960
1 1.273515 2.000000 0.851104 0.047563 0.234099 0.003633 24.000000 0.000000 190.000000 471.000000 2.000000 0.000000 37.412400
1 1.301861 2.000000 0.838009 0.046979 0.248381 0.007331 28.000000 0.000000 85.000000 165.000000 2.000000 0.000000 36.205427
1 1.600206 2.000000 1.507100 0.010611 0.046630 0.008933 23.000000 0.000000 9.000000 59.000000 2.000000 0.000000 46.542480
1 2.471263 2.000000 2.336072 0.014074 0.074694 0.003791 22.000000 0.000000 96.000000 72.000000 2.000000 0.000000 36.011699
1 0.869173 2.000000 0.840607 0.002961 0.015764 0.002271 14.000000 0.000000 8.000000 25.000000 2.000000 0.000000 36.910812
1 1.550407 2.000000 1.439818 0.010616 0.063419 0.004941 28.000000 0.000000 0.000000 258.000000 2.000000 0.000000 38.813187
1 0.980148 2.000000 0.846545 0.014449 0.069630 0.001977 16.000000 0.000000 24.000000 38.000000 2.000000 0.000000 30.009363
1 1.508409 2.000000 1.459225 0.004127 0.029358 0.004922 14.000000 0.000000 0.000000 22.000000 2.000000 0.000000 35.537427
1 1.659729 2.000000 1.566782 0.010359 0.046797 0.007093 18.000000 0.000000 19.000000 37.000000 2.000000 0.000000 37.804335
1 1.945283 2.000000 1.898966 0.003996 0.023503 0.004525 16.000000 0.000000 6.000000 142.000000 2.000000 0.000000 40.669506
1 0.929824 2.000000 0.877183 0.005007 0.028867 0.002555 17.000000 0.000000 21.000000 133.000000 2.000000 0.000000 38.579412
1 1.614301 2.000000 0.850380 0.076571 0.403130 0.005792 36.000000 0.000000 635.000000 442.000000 2.000000 0.000000 43.030125
1 0.913540 2.000000 0.878556 0.003902 0.018295 0.003079 18.000000 0.000000 19.000000 30.000000 2.000000 0.000000 52.979544
1 1.112659 2.000000 0.827914 0.028889 0.155902 0.004837 23.000000 0.000000 161.000000 98.000000 2.000000 0.000000 40.349151
1 1.008019 2.000000 0.931104 0.006962 0.047030 0.003154 23.000000 0.000000 15.000000 45.000000 2.000000 0.000000 38.806628
1 1.011621 2.000000 0.884613 0.013082 0.064126 0.003061 21.000000 0.000000 51.000000 38.000000 2.000000 0.000000 36.870087
1 1.674874 2.000000 1.642116 0.002793 0.016918 0.002238 15.000000 0.000000 5.000000 29.000000 2.000000 0.000000 35.280792
1 3.202811 2.000000 1.604039 0.150243 0.811664 0.010187 34.000000 0.000000 472.000000 792.000000 2.000000 0.000000 39.286363
0 77.983703 4.000000 2.981337 10.135705 40.899425 0.421357 57.000000 0.000000 147.000000 1068429.000000 2.000000 0.000000 -1.000000
1 2.585817 4.000000 1.538475 0.079791 0.440436 0.290041 102.000000 0.000000 353.000000 477.000000 2.000000 0.000000 44.461799
1 5.405211 4.000000 1.576834 0.238496 1.294931 1.464893 179.000000 0.000000 727.000000 746.000000 2.000000 0.000000 39.862895
1 2.411369 4.000000 2.149875 0.006079 0.030945 0.208458 33.000000 0.000000 7.000000 45.000000 2.000000 0.000000 40.925929
1 7.602473 4.000000 1.597917 0.393388 2.355724 1.959324 149.000000 0.000000 841.000000 1609.000000 2.000000 0.000000 39.766407
1 2.251364 4.000000 1.652717 0.008200 0.051241 0.555866 33.000000 0.000000 3.000000 56.000000 2.000000 0.000000 36.626618
1 2.097926 4.000000 1.146913 0.076696 0.451665 0.206160 44.000000 0.000000 200.000000 640.000000 2.000000 0.000000 35.522403
1 24.063212 4.000000 3.390284 1.579793 8.736801 4.366850 499.000000 0.000000 4626.000000 4651.000000 2.000000 0.000000 34.643089
1 6.279552 4.000000 3.110912 0.152224 0.861064 1.627592 188.000000 0.000000 856.000000 1134.000000 2.000000 0.000000 42.280503
1 5.901121 4.000000 2.325790 0.239671 1.348557 1.224532 148.000000 0.000000 1034.000000 1059.000000 2.000000 0.000000 41.939972
1 1.968551 4.000000 1.474002 0.018538 0.097290 0.341445 46.000000 0.000000 71.000000 92.000000 2.000000 0.000000 32.990138
1 2.849376 4.000000 2.323177 0.014578 0.074430 0.405375 37.000000 0.000000 31.000000 18.000000 2.000000 0.000000 40.716577
1 3.251317 4.000000 1.522684 0.145652 0.748028 0.438315 102.000000 0.000000 901.000000 1037.000000 2.000000 0.000000 36.417045
1 1.939655 4.000000 1.417190 0.026998 0.152108 0.279905 53.000000 0.000000 118.000000 176.000000 2.000000 0.000000 37.742660
1 3.637247 4.000000 2.393124 0.070546 0.381407 0.550036 68.000000 0.000000 319.000000 156.000000 2.000000 0.000000 39.484259
1 3.963193 4.000000 2.197525 0.050878 0.288871 1.315031 86.000000 0.000000 352.000000 236.000000 2.000000 0.000000 37.899233
1 7.603056 4.000000 3.319653 0.191315 1.099079 2.368497 170.000000 0.000000 1560.000000 752.000000 2.000000 0.000000 38.649221
1 7.606738 4.000000 2.962352 0.105130 0.598138 3.552633 171.000000 0.000000 340.000000 828.000000 2.000000 0.000000 37.130349
1 9.833564 4.000000 0.863071 0.922081 4.716672 0.503029 155.000000 0.000000 3834.000000 4662.000000 2.000000 0.000000 41.925274
1 3.661293 4.000000 1.840413 0.081997 0.454822 1.009473 129.000000 0.000000 461.000000 367.000000 2.000000 0.000000 35.924166
1 1.235194 4.000000 0.907750 0.025592 0.145823 0.094630 46.000000 0.000000 66.000000 282.000000 2.000000 0.000000 41.536943
1 1.701625 4.000000 0.830709 0.079818 0.416468 0.139506 78.000000 0.000000 268.000000 421.000000 2.000000 0.000000 36.433207
1 4.044529 4.000000 1.095662 0.256060 1.429653 0.491427 93.000000 0.000000 477.000000 998.000000 2.000000 0.000000 38.474704
1 2.573750 4.000000 1.628561 0.079063 0.386740 0.255958 55.000000 0.000000 75.000000 259.000000 2.000000 0.000000 39.196716
1 5.057735 4.000000 2.977517 0.075139 0.435098 1.311069 109.000000 0.000000 193.000000 527.000000 2.000000 0.000000 45.229479
1 6.633734 4.000000 2.092258 0.332873 1.972881 1.174468 148.000000 0.000000 800.000000 1982.000000 2.000000 0.000000 41.891798
1 1.792675 4.000000 1.486477 0.005575 0.030942 0.289156 31.000000 0.000000 21.000000 17.000000 2.000000 0.000000 40.336682
1 4.271007 4.000000 3.796323 0.010600 0.053037 0.487536 39.000000 0.000000 26.000000 24.000000 2.000000 0.000000 40.872662
1 1.822593 4.000000 1.526372 0.012206 0.066934 0.186564 48.000000 0.000000 64.000000 57.000000 2.000000 0.000000 36.480154
1 2.125358 4.000000 1.479781 0.057393 0.309052 0.111311 53.000000 0.000000 126.000000 324.000000 2.000000 0.000000 35.580045
1 1.827825 4.000000 1.547343 0.019116 0.103455 0.115545 32.000000 0.000000 13.000000 61.000000 2.000000 0.000000 37.474792
1 7.765579 4.000000 2.949648 0.161573 0.967829 3.110248 160.000000 0.000000 510.000000 1012.000000 2.000000 0.000000 37.669842
1 8.228166 4.000000 2.477094 0.485728 2.739718 0.979344 135.000000 0.000000 1458.000000 3266.000000 2.000000 0.000000 39.154205
1 2.907931 4.000000 2.388878 0.037857 0.186559 0.235396 64.000000 0.000000 159.000000 149.000000 2.000000 0.000000 39.384430
1 2.253549 4.000000 1.517342 0.035193 0.213783 0.372905 50.000000 0.000000 145.000000 153.000000 2.000000 0.000000 31.425347
1 4.781194 4.000000 2.235463 0.127398 0.803401 1.206466 113.000000 0.000000 582.000000 416.000000 2.000000 0.000000 41.066112
1 6.298755 4.000000 1.612710 0.316033 1.919329 1.371747 144.000000 0.000000 1235.000000 1135.000000 2.000000 0.000000 41.924088
1 1.709855 4.000000 1.600208 0.005798 0.031636 0.071397 25.000000 0.000000 11.000000 27.000000 2.000000 0.000000 36.158858
1 2.672726 4.000000 1.527485 0.056439 0.360540 0.546309 77.000000 0.000000 109.000000 528.000000 2.000000 0.000000 41.153549
1 2.608447 4.000000 1.461339 0.054082 0.372169 0.543084 53.000000 0.000000 144.000000 492.000000 2.000000 0.000000 41.170308
1 16.633613 4.000000 1.616998 1.151248 7.149591 2.334174 222.000000 0.000000 2687.000000 9701.000000 2.000000 0.000000 44.957075
1 2.154021 4.000000 1.549050 0.027494 0.156269 0.381149 49.000000 0.000000 39.000000 104.000000 2.000000 0.000000 39.407165
1 5.841907 4.000000 2.786996 0.193743 1.198445 1.087849 114.000000 0.000000 972.000000 1079.000000 2.000000 0.000000 36.512310
1 8.614365 4.000000 0.983192 0.693292 4.043096 0.571327 121.000000 0.000000 1908.000000 3629.000000 2.000000 0.000000 36.343918
1 2.517623 4.000000 1.933626 0.027300 0.137190 0.388452 44.000000 0.000000 29.000000 83.000000 2.000000 0.000000 42.602962
1 2.242042 4.000000 1.514213 0.053518 0.306278 0.210101 47.000000 0.000000 125.000000 239.000000 2.000000 0.000000 40.270358
1 1.540597 4.000000 0.925339 0.051629 0.267645 0.154586 82.000000 0.000000 108.000000 461.000000 2.000000 0.000000 34.466840
1 2.272635 4.000000 1.518959 0.031056 0.177074 0.445763 66.000000 0.000000 167.000000 150.000000 2.000000 0.000000 42.796660
1 12.119060 4.000000 2.561142 0.707954 4.383464 1.696325 182.000000 0.000000 2491.000000 4470.000000 2.000000 0.000000 38.330499
1 3.761195 4.000000 2.267817 0.026539 0.143367 1.335196 66.000000 0.000000 136.000000 182.000000 2.000000 0.000000 35.735288
1 3.226992 4.000000 2.775803 0.016055 0.098345 0.319903 29.000000 0.000000 11.000000 31.000000 2.000000 0.000000 39.077921
1 6.266365 4.000000 1.892392 0.359090 2.059459 0.782798 128.000000 0.000000 1759.000000 2011.000000 2.000000 0.000000 40.816479
1 4.640593 4.000000 3.217056 0.056878 0.349821 0.848276 78.000000 0.000000 126.000000 438.000000 2.000000 0.000000 33.861091
1 2.197465 4.000000 1.782488 0.015662 0.095190 0.394112 27.000000 0.000000 49.000000 49.000000 2.000000 0.000000 37.248605
1 3.399532 4.000000 2.788340 0.025653 0.136218 0.413146 37.000000 0.000000 58.000000 66.000000 2.000000 0.000000 39.153611
1 11.814531 4.000000 1.538551 0.866376 5.442764 1.006609 119.000000 0.000000 3126.000000 5347.000000 2.000000 0.000000 35.330758
1 2.102557 4.000000 1.456605 0.050727 0.233152 0.248528 55.000000 0.000000 125.000000 93.000000 2.000000 0.000000 46.112756
1 2.655097 4.000000 2.337753 0.008897 0.045099 0.239746 36.000000 0.000000 28.000000 49.000000 2.000000 0.000000 41.169191
1 7.317133 4.000000 1.530558 0.402669 2.534665 1.521033 145.000000 0.000000 629.000000 2455.000000 2.000000 0.000000 36.793327
1 1.780408 4.000000 1.635417 0.006617 0.038481 0.084248 30.000000 0.000000 2.000000 84.000000 2.000000 0.000000 32.691793
1 7.966960 6.000000 1.984595 0.032848 0.176543 6.169876 74.000000 0.000000 173.000000 134.000000 2.000000 0.000000 35.291159
1 8.908732 6.000000 1.467329 0.149857 0.818875 6.071504 134.000000 0.000000 855.000000 537.000000 2.000000 0.000000 35.050064
1 8.205037 6.000000 2.109820 0.045402 0.236116 5.967203 98.000000 0.000000 256.000000 78.000000 2.000000 0.000000 35.856317
1 10.826640 6.000000 3.496336 0.042213 0.233833 6.899816 80.000000 0.000000 55.000000 230.000000 2.000000 0.000000 33.529422
1 9.555495 6.000000 2.198224 0.184561 1.021484 5.781898 127.000000 0.000000 391.000000 758.000000 2.000000 0.000000 32.115532
1 13.943803 6.000000 1.482142 0.380594 2.052185 9.003314 184.000000 0.000000 1641.000000 1219.000000 2.000000 0.000000 35.842419
1 3.850152 6.000000 2.190600 0.012931 0.068064 1.648020 57.000000 0.000000 27.000000 90.000000 2.000000 0.000000 35.280541
1 12.368965 6.000000 1.523032 0.130389 0.829814 9.685090 213.000000 0.000000 690.000000 589.000000 2.000000 0.000000 32.490149
1 17.272744 6.000000 1.448531 0.427869 2.579818 11.406304 232.000000 0.000000 1279.000000 1959.000000 2.000000 0.000000 32.088454
1 28.781532 6.000000 3.489854 0.377216 2.300168 21.401805 432.000000 0.000000 1731.000000 1659.000000 2.000000 0.000000 36.196839
1 12.518037 6.000000 1.468698 0.450507 2.900534 6.149972 154.000000 0.000000 1808.000000 1797.000000 2.000000 0.000000 29.817842
1 5.507189 6.000000 2.419850 0.021246 0.139261 3.070871 60.000000 0.000000 120.000000 82.000000 2.000000 0.000000 34.179616
1 12.776191 6.000000 0.817666 0.396252 1.987662 8.361169 276.000000 0.000000 1267.000000 1846.000000 2.000000 0.000000 37.776984
1 21.756469 6.000000 2.576230 0.536687 3.347673 13.675689 292.000000 0.000000 3457.000000 2305.000000 2.000000 0.000000 31.643931
1 5.910223 6.000000 1.439829 0.043664 0.270373 4.043964 60.000000 0.000000 112.000000 260.000000 2.000000 0.000000 38.458539
1 16.254515 6.000000 1.448696 0.351507 2.027134 11.419571 260.000000 0.000000 2012.000000 1159.000000 2.000000 0.000000 28.889826
1 20.225412 6.000000 1.471359 0.815649 4.966363 10.301406 305.000000 0.000000 3260.000000 3217.000000 2.000000 0.000000 31.978092
1 5.913800 6.000000 1.499241 0.228562 1.287375 2.278759 112.000000 0.000000 230.000000 1731.000000 2.000000 0.000000 39.353999
1 7.729300 6.000000 1.933753 0.127412 0.676941 4.654453 100.000000 0.000000 274.000000 335.000000 2.000000 0.000000 36.191885
1 30.038284 6.000000 2.520260 0.271818 1.640812 24.765200 325.000000 0.000000 856.000000 1216.000000 2.000000 0.000000 36.238887
1 26.292173 6.000000 2.621415 0.817843 4.974815 15.147830 391.000000 0.000000 2933.000000 4763.000000 2.000000 0.000000 42.097394
1 31.316085 6.000000 2.128723 0.298275 1.893273 26.156261 301.000000 0.000000 1004.000000 1500.000000 2.000000 0.000000 33.510603
1 63.253708 6.000000 2.923285 1.167739 7.041322 48.299661 532.000000 0.000000 3599.000000 5742.000000 2.000000 0.000000 39.360510
1 23.123344 6.000000 1.962516 0.490559 3.100227 16.060515 344.000000 0.000000 2025.000000 1775.000000 2.000000 0.000000 33.846423
1 3.446600 6.000000 1.601913 0.120990 0.723082 0.642511 119.000000 0.000000 346.000000 908.000000 2.000000 0.000000 29.226305
0 76.533157 6.000000 1.424253 4.715421 29.957333 19.761111 421.000000 0.000000 14448.000000 42730.000000 2.000000 0.000000 -1.000000
1 3.613671 6.000000 1.905309 0.083879 0.436622 0.984337 98.000000 0.000000 135.000000 480.000000 2.000000 0.000000 38.687219
1 12.734335 6.000000 2.435757 0.264975 1.484879 7.747593 174.000000 0.000000 954.000000 898.000000 2.000000 0.000000 32.528596
1 56.863062 6.000000 3.274722 0.686872 3.954223 46.897871 590.000000 0.000000 3465.000000 2060.000000 2.000000 0.000000 35.027971
1 11.776049 6.000000 1.468741 0.339308 2.049123 6.740961 187.000000 0.000000 1470.000000 1335.000000 2.000000 0.000000 35.127014
1 59.887126 6.000000 2.623915 2.252990 13.467729 32.887408 633.000000 0.000000 8333.000000 10955.000000 2.000000 0.000000 39.031799
1 54.399566 6.000000 1.754138 0.990103 6.840234 40.840812 621.000000 0.000000 5427.000000 5120.000000 2.000000 0.000000 41.811720
0 78.452838 6.000000 2.364715 0.246242 1.523213 73.304146 418.000000 0.000000 1167.000000 1299.000000 2.000000 0.000000 -1.000000
0 76.027325 6.000000 1.021664 9.800190 31.093351 1.536598 261.000000 0.000000 1370.000000 721464.000000 2.000000 0.000000 -1.000000
1 70.688689 6.000000 1.532673 2.470380 15.127275 42.234994 854.000000 0.000000 10543.000000 11452.000000 2.000000 0.000000 35.745007
1 29.345845 6.000000 2.228032 0.252557 1.456256 24.895319 312.000000 0.000000 1271.000000 668.000000 2.000000 0.000000 29.841294
1 55.667665 6.000000 2.639276 1.689210 9.231615 36.350688 803.000000 0.000000 4775.000000 8043.000000 2.000000 0.000000 38.616673
1 11.947396 6.000000 1.488355 0.377967 1.993706 7.045393 258.000000 0.000000 893.000000 1611.000000 2.000000 0.000000 33.063329
1 5.176527 6.000000 2.547335 0.052853 0.286396 2.106981 99.000000 0.000000 301.000000 137.000000 2.000000 0.000000 34.615023
1 36.409356 6.000000 1.624547 1.225925 6.724195 22.744217 485.000000 0.000000 5956.000000 6562.000000 2.000000 0.000000 47.168122
1 2.844085 6.000000 0.799356 0.072729 0.418762 1.343752 99.000000 0.000000 326.000000 477.000000 2.000000 0.000000 34.660912
1 13.811204 6.000000 1.576365 0.239475 1.305791 10.052769 194.000000 0.000000 745.000000 766.000000 2.000000 0.000000 35.449107
1 12.066353 6.000000 1.632944 0.286910 1.841118 7.409096 162.000000 0.000000 1190.000000 1491.000000 2.000000 0.000000 33.307251
1 58.489342 6.000000 2.677514 1.571867 8.764931 40.285077 904.000000 0.000000 4927.000000 7586.000000 2.000000 0.000000 33.534632
1 41.082863 6.000000 2.592622 0.615060 3.655559 32.122221 496.000000 0.000000 2774.000000 2854.000000 2.000000 0.000000 39.992602
1 3.880042 6.000000 1.030196 0.067459 0.339805 2.245119 82.000000 0.000000 108.000000 281.000000 2.000000 0.000000 33.946476
1 28.769244 6.000000 3.517774 0.193863 1.263974 23.570593 243.000000 0.000000 767.000000 1083.000000 2.000000 0.000000 39.076785
1 13.756468 6.000000 1.846988 0.118436 0.626175 10.892303 128.000000 0.000000 311.000000 260.000000 2.000000 0.000000 33.920959
1 42.280215 6.000000 2.529504 0.509359 3.167649 34.498159 427.000000 0.000000 2298.000000 2466.000000 2.000000 0.000000 29.946585
1 5.610961 6.000000 1.385544 0.082920 0.494334 3.459455 99.000000 0.000000 487.000000 277.000000 2.000000 0.000000 34.763158
0 77.481982 6.000000 2.407585 1.279427 4.390275 8.050102 126.000000 0.000000 423.000000 87833.000000 2.000000 0.000000 -1.000000
1 12.870327 6.000000 1.595973 0.499916 3.050641 6.209239 280.000000 0.000000 2266.000000 3120.000000 2.000000 0.000000 35.082903
1 23.388825 6.000000 1.597792 0.472320 2.843024 16.963940 304.000000 0.000000 1846.000000 2053.000000 2.000000 0.000000 35.650364
1 20.376440 6.000000 2.098459 0.163322 0.959029 16.948301 201.000000 0.000000 440.000000 479.000000 2.000000 0.000000 42.880882
0 77.470669 6.000000 2.275165 2.759591 16.069496 46.091345 802.000000 0.000000 9613.000000 11861.000000 2.000000 0.000000 -1.000000
1 9.924012 6.000000 2.536233 0.166926 1.165543 5.880717 146.000000 0.000000 674.000000 700.000000 2.000000 0.000000 41.426703
1 22.790132 6.000000 2.175614 0.586349 3.323452 14.838658 335.000000 0.000000 2695.000000 2401.000000 2.000000 0.000000 34.582775
0 78.325938 6.000000 3.118871 1.501752 8.814963 59.442974 494.000000 0.000000 4556.000000 5735.000000 2.000000 0.000000 -1.000000
1 27.465844 6.000000 1.550563 1.049962 5.895284 15.561815 465.000000 0.000000 2909.000000 3850.000000 2.000000 0.000000 35.642832
1 10.052924 6.000000 2.598339 0.026994 0.167258 7.159309 81.000000 0.000000 13.000000 268.000000 2.000000 0.000000 33.685831
0 77.429996 8.000000 1.571953 0.468676 2.915565 70.758608 361.000000 0.000000 890.000000 2133.000000 2.000000 0.000000 -1.000000
1 30.183051 8.000000 2.099326 0.269434 1.647863 25.615235 200.000000 0.000000 274.000000 1172.000000 2.000000 0.000000 42.992758
1 31.623823 8.000000 1.567925 0.307853 1.800007 27.335527 248.000000 0.000000 775.000000 710.000000 2.000000 0.000000 34.925036
0 83.253050 8.000000 2.261001 0.109831 0.651625 80.669711 231.000000 0.000000 337.000000 554.000000 2.000000 0.000000 -1.000000
0 76.651102 8.000000 1.510642 1.101159 6.038575 64.440763 821.000000 0.000000 4025.000000 4328.000000 2.000000 0.000000 -1.000000
0 77.323942 8.000000 2.296149 0.343498 1.129785 64.549356 118.000000 0.000000 0.000000 12100.000000 2.000000 0.000000 -1.000000
0 78.232364 8.000000 2.614945 0.472498 2.976877 70.960296 354.000000 0.000000 1575.000000 1667.000000 2.000000 0.000000 -1.000000
0 88.018351 8.000000 2.503117 0.181323 1.177957 84.224191 230.000000 0.000000 569.000000 714.000000 2.000000 0.000000 -1.000000
0 92.262316 8.000000 2.901651 0.071093 0.480574 88.827118 126.000000 0.000000 151.000000 238.000000 2.000000 0.000000 -1.000000
1 27.239266 8.000000 2.745326 0.160159 0.927540 23.562728 145.000000 0.000000 204.000000 800.000000 2.000000 0.000000 32.350691
0 80.340311 8.000000 3.595350 0.392008 2.310110 73.984340 293.000000 0.000000 1051.000000 700.000000 2.000000 0.000000 -1.000000
0 78.279659 8.000000 2.599152 0.405061 2.463851 72.079415 251.000000 0.000000 1906.000000 1748.000000 2.000000 0.000000 -1.000000
0 79.687265 8.000000 3.499480 0.237087 1.371555 74.696159 262.000000 0.000000 1117.000000 1048.000000 2.000000 0.000000 -1.000000
0 79.006496 8.000000 3.639909 0.167804 1.019496 74.460189 183.000000 0.000000 574.000000 414.000000 2.000000 0.000000 -1.000000
0 80.181231 8.000000 2.364069 0.299018 1.784533 74.697662 259.000000 0.000000 1303.000000 1273.000000 2.000000 0.000000 -1.000000
0 79.326096 8.000000 3.523332 0.299667 1.889395 73.046212 374.000000 0.000000 789.000000 1974.000000 2.000000 0.000000 -1.000000
0 77.713709 8.000000 2.576653 1.019374 6.238435 64.888649 426.000000 0.000000 2713.000000 5074.000000 2.000000 0.000000 -1.000000
0 79.727543 8.000000 3.535137 0.134527 0.869236 76.499882 184.000000 0.000000 525.000000 460.000000 2.000000 0.000000 -1.000000
0 77.694923 8.000000 2.672908 1.693990 4.279340 43.094991 247.000000 0.000000 170.000000 86891.000000 2.000000 0.000000 -1.000000
0 80.309242 8.000000 1.875426 0.095100 0.555605 78.277959 166.000000 0.000000 395.000000 296.000000 2.000000 0.000000 -1.000000
0 87.057507 8.000000 1.856543 0.218189 1.299742 83.044969 289.000000 0.000000 517.000000 1058.000000 2.000000 0.000000 -1.000000
0 83.435596 8.000000 2.327334 0.153878 0.917698 80.269709 237.000000 0.000000 653.000000 430.000000 2.000000 0.000000 -1.000000
0 91.238891 8.000000 2.824127 0.068903 0.487313 89.560505 193.000000 0.000000 197.000000 393.000000 2.000000 0.000000 -1.000000
1 36.680999 8.000000 1.781216 0.245358 1.530839 32.807730 172.000000 0.000000 851.000000 831.000000 2.000000 0.000000 34.738192
0 77.869873 8.000000 2.773037 0.619571 3.694250 68.792659 243.000000 0.000000 1441.000000 3291.000000 2.000000 0.000000 -1.000000
0 91.506944 8.000000 2.204988 0.084206 0.528312 89.707725 142.000000 0.000000 182.000000 308.000000 2.000000 0.000000 -1.000000
1 65.866287 8.000000 2.652706 0.776239 4.826740 55.568718 402.000000 0.000000 4177.000000 3147.000000 2.000000 0.000000 36.952587
0 82.799540 8.000000 2.663744 0.259445 1.607853 77.407239 243.000000 0.000000 638.000000 640.000000 2.000000 0.000000 -1.000000
1 46.049996 8.000000 2.748281 0.120304 0.742098 43.169599 151.000000 0.000000 328.000000 403.000000 2.000000 0.000000 39.251501
0 77.445015 8.000000 1.408687 0.280873 1.864778 73.296618 374.000000 0.000000 763.000000 1288.000000 2.000000 0.000000 -1.000000
0 78.057483 8.000000 2.281228 0.541112 3.207077 70.195828 375.000000 0.000000 2077.000000 1953.000000 2.000000 0.000000 -1.000000
1 52.271650 8.000000 1.521406 0.757531 4.542424 42.921496 516.000000 0.000000 3194.000000 3228.000000 2.000000 0.000000 38.501112
0 78.181672 8.000000 1.965425 0.148239 0.903707 75.114684 182.000000 0.000000 337.000000 447.000000 2.000000 0.000000 -1.000000
1 5.125919 8.000000 1.391927 0.039605 0.199830 3.362786 89.000000 0.000000 29.000000 240.000000 2.000000 0.000000 38.046885
0 82.503392 8.000000 1.947065 0.192081 1.398001 78.637850 291.000000 0.000000 762.000000 712.000000 2.000000 0.000000 -1.000000
0 80.820693 8.000000 3.636156 1.203326 5.951833 67.267624 513.000000 0.000000 3219.000000 1551.000000 2.000000 0.000000 -1.000000
1 30.220712 8.000000 3.115487 0.150880 0.873444 26.106755 189.000000 0.000000 252.000000 577.000000 2.000000 0.000000 37.999304
0 79.910841 8.000000 2.024906 0.159186 0.963172 76.865830 231.000000 0.000000 613.000000 573.000000 2.000000 0.000000 -1.000000
0 79.444303 8.000000 2.693391 0.416284 2.293992 72.978015 394.000000 0.000000 1953.000000 1577.000000 2.000000 0.000000 -1.000000
0 77.943409 8.000000 1.806055 0.189591 1.183022 74.409281 205.000000 0.000000 482.000000 584.000000 2.000000 0.000000 -1.000000
1 37.124425 8.000000 3.492714 0.072015 0.413083 33.790552 107.000000 0.000000 140.000000 152.000000 2.000000 0.000000 34.117086
1 31.707876 8.000000 2.659183 0.100736 0.613469 28.708159 135.000000 0.000000 149.000000 380.000000 2.000000 0.000000 36.167579
1 21.274427 8.000000 1.318023 0.057272 0.353750 19.648094 147.000000 0.000000 101.000000 359.000000 2.000000 0.000000 36.632345
1 31.150411 8.000000 1.917464 0.055751 0.357758 29.273567 137.000000 0.000000 64.000000 242.000000 2.000000 0.000000 35.112502
0 78.326083 8.000000 2.889789 0.652136 3.923324 68.920063 488.000000 0.000000 1855.000000 3355.000000 2.000000 0.000000 -1.000000
1 33.270160 8.000000 1.636823 0.615502 3.767326 25.218490 374.000000 0.000000 2746.000000 2484.000000 2.000000 0.000000 36.462612
1 70.912944 8.000000 1.955638 0.102617 0.642176 68.641935 180.000000 0.000000 335.000000 285.000000 2.000000 0.000000 34.683731
0 91.569954 8.000000 3.255574 0.046524 0.328999 89.165480 133.000000 0.000000 113.000000 284.000000 2.000000 0.000000 -1.000000
0 86.265451 8.000000 1.890584 0.192485 1.175749 82.339796 272.000000 0.000000 387.000000 792.000000 2.000000 0.000000 -1.000000
0 79.028451 8.000000 1.834337 0.145004 0.903486 76.267669 169.000000 0.000000 359.000000 626.000000 2.000000 0.000000 -1.000000
0 81.791875 8.000000 2.623614 0.443995 2.518468 75.221845 364.000000 0.000000 1568.000000 1269.000000 2.000000 0.000000 -1.000000
0 77.869788 8.000000 2.660093 1.100601 6.469821 63.537335 826.000000 0.000000 3241.000000 6592.000000 2.000000 0.000000 -1.000000
0 81.753550 8.000000 3.611314 0.118647 0.698682 78.177033 174.000000 0.000000 408.000000 278.000000 2.000000 0.000000 -1.000000
1 32.191019 8.000000 2.649998 0.404925 2.228938 25.829032 412.000000 0.000000 750.000000 2436.000000 2.000000 0.000000 38.933475
0 85.315165 8.000000 1.911262 0.275753 1.604543 80.607308 336.000000 0.000000 823.000000 1143.000000 2.000000 0.000000 -1.000000
0 76.770400 8.000000 1.757718 2.490819 14.816973 47.050479 492.000000 0.000000 3287.000000 138120.000000 2.000000 0.000000 -1.000000
0 78.802504 8.000000 1.808838 0.167303 1.044483 75.932574 265.000000 0.000000 678.000000 501.000000 2.000000 0.000000 -1.000000
1 76.801821 8.000000 2.619256 0.569981 3.203912 69.090179 412.000000 0.000000 2761.000000 2274.000000 2.000000 0.000000 38.901658
0 93.700831 8.000000 4.304663 0.028149 0.183092 90.815719 77.000000 0.000000 160.000000 40.000000 2.000000 0.000000 -1.000000
0 79.785513 8.000000 3.570463 0.214687 1.375756 75.134159 290.000000 0.000000 1055.000000 1017.000000 2.000000 0.000000 -1.000000
0 77.658101 10.000000 1.908688 0.350976 2.350278 72.220090 281.000000 0.000000 141.000000 2837.000000 2.000000 0.000000 -1.000000
0 81.870540 10.000000 3.048658 0.316832 1.884247 75.430780 344.000000 0.000000 630.000000 1335.000000 2.000000 0.000000 -1.000000
0 91.915026 10.000000 2.127706 0.094007 0.597588 89.225393 230.000000 0.000000 391.000000 402.000000 2.000000 0.000000 -1.000000
1 57.307353 10.000000 1.645702 0.583437 3.341488 50.231952 590.000000 0.000000 2326.000000 2263.000000 2.000000 0.000000 37.317203
0 81.485166 10.000000 1.510028 0.340467 2.041716 76.435263 294.000000 0.000000 476.000000 999.000000 2.000000 0.000000 -1.000000
0 78.324113 10.000000 2.843294 0.463391 2.773967 70.840277 376.000000 0.000000 1160.000000 1916.000000 2.000000 0.000000 -1.000000
0 80.458924 10.000000 1.901408 0.167096 0.986837 77.386893 202.000000 0.000000 498.000000 698.000000 2.000000 0.000000 -1.000000
1 37.840251 10.000000 2.851106 0.274596 1.622043 32.803915 326.000000 0.000000 445.000000 1705.000000 2.000000 0.000000 34.564208
0 78.131396 10.000000 1.893165 0.342489 2.019004 72.997402 315.000000 0.000000 855.000000 1221.000000 2.000000 0.000000 -1.000000
0 81.336996 10.000000 3.799089 0.088445 0.556850 77.094396 237.000000 0.000000 509.000000 388.000000 2.000000 0.000000 -1.000000
1 48.968490 10.000000 1.596390 0.594282 3.389405 41.587599 367.000000 0.000000 1267.000000 2839.000000 2.000000 0.000000 32.357999
0 83.729849 10.000000 1.448414 0.149215 0.855752 81.306865 209.000000 0.000000 533.000000 352.000000 2.000000 0.000000 -1.000000
0 97.638860 10.000000 4.484513 0.024671 0.143601 93.142220 108.000000 0.000000 84.000000 114.000000 2.000000 0.000000 -1.000000
0 79.981627 10.000000 2.887247 0.300626 1.760306 74.155002 360.000000 0.000000 905.000000 1664.000000 2.000000 0.000000 -1.000000
0 81.575681 10.000000 1.597469 0.275933 1.533256 77.852017 247.000000 0.000000 827.000000 658.000000 2.000000 0.000000 -1.000000
0 81.863662 10.000000 3.727597 0.140873 0.877969 76.981497 258.000000 0.000000 640.000000 546.000000 2.000000 0.000000 -1.000000
1 75.106686 10.000000 1.631206 0.734372 4.532343 65.632470 662.000000 0.000000 3700.000000 3110.000000 2.000000 0.000000 30.869179
0 77.091226 10.000000 2.047020 1.647957 1.778468 27.610385 115.000000 0.000000 16.000000 78972.000000 2.000000 0.000000 -1.000000
0 86.030543 10.000000 1.971403 0.262291 1.715150 81.456707 323.000000 0.000000 617.000000 1065.000000 2.000000 0.000000 -1.000000
0 78.521144 10.000000 2.826873 0.399946 2.577374 71.240222 403.000000 0.000000 665.000000 1908.000000 2.000000 0.000000 -1.000000
0 79.582162 10.000000 1.507782 0.169110 0.907203 76.452171 182.000000 0.000000 248.000000 443.000000 2.000000 0.000000 -1.000000
0 83.642776 10.000000 3.735227 0.146286 0.858763 78.362505 264.000000 0.000000 386.000000 490.000000 2.000000 0.000000 -1.000000
0 93.590776 10.000000 2.345825 0.041444 0.262805 92.307719 154.000000 0.000000 160.000000 137.000000 2.000000 0.000000 -1.000000
0 85.393507 10.000000 1.928484 0.224861 1.343389 81.533993 275.000000 0.000000 762.000000 421.000000 2.000000 0.000000 -1.000000
0 82.184038 10.000000 3.490666 0.085196 0.534929 77.768287 213.000000 0.000000 290.000000 498.000000 2.000000 0.000000 -1.000000
0 76.732206 10.000000 0.950420 1.122500 7.015950 63.797436 630.000000 0.000000 4684.000000 8632.000000 2.000000 0.000000 -1.000000
0 77.122810 10.000000 1.568363 0.664337 3.682691 68.923211 877.000000 0.000000 3804.000000 2936.000000 2.000000 0.000000 -1.000000
0 81.851493 10.000000 1.881932 0.116925 0.736219 78.795090 272.000000 0.000000 395.000000 600.000000 2.000000 0.000000 -1.000000
0 77.723202 10.000000 1.394611 0.558247 3.545126 70.305209 703.000000 0.000000 3054.000000 2584.000000 2.000000 0.000000 -1.000000
0 80.193819 10.000000 1.579947 0.308131 1.877844 75.753089 430.000000 0.000000 1555.000000 1718.000000 2.000000 0.000000 -1.000000
1 20.744720 10.000000 1.384757 0.131404 0.748836 18.163661 247.000000 0.000000 537.000000 913.000000 2.000000 0.000000 33.057206
0 77.428756 10.000000 2.201617 0.083014 0.490579 75.177472 291.000000 0.000000 382.000000 501.000000 2.000000 0.000000 -1.000000
1 13.553736 10.000000 1.384264 0.054994 0.306799 11.757540 132.000000 0.000000 202.000000 297.000000 2.000000 0.000000 33.380075
0 80.971129 10.000000 1.772600 0.158736 1.054662 77.709385 341.000000 0.000000 765.000000 1122.000000 2.000000 0.000000 -1.000000
1 30.290529 10.000000 1.884758 0.128736 0.711868 27.660367 184.000000 0.000000 188.000000 626.000000 2.000000 0.000000 33.646733
0 79.878415 10.000000 1.894121 0.122014 0.682064 77.330396 296.000000 0.000000 612.000000 378.000000 2.000000 0.000000 -1.000000
0 79.490010 10.000000 1.433151 0.403152 2.263524 74.146738 408.000000 0.000000 1605.000000 1263.000000 2.000000 0.000000 -1.000000
0 77.889325 10.000000 1.846800 0.152513 0.996220 74.731676 308.000000 0.000000 616.000000 874.000000 2.000000 0.000000 -1.000000
1 35.393812 10.000000 1.839708 0.078102 0.479849 32.958155 170.000000 0.000000 179.000000 403.000000 2.000000 0.000000 34.148202
0 77.041526 10.000000 1.649497 0.324794 1.902842 72.293936 518.000000 0.000000 1186.000000 1467.000000 2.000000 0.000000 -1.000000
1 63.035193 10.000000 1.794610 0.129688 0.717593 60.363933 227.000000 0.000000 182.000000 488.000000 2.000000 0.000000 34.071580
0 77.609244 10.000000 1.867033 0.243127 1.676710 73.049327 393.000000 0.000000 1240.000000 1134.000000 2.000000 0.000000 -1.000000
1 54.137925 10.000000 1.432651 0.170971 1.095566 51.271036 277.000000 0.000000 456.000000 948.000000 2.000000 0.000000 35.013236
1 70.979871 10.000000 1.454164 0.645308 3.935148 63.354363 653.000000 0.000000 2043.000000 3537.000000 2.000000 0.000000 37.621570
0 82.414475 10.000000 1.802180 0.145730 1.000777 79.660917 279.000000 0.000000 521.000000 566.000000 2.000000 0.000000 -1.000000
0 80.557684 10.000000 2.032805 0.309917 1.997182 75.277538 438.000000 0.000000 1767.000000 1614.000000 2.000000 0.000000 -1.000000
0 81.502610 10.000000 1.912122 0.169803 0.971439 78.469718 275.000000 0.000000 478.000000 906.000000 2.000000 0.000000 -1.000000
0 79.231883 10.000000 2.165108 0.186162 1.079094 75.089622 392.000000 0.000000 752.000000 835.000000 2.000000 0.000000 -1.000000
0 84.918113 10.000000 2.057944 0.091042 0.531113 81.895763 257.000000 0.000000 403.000000 489.000000 2.000000 0.000000 -1.000000
1 57.478711 10.000000 1.553790 0.221370 1.247911 53.696975 370.000000 0.000000 938.000000 859.000000 2.000000 0.000000 34.376383
1 12.422679 10.000000 1.756994 0.024115 0.142957 10.534192 94.000000 0.000000 24.000000 152.000000 2.000000 0.000000 35.357513
1 64.719884 10.000000 2.039333 0.110327 0.652000 61.966684 242.000000 0.000000 496.000000 387.000000 2.000000 0.000000 35.009696
0 76.901499 10.000000 1.785398 0.336346 2.232445 71.666966 594.000000 0.000000 853.000000 2211.000000 2.000000 0.000000 -1.000000
0 79.008979 10.000000 2.003717 0.104102 0.621409 76.599677 263.000000 0.000000 572.000000 619.000000 2.000000 0.000000 -1.000000
0 77.243345 10.000000 1.403667 0.774525 4.704680 67.957536 636.000000 0.000000 3275.000000 3428.000000 2.000000 0.000000 -1.000000
1 39.419046 10.000000 1.817396 0.079748 0.495908 36.753567 216.000000 0.000000 117.000000 490.000000 2.000000 0.000000 33.985836
1 15.916911 10.000000 1.557438 0.019999 0.125038 14.146003 88.000000 0.000000 34.000000 74.000000 2.000000 0.000000 36.682759
0 78.286924 10.000000 1.452809 0.341477 2.311980 73.209898 437.000000 0.000000 686.000000 2477.000000 2.000000 0.000000 -1.000000
1 25.967520 10.000000 1.422632 0.452328 2.834031 19.785903 272.000000 0.000000 90.000000 5238.000000 2.000000 0.000000 32.628668
0 77.383371 10.000000 1.913695 0.204801 1.163487 73.692724 363.000000 0.000000 1423.000000 654.000000 2.000000 0.000000 -1.000000
