1 0.715345 1.000000 0.711712 0.001990 0.000826 0.000022 4.000000 5.000000 0.000000 1.000000 0.000000 1.000000 19.181346
1 0.711446 1.000000 0.705114 0.003620 0.001342 0.000017 4.000000 5.000000 0.000000 8.000000 0.000000 1.000000 18.309171
1 0.699801 1.000000 0.696315 0.001905 0.000821 0.000018 4.000000 5.000000 0.000000 1.000000 0.000000 1.000000 15.100891
1 0.652194 1.000000 0.629865 0.013745 0.004575 0.000014 4.000000 5.000000 0.000000 388.000000 0.000000 1.000000 16.491125
1 0.596527 1.000000 0.590209 0.003565 0.001432 0.000016 4.000000 5.000000 0.000000 4.000000 0.000000 1.000000 32.089009
1 1.063595 1.000000 1.061008 0.001364 0.000591 0.000015 4.000000 5.000000 0.000000 0.000000 0.000000 1.000000 16.574752
1 0.630886 1.000000 0.627538 0.001833 0.000738 0.000018 4.000000 5.000000 0.000000 0.000000 0.000000 1.000000 18.337802
1 0.631968 1.000000 0.627436 0.002566 0.000967 0.000015 4.000000 5.000000 0.000000 6.000000 0.000000 1.000000 28.749280
1 0.659747 1.000000 0.655163 0.002552 0.001032 0.000016 4.000000 5.000000 0.000000 1.000000 0.000000 1.000000 33.903713
1 0.708465 1.000000 0.704665 0.002026 0.000869 0.000019 3.000000 5.000000 0.000000 0.000000 0.000000 1.000000 15.364277
1 0.701519 1.000000 0.694472 0.003924 0.001557 0.000016 3.000000 5.000000 0.000000 10.000000 0.000000 1.000000 17.003321
1 0.664345 1.000000 0.660300 0.002272 0.000873 0.000014 3.000000 5.000000 0.000000 4.000000 0.000000 1.000000 14.798165
1 0.668778 1.000000 0.665816 0.001640 0.000648 0.000017 4.000000 5.000000 0.000000 0.000000 0.000000 1.000000 29.959530
1 0.683889 1.000000 0.681917 0.001154 0.000409 0.000014 3.000000 5.000000 0.000000 0.000000 0.000000 1.000000 14.413840
1 1.097968 1.000000 1.093785 0.002168 0.000992 0.000014 3.000000 5.000000 0.000000 4.000000 0.000000 1.000000 15.547327
1 0.641960 1.000000 0.638866 0.001714 0.000685 0.000015 4.000000 5.000000 0.000000 0.000000 0.000000 1.000000 19.122602
1 1.427659 1.000000 1.422312 0.002874 0.001230 0.000016 4.000000 5.000000 0.000000 10.000000 0.000000 1.000000 12.889384
1 0.626711 1.000000 0.623834 0.001507 0.000689 0.000012 3.000000 5.000000 0.000000 4.000000 0.000000 1.000000 17.698161
1 1.206809 1.000000 1.197893 0.004947 0.001974 0.000016 4.000000 5.000000 0.000000 6.000000 0.000000 1.000000 30.311178
1 0.715136 1.000000 0.711586 0.001918 0.000796 0.000014 3.000000 5.000000 0.000000 0.000000 0.000000 1.000000 19.911060
1 0.708942 1.000000 0.701843 0.004194 0.001452 0.000023 4.000000 5.000000 0.000000 12.000000 0.000000 1.000000 18.783196
1 0.672424 1.000000 0.667228 0.002933 0.001192 0.000017 3.000000 5.000000 0.000000 9.000000 0.000000 1.000000 11.933008
1 2.540997 1.000000 2.535633 0.002914 0.001210 0.000031 4.000000 5.000000 0.000000 0.000000 0.000000 1.000000 14.824855
1 1.426888 1.000000 1.422114 0.002734 0.001015 0.000017 4.000000 5.000000 0.000000 7.000000 0.000000 1.000000 18.148161
1 1.294236 1.000000 1.288230 0.003347 0.001316 0.000021 3.000000 5.000000 0.000000 0.000000 0.000000 1.000000 19.705210
1 2.880420 1.000000 2.877089 0.001807 0.000758 0.000014 4.000000 5.000000 0.000000 2.000000 0.000000 1.000000 15.942196
1 0.973065 1.000000 0.967701 0.003110 0.001119 0.000018 3.000000 5.000000 0.000000 8.000000 0.000000 1.000000 17.986256
1 1.184346 1.000000 1.181773 0.001504 0.000567 0.000014 4.000000 5.000000 0.000000 0.000000 0.000000 1.000000 16.027289
1 0.732966 1.000000 0.728590 0.002338 0.001030 0.000017 3.000000 5.000000 0.000000 1.000000 0.000000 1.000000 19.275133
1 0.712515 1.000000 0.697523 0.008992 0.002935 0.000019 3.000000 5.000000 0.000000 25.000000 0.000000 1.000000 13.074579
1 0.716873 1.000000 0.709952 0.003979 0.001479 0.000018 4.000000 5.000000 0.000000 23.000000 0.000000 1.000000 16.440952
1 0.627517 1.000000 0.624576 0.001676 0.000650 0.000013 3.000000 5.000000 0.000000 0.000000 0.000000 1.000000 13.234776
1 1.412238 1.000000 1.408837 0.001780 0.000788 0.000013 3.000000 5.000000 0.000000 8.000000 0.000000 1.000000 13.851136
1 0.620874 1.000000 0.618602 0.001252 0.000503 0.000012 3.000000 5.000000 0.000000 0.000000 0.000000 1.000000 16.841919
1 0.601056 1.000000 0.598676 0.001340 0.000511 0.000011 3.000000 5.000000 0.000000 0.000000 0.000000 1.000000 15.875264
1 0.628032 1.000000 0.622304 0.003222 0.001264 0.000013 3.000000 5.000000 0.000000 9.000000 0.000000 1.000000 12.637721
1 0.720532 1.000000 0.714290 0.003363 0.001439 0.000015 3.000000 5.000000 0.000000 7.000000 0.000000 1.000000 20.198751
1 0.714472 1.000000 0.704403 0.005886 0.002061 0.000017 4.000000 5.000000 0.000000 41.000000 0.000000 1.000000 29.108329
1 0.718752 1.000000 0.705785 0.007305 0.002717 0.000021 4.000000 5.000000 0.000000 33.000000 0.000000 1.000000 18.033035
1 0.709224 1.000000 0.706359 0.001609 0.000617 0.000018 3.000000 5.000000 0.000000 0.000000 0.000000 1.000000 16.314370
1 0.749373 1.000000 0.741524 0.004546 0.001766 0.000013 3.000000 5.000000 0.000000 40.000000 0.000000 1.000000 31.011423
1 0.669614 1.000000 0.656354 0.007598 0.003365 0.000017 3.000000 5.000000 0.000000 29.000000 0.000000 1.000000 16.796515
1 0.629979 1.000000 0.626010 0.002080 0.000951 0.000016 4.000000 5.000000 0.000000 9.000000 0.000000 1.000000 15.997046
1 0.628179 1.000000 0.624878 0.001878 0.000724 0.000016 3.000000 5.000000 0.000000 0.000000 0.000000 1.000000 16.396998
1 0.633480 1.000000 0.630333 0.001680 0.000721 0.000016 4.000000 5.000000 0.000000 0.000000 0.000000 1.000000 21.067348
1 0.603423 1.000000 0.601208 0.001310 0.000442 0.000017 3.000000 5.000000 0.000000 0.000000 0.000000 1.000000 15.311599
1 3.467038 1.000000 3.462071 0.002716 0.001125 0.000024 6.000000 5.000000 0.000000 10.000000 0.000000 1.000000 30.808504
1 0.713466 1.000000 0.710800 0.001477 0.000581 0.000018 4.000000 5.000000 0.000000 0.000000 0.000000 1.000000 16.938165
1 0.739053 1.000000 0.718052 0.011019 0.004834 0.000055 6.000000 5.000000 0.000000 7.000000 0.000000 1.000000 19.544667
1 1.420196 1.000000 1.412619 0.004393 0.001677 0.000036 4.000000 5.000000 0.000000 1.000000 0.000000 1.000000 20.600365
1 3.185337 1.000000 3.178785 0.003521 0.001452 0.000025 4.000000 5.000000 0.000000 0.000000 0.000000 1.000000 13.767047
1 1.266087 1.000000 1.256644 0.005213 0.002141 0.000028 4.000000 5.000000 0.000000 9.000000 0.000000 1.000000 29.091351
1 1.269948 1.000000 1.267023 0.001620 0.000643 0.000017 3.000000 5.000000 0.000000 0.000000 0.000000 1.000000 13.889452
1 0.988638 1.000000 0.985951 0.001507 0.000584 0.000020 4.000000 5.000000 0.000000 0.000000 0.000000 1.000000 16.585451
1 0.698275 1.000000 0.691289 0.004075 0.001487 0.000016 3.000000 5.000000 0.000000 10.000000 0.000000 1.000000 13.580107
1 0.723739 1.000000 0.720466 0.001782 0.000733 0.000014 3.000000 5.000000 0.000000 0.000000 0.000000 1.000000 17.476937
1 0.703314 1.000000 0.695974 0.003801 0.001800 0.000014 3.000000 5.000000 0.000000 12.000000 0.000000 1.000000 16.901376
1 0.706076 1.000000 0.700441 0.003065 0.001323 0.000020 4.000000 5.000000 0.000000 6.000000 0.000000 1.000000 19.534991
1 0.775290 1.000000 0.769869 0.003108 0.001164 0.000020 3.000000 5.000000 0.000000 0.000000 0.000000 1.000000 15.779833
1 1.238557 1.000000 1.234174 0.002394 0.000962 0.000020 3.000000 5.000000 0.000000 0.000000 0.000000 1.000000 17.440555
1 1.367476 2.000000 1.247066 0.061247 0.026704 0.004408 21.000000 5.000000 3.000000 17.000000 0.000000 1.000000 55.205602
1 3.770381 2.000000 1.190591 1.406923 0.571617 0.018501 549.000000 5.000000 41.000000 556.000000 0.000000 1.000000 138.220545
1 2.637710 2.000000 1.191477 0.789758 0.312314 0.006466 35.000000 5.000000 74.000000 155.000000 0.000000 1.000000 65.026368
1 1.382920 2.000000 1.210283 0.092793 0.036008 0.006635 89.000000 5.000000 9.000000 162.000000 0.000000 1.000000 60.856247
1 2.416441 2.000000 2.244912 0.086238 0.038207 0.007176 63.000000 5.000000 8.000000 66.000000 0.000000 1.000000 94.562089
1 1.274280 2.000000 1.216923 0.027194 0.012832 0.004054 116.000000 5.000000 0.000000 10.000000 0.000000 1.000000 85.273791
1 0.915313 2.000000 0.704585 0.113147 0.046370 0.003355 59.000000 5.000000 14.000000 66.000000 0.000000 1.000000 59.112753
1 0.984154 2.000000 0.646230 0.188035 0.073707 0.004043 33.000000 5.000000 21.000000 119.000000 0.000000 1.000000 59.020103
1 1.003747 2.000000 0.621789 0.202472 0.086187 0.004835 105.000000 5.000000 15.000000 101.000000 0.000000 1.000000 87.662807
1 0.667265 2.000000 0.617378 0.026148 0.010669 0.002323 18.000000 5.000000 13.000000 23.000000 0.000000 1.000000 56.131312
1 6.024618 2.000000 5.566303 0.212317 0.107070 0.031516 171.000000 5.000000 10.000000 27.000000 0.000000 1.000000 101.206885
1 2.641777 2.000000 1.474846 0.638650 0.267691 0.010449 68.000000 5.000000 31.000000 216.000000 0.000000 1.000000 55.242467
1 3.399809 2.000000 2.218402 0.620766 0.263960 0.019770 569.000000 5.000000 38.000000 193.000000 0.000000 1.000000 186.480564
0 76.280485 2.000000 1.280225 49.928267 9.724157 0.005828 154.000000 5.000000 8.000000 961568.000000 0.000000 1.000000 -1.000000
1 0.882685 2.000000 0.643550 0.130326 0.051797 0.003242 32.000000 5.000000 8.000000 62.000000 0.000000 1.000000 55.131833
1 0.711154 2.000000 0.616489 0.049733 0.020697 0.003433 93.000000 5.000000 16.000000 16.000000 0.000000 1.000000 68.715257
1 0.783928 2.000000 0.617843 0.085576 0.037232 0.005287 60.000000 5.000000 4.000000 40.000000 0.000000 1.000000 126.894723
1 1.002073 2.000000 0.631745 0.198661 0.081231 0.006412 27.000000 5.000000 3.000000 66.000000 0.000000 1.000000 119.353907
1 2.548315 2.000000 2.134033 0.224243 0.088641 0.006377 28.000000 5.000000 14.000000 36.000000 0.000000 1.000000 82.140579
1 2.144974 2.000000 1.752878 0.201963 0.090147 0.005341 33.000000 5.000000 20.000000 111.000000 0.000000 1.000000 77.747992
1 1.387488 2.000000 1.211982 0.086867 0.041000 0.003867 45.000000 5.000000 1.000000 85.000000 0.000000 1.000000 75.432237
1 1.268841 2.000000 0.712133 0.282184 0.130192 0.004278 32.000000 5.000000 38.000000 200.000000 0.000000 1.000000 85.827281
1 1.084627 2.000000 0.653969 0.231113 0.098643 0.005635 101.000000 5.000000 0.000000 116.000000 0.000000 1.000000 114.898912
1 1.249107 2.000000 1.079731 0.086136 0.038799 0.003661 113.000000 5.000000 3.000000 103.000000 0.000000 1.000000 73.959637
1 1.771029 2.000000 1.426378 0.180331 0.078691 0.007078 52.000000 5.000000 0.000000 82.000000 0.000000 1.000000 141.884231
1 1.971708 2.000000 1.625656 0.175591 0.077361 0.007112 41.000000 5.000000 5.000000 87.000000 0.000000 1.000000 58.727898
1 1.699722 2.000000 1.608975 0.046668 0.019479 0.004051 27.000000 5.000000 0.000000 36.000000 0.000000 1.000000 63.177964
1 6.359919 2.000000 4.170834 1.144533 0.490504 0.012487 47.000000 5.000000 20.000000 196.000000 0.000000 1.000000 68.695354
1 1.456692 2.000000 1.271828 0.093995 0.042323 0.009001 59.000000 5.000000 0.000000 19.000000 0.000000 1.000000 95.369348
1 1.023348 2.000000 0.861556 0.082144 0.035977 0.003881 32.000000 5.000000 14.000000 13.000000 0.000000 1.000000 64.346327
1 0.792107 2.000000 0.729939 0.033510 0.012805 0.002665 45.000000 5.000000 0.000000 23.000000 0.000000 1.000000 64.333791
1 1.857457 2.000000 1.240573 0.319889 0.142492 0.006068 99.000000 5.000000 23.000000 228.000000 0.000000 1.000000 93.822621
1 0.690357 2.000000 0.650972 0.020729 0.008436 0.001747 19.000000 5.000000 0.000000 9.000000 0.000000 1.000000 72.342363
1 0.777915 2.000000 0.628166 0.080953 0.032705 0.002634 50.000000 5.000000 1.000000 43.000000 0.000000 1.000000 51.026378
1 0.991974 2.000000 0.650735 0.181987 0.075834 0.006395 225.000000 5.000000 19.000000 150.000000 0.000000 1.000000 61.684823
1 1.231638 2.000000 0.627901 0.324970 0.133222 0.007765 223.000000 5.000000 39.000000 169.000000 0.000000 1.000000 51.830636
1 0.813184 2.000000 0.644074 0.091093 0.036893 0.004542 31.000000 5.000000 2.000000 54.000000 0.000000 1.000000 55.830825
0 75.852411 2.000000 0.715256 7.659477 1.945179 0.002636 18.000000 5.000000 15.000000 113571.000000 0.000000 1.000000 -1.000000
1 0.805822 2.000000 0.605275 0.105787 0.046172 0.003526 26.000000 5.000000 3.000000 66.000000 0.000000 1.000000 135.729739
1 4.177459 2.000000 4.119612 0.026329 0.013007 0.004273 82.000000 5.000000 4.000000 20.000000 0.000000 1.000000 56.035859
1 0.774456 2.000000 0.635832 0.073468 0.030283 0.003744 68.000000 5.000000 12.000000 47.000000 0.000000 1.000000 54.092825
1 0.795667 2.000000 0.641480 0.083956 0.032218 0.004677 141.000000 5.000000 8.000000 31.000000 0.000000 1.000000 71.115831
1 0.686034 2.000000 0.632314 0.027367 0.011843 0.002055 15.000000 5.000000 5.000000 38.000000 0.000000 1.000000 54.876122
1 2.031863 2.000000 1.810257 0.115422 0.049618 0.005286 24.000000 5.000000 4.000000 51.000000 0.000000 1.000000 67.657207
1 1.849384 2.000000 1.243449 0.318721 0.139216 0.011003 39.000000 5.000000 0.000000 165.000000 0.000000 1.000000 103.081046
1 1.497162 2.000000 1.331281 0.088210 0.037296 0.005412 24.000000 5.000000 0.000000 43.000000 0.000000 1.000000 100.896626
1 2.834073 2.000000 1.208205 0.890967 0.360210 0.007858 43.000000 5.000000 61.000000 269.000000 0.000000 1.000000 113.169714
1 1.455746 2.000000 1.259366 0.105057 0.041169 0.006784 25.000000 5.000000 0.000000 10.000000 0.000000 1.000000 53.776907
1 1.406713 2.000000 1.249046 0.083211 0.035877 0.004142 17.000000 5.000000 9.000000 43.000000 0.000000 1.000000 62.006973
1 1.679575 2.000000 1.260184 0.221500 0.094854 0.006475 29.000000 5.000000 5.000000 62.000000 0.000000 1.000000 74.010680
0 76.240830 2.000000 1.239289 50.722304 9.665312 0.002809 12.000000 5.000000 0.000000 899595.000000 0.000000 1.000000 -1.000000
1 0.766430 2.000000 0.616503 0.078795 0.032841 0.004288 36.000000 5.000000 1.000000 65.000000 0.000000 1.000000 107.090858
1 0.757374 2.000000 0.614082 0.076820 0.031102 0.003621 25.000000 5.000000 9.000000 55.000000 0.000000 1.000000 43.585623
1 0.656197 2.000000 0.614922 0.021749 0.008653 0.002128 15.000000 5.000000 0.000000 20.000000 0.000000 1.000000 55.519582
1 0.789537 2.000000 0.620731 0.089333 0.036457 0.004287 127.000000 5.000000 12.000000 18.000000 0.000000 1.000000 76.418102
1 0.675432 2.000000 0.603520 0.037070 0.017072 0.003011 35.000000 5.000000 9.000000 11.000000 0.000000 1.000000 101.546838
1 1.035780 2.000000 0.649032 0.202620 0.088756 0.003601 29.000000 5.000000 39.000000 143.000000 0.000000 1.000000 53.504738
1 0.826393 2.000000 0.619607 0.108913 0.045601 0.003733 31.000000 5.000000 1.000000 72.000000 0.000000 1.000000 54.880206
1 1.559213 4.000000 1.085926 0.222060 0.112295 0.035691 90.000000 5.000000 19.000000 158.000000 0.000000 1.000000 123.155862
1 1.759823 4.000000 1.309643 0.227431 0.109623 0.019515 27.000000 5.000000 18.000000 48.000000 0.000000 1.000000 74.654045
1 3.397635 4.000000 2.867270 0.254147 0.118951 0.050803 62.000000 5.000000 0.000000 108.000000 0.000000 1.000000 48.705283
0 78.091491 4.000000 3.015987 12.084866 2.800143 0.053719 71.000000 5.000000 25.000000 59862.000000 0.000000 1.000000 -1.000000
1 1.711610 4.000000 1.068312 0.313350 0.153193 0.039183 115.000000 5.000000 28.000000 244.000000 0.000000 1.000000 114.558469
1 1.329009 4.000000 0.625471 0.362337 0.164113 0.030594 85.000000 5.000000 44.000000 313.000000 0.000000 1.000000 115.676310
1 1.910838 4.000000 1.040495 0.439102 0.211307 0.028337 78.000000 5.000000 50.000000 228.000000 0.000000 1.000000 110.856439
1 1.658010 4.000000 1.406749 0.117822 0.057289 0.027302 66.000000 5.000000 40.000000 74.000000 0.000000 1.000000 76.126098
1 0.976915 4.000000 0.624606 0.177487 0.086369 0.014981 46.000000 5.000000 13.000000 145.000000 0.000000 1.000000 70.966908
1 1.913583 4.000000 1.055968 0.416551 0.201838 0.045847 121.000000 5.000000 32.000000 304.000000 0.000000 1.000000 143.470638
1 1.339886 4.000000 1.014432 0.159228 0.073477 0.028714 71.000000 5.000000 24.000000 63.000000 0.000000 1.000000 88.820253
1 2.027318 4.000000 1.025017 0.505104 0.235205 0.047286 126.000000 5.000000 54.000000 373.000000 0.000000 1.000000 90.197125
1 1.397194 4.000000 1.027018 0.168759 0.085205 0.037624 101.000000 5.000000 5.000000 91.000000 0.000000 1.000000 89.099465
1 1.986980 4.000000 1.058860 0.471466 0.224339 0.041367 120.000000 5.000000 34.000000 186.000000 0.000000 1.000000 137.670881
1 1.703401 4.000000 1.417411 0.136455 0.065375 0.024594 64.000000 5.000000 17.000000 75.000000 0.000000 1.000000 91.741131
1 2.609687 4.000000 1.456089 0.555355 0.271656 0.091182 200.000000 5.000000 47.000000 340.000000 0.000000 1.000000 127.098771
1 3.376546 4.000000 2.899926 0.221732 0.108471 0.043426 54.000000 5.000000 0.000000 54.000000 0.000000 1.000000 69.008245
1 2.242751 4.000000 2.068711 0.081263 0.038568 0.020114 29.000000 5.000000 7.000000 35.000000 0.000000 1.000000 57.526955
1 4.141225 4.000000 2.866784 0.603545 0.296685 0.108239 129.000000 5.000000 9.000000 176.000000 0.000000 1.000000 115.267742
1 2.377888 4.000000 2.161791 0.103069 0.048085 0.023705 30.000000 5.000000 5.000000 45.000000 0.000000 1.000000 54.391145
1 1.805227 4.000000 1.266119 0.267076 0.122269 0.043401 61.000000 5.000000 21.000000 53.000000 0.000000 1.000000 102.670229
1 3.556099 4.000000 2.944585 0.286772 0.141522 0.055814 69.000000 5.000000 19.000000 78.000000 0.000000 1.000000 105.732395
1 2.083844 4.000000 1.281494 0.411592 0.191194 0.032068 54.000000 5.000000 46.000000 135.000000 0.000000 1.000000 92.269175
1 1.554939 4.000000 0.836575 0.362282 0.169385 0.043671 84.000000 5.000000 17.000000 163.000000 0.000000 1.000000 122.927164
1 1.746304 4.000000 1.418443 0.160993 0.076029 0.021157 43.000000 5.000000 16.000000 112.000000 0.000000 1.000000 53.952896
1 2.116804 4.000000 1.890327 0.106701 0.054272 0.020026 40.000000 5.000000 9.000000 58.000000 0.000000 1.000000 64.751278
1 2.496997 4.000000 1.900730 0.278126 0.142048 0.048469 90.000000 5.000000 9.000000 87.000000 0.000000 1.000000 119.463147
1 1.975051 4.000000 1.411147 0.271734 0.130476 0.043750 87.000000 5.000000 24.000000 151.000000 0.000000 1.000000 99.915985
1 1.704542 4.000000 1.400368 0.141205 0.070106 0.032251 63.000000 5.000000 42.000000 44.000000 0.000000 1.000000 76.096050
1 1.650601 4.000000 1.394976 0.122725 0.059416 0.021828 41.000000 5.000000 2.000000 44.000000 0.000000 1.000000 73.773946
1 2.170743 4.000000 1.378541 0.400109 0.182947 0.035006 76.000000 5.000000 43.000000 102.000000 0.000000 1.000000 100.522487
1 1.593792 4.000000 1.407249 0.085237 0.042566 0.021184 41.000000 5.000000 5.000000 43.000000 0.000000 1.000000 55.739584
1 2.100147 4.000000 1.409883 0.354984 0.160785 0.027376 55.000000 5.000000 23.000000 463.000000 0.000000 1.000000 91.208274
1 1.751227 4.000000 1.426176 0.144599 0.074735 0.038408 99.000000 5.000000 23.000000 62.000000 0.000000 1.000000 122.891156
1 1.380582 4.000000 1.030257 0.168399 0.084191 0.024054 65.000000 5.000000 27.000000 49.000000 0.000000 1.000000 161.826669
1 1.927771 4.000000 1.392917 0.250998 0.120774 0.043027 115.000000 5.000000 22.000000 387.000000 0.000000 1.000000 83.674940
1 1.834949 4.000000 1.390595 0.215232 0.101706 0.034630 102.000000 5.000000 50.000000 172.000000 0.000000 1.000000 76.423282
1 1.597163 4.000000 1.059030 0.268998 0.127099 0.032561 79.000000 5.000000 74.000000 105.000000 0.000000 1.000000 81.468197
1 1.365844 4.000000 1.015748 0.176070 0.080404 0.021403 57.000000 5.000000 22.000000 216.000000 0.000000 1.000000 78.274077
1 0.786652 4.000000 0.617009 0.084689 0.038438 0.013513 38.000000 5.000000 2.000000 45.000000 0.000000 1.000000 120.897324
1 1.469513 4.000000 1.021487 0.219586 0.108340 0.021369 59.000000 5.000000 15.000000 109.000000 0.000000 1.000000 53.154746
0 75.699133 4.000000 0.615162 15.849886 2.614482 0.013502 41.000000 5.000000 5.000000 163277.000000 0.000000 1.000000 -1.000000
1 0.763310 4.000000 0.610948 0.073614 0.034172 0.015280 45.000000 5.000000 16.000000 38.000000 0.000000 1.000000 76.076055
1 1.288844 4.000000 0.611942 0.341579 0.164237 0.023362 68.000000 5.000000 86.000000 222.000000 0.000000 1.000000 138.142512
1 2.001113 4.000000 1.051650 0.475981 0.224129 0.050591 132.000000 5.000000 19.000000 294.000000 0.000000 1.000000 99.343208
1 1.987341 4.000000 1.474821 0.247458 0.118672 0.035965 99.000000 5.000000 24.000000 110.000000 0.000000 1.000000 158.459570
1 1.521061 4.000000 1.061474 0.216639 0.108965 0.034824 85.000000 5.000000 10.000000 73.000000 0.000000 1.000000 124.763060
1 1.438272 4.000000 1.048785 0.192426 0.094679 0.019862 55.000000 5.000000 24.000000 174.000000 0.000000 1.000000 95.213831
1 1.420679 4.000000 0.624742 0.397355 0.193886 0.044345 120.000000 5.000000 45.000000 188.000000 0.000000 1.000000 193.770036
1 1.790947 4.000000 1.378975 0.191444 0.097161 0.033268 87.000000 5.000000 36.000000 94.000000 0.000000 1.000000 129.847490
1 1.352151 4.000000 1.031021 0.160794 0.075311 0.018476 49.000000 5.000000 0.000000 76.000000 0.000000 1.000000 90.396792
1 1.451887 4.000000 1.027713 0.199252 0.101954 0.030309 81.000000 5.000000 54.000000 76.000000 0.000000 1.000000 81.736382
1 0.737006 4.000000 0.612169 0.061866 0.028887 0.009298 28.000000 5.000000 4.000000 82.000000 0.000000 1.000000 47.035687
1 1.222769 4.000000 1.030755 0.087636 0.045739 0.019197 55.000000 5.000000 40.000000 55.000000 0.000000 1.000000 78.388560
1 1.165710 4.000000 0.627210 0.273663 0.131919 0.021807 61.000000 5.000000 8.000000 162.000000 0.000000 1.000000 113.231831
1 1.913917 4.000000 1.038044 0.447371 0.203317 0.040456 110.000000 5.000000 26.000000 210.000000 0.000000 1.000000 73.114937
1 1.442153 4.000000 1.052837 0.198959 0.088390 0.019840 51.000000 5.000000 3.000000 120.000000 0.000000 1.000000 112.101169
1 1.526374 4.000000 0.635241 0.442529 0.216874 0.041629 104.000000 5.000000 26.000000 161.000000 0.000000 1.000000 102.503100
1 1.809674 4.000000 1.439065 0.169502 0.086064 0.036047 86.000000 5.000000 23.000000 91.000000 0.000000 1.000000 96.656315
1 1.766724 4.000000 0.626985 0.584669 0.277660 0.048650 73.000000 5.000000 25.000000 223.000000 0.000000 1.000000 86.355720
1 6.378726 6.000000 2.210880 2.026177 1.033480 0.238451 250.000000 5.000000 66.000000 561.000000 0.000000 1.000000 125.755740
1 8.334634 6.000000 1.396242 3.521829 1.739825 0.195635 246.000000 5.000000 127.000000 1213.000000 0.000000 1.000000 202.381364
1 4.381572 6.000000 2.282728 0.977832 0.497280 0.209613 282.000000 5.000000 61.000000 370.000000 0.000000 1.000000 172.519796
1 1.328979 6.000000 1.077782 0.112694 0.058572 0.030890 57.000000 5.000000 4.000000 88.000000 0.000000 1.000000 79.720143
1 10.011200 6.000000 1.393003 4.157505 2.257181 0.320378 403.000000 5.000000 147.000000 948.000000 0.000000 1.000000 213.178493
1 3.849921 6.000000 1.392401 1.206599 0.602428 0.155014 203.000000 5.000000 82.000000 385.000000 0.000000 1.000000 154.036268
1 3.213150 6.000000 1.443700 0.807454 0.424643 0.165572 237.000000 5.000000 37.000000 389.000000 0.000000 1.000000 104.658296
0 76.552827 6.000000 1.436591 14.303225 4.877644 0.139794 211.000000 5.000000 65.000000 116097.000000 0.000000 1.000000 -1.000000
1 5.717617 6.000000 1.211637 2.193988 1.071076 0.262843 308.000000 5.000000 62.000000 1047.000000 0.000000 1.000000 110.822638
1 8.396775 6.000000 3.207730 2.478960 1.233491 0.391908 366.000000 5.000000 60.000000 1052.000000 0.000000 1.000000 101.946412
1 2.807231 6.000000 1.310307 0.730822 0.357947 0.090574 142.000000 5.000000 31.000000 331.000000 0.000000 1.000000 117.510286
1 12.458367 6.000000 1.471652 5.175299 2.692321 0.694596 934.000000 5.000000 233.000000 2153.000000 0.000000 1.000000 235.205945
1 4.784058 6.000000 2.028800 1.229986 0.620695 0.347865 196.000000 5.000000 41.000000 175.000000 0.000000 1.000000 134.555820
1 7.415681 6.000000 4.195693 1.411220 0.756578 0.399337 374.000000 5.000000 53.000000 410.000000 0.000000 1.000000 160.919621
1 3.181493 6.000000 0.792570 1.175615 0.597612 0.118151 180.000000 5.000000 146.000000 1083.000000 0.000000 1.000000 144.015821
1 2.328184 6.000000 1.481397 0.364885 0.187152 0.136488 195.000000 5.000000 36.000000 165.000000 0.000000 1.000000 129.587056
1 4.894464 6.000000 1.064101 1.835559 0.907872 0.278707 467.000000 5.000000 190.000000 1194.000000 0.000000 1.000000 175.061289
1 42.409828 6.000000 0.676095 7.912769 3.069459 0.184827 247.000000 5.000000 188.000000 28513.000000 0.000000 1.000000 71.352181
1 3.153135 6.000000 1.077521 1.001672 0.514770 0.126770 183.000000 5.000000 50.000000 389.000000 0.000000 1.000000 179.708982
1 5.248332 6.000000 0.765294 2.220729 1.118260 0.209512 258.000000 5.000000 125.000000 736.000000 0.000000 1.000000 167.151472
1 4.371492 6.000000 3.099291 0.573998 0.300182 0.141733 111.000000 5.000000 2.000000 408.000000 0.000000 1.000000 95.603925
1 3.411238 6.000000 2.118177 0.599421 0.303623 0.127878 171.000000 5.000000 73.000000 285.000000 0.000000 1.000000 134.767568
1 4.811849 6.000000 1.256577 1.766730 0.888074 0.161467 248.000000 5.000000 182.000000 850.000000 0.000000 1.000000 144.899010
1 4.017690 6.000000 1.954943 0.842917 0.458527 0.360608 377.000000 5.000000 109.000000 356.000000 0.000000 1.000000 158.076800
1 5.514384 6.000000 3.055407 1.154485 0.600418 0.220338 139.000000 5.000000 31.000000 228.000000 0.000000 1.000000 125.599326
1 4.166763 6.000000 2.182170 0.970468 0.496585 0.110885 151.000000 5.000000 81.000000 465.000000 0.000000 1.000000 107.579871
1 1.956039 6.000000 1.688764 0.109944 0.057969 0.049603 69.000000 5.000000 2.000000 37.000000 0.000000 1.000000 96.114950
0 76.512787 6.000000 1.484860 28.456530 2.328188 0.196839 297.000000 5.000000 116.000000 194833.000000 0.000000 1.000000 -1.000000
1 3.359066 6.000000 1.058701 1.140631 0.583667 0.101514 181.000000 5.000000 35.000000 890.000000 0.000000 1.000000 69.602946
1 1.919075 6.000000 1.397237 0.240112 0.123871 0.045526 78.000000 5.000000 23.000000 229.000000 0.000000 1.000000 67.698848
1 1.393795 6.000000 1.005919 0.177865 0.090116 0.043535 72.000000 5.000000 24.000000 139.000000 0.000000 1.000000 78.183041
1 12.482778 6.000000 6.695777 2.509934 1.298604 0.777403 1063.000000 5.000000 96.000000 1261.000000 0.000000 1.000000 334.981359
1 2.347868 6.000000 1.113623 0.582269 0.305324 0.085275 130.000000 5.000000 35.000000 323.000000 0.000000 1.000000 106.722379
1 6.005532 6.000000 1.488671 2.071081 1.102582 0.395801 267.000000 5.000000 110.000000 575.000000 0.000000 1.000000 236.033634
1 3.535767 6.000000 1.245013 1.141315 0.550144 0.140379 187.000000 5.000000 120.000000 475.000000 0.000000 1.000000 150.897359
1 8.760710 6.000000 3.584470 2.285622 1.205661 0.599509 612.000000 5.000000 135.000000 908.000000 0.000000 1.000000 238.717248
1 3.434650 6.000000 1.449233 0.950587 0.482421 0.123774 179.000000 5.000000 17.000000 819.000000 0.000000 1.000000 164.186791
1 2.384345 6.000000 1.645861 0.327812 0.172482 0.087630 116.000000 5.000000 53.000000 130.000000 0.000000 1.000000 119.608443
1 3.072735 6.000000 1.207506 0.863856 0.461038 0.150973 222.000000 5.000000 145.000000 409.000000 0.000000 1.000000 158.037005
1 2.591372 6.000000 1.081880 0.742111 0.368915 0.071051 119.000000 5.000000 47.000000 569.000000 0.000000 1.000000 117.386967
1 1.518522 6.000000 1.061897 0.204729 0.107642 0.052528 91.000000 5.000000 19.000000 78.000000 0.000000 1.000000 134.947245
1 1.763282 6.000000 1.418164 0.148283 0.074373 0.058631 89.000000 5.000000 32.000000 77.000000 0.000000 1.000000 83.462232
1 3.945576 6.000000 1.479543 1.174839 0.617481 0.130163 213.000000 5.000000 39.000000 730.000000 0.000000 1.000000 155.305173
1 2.465462 6.000000 1.039566 0.697768 0.330825 0.109263 178.000000 5.000000 49.000000 309.000000 0.000000 1.000000 146.676553
1 3.526096 6.000000 2.059114 0.688784 0.349122 0.121477 184.000000 5.000000 32.000000 417.000000 0.000000 1.000000 138.834662
1 5.266746 6.000000 1.086832 1.987815 1.017492 0.337699 262.000000 5.000000 199.000000 501.000000 0.000000 1.000000 135.349992
1 7.989906 6.000000 1.648971 3.099348 1.659981 0.250419 353.000000 5.000000 203.000000 894.000000 0.000000 1.000000 120.240451
1 2.590766 6.000000 1.234812 0.647606 0.326111 0.116848 160.000000 5.000000 102.000000 269.000000 0.000000 1.000000 96.501493
1 3.664250 6.000000 1.202546 1.210750 0.593311 0.159098 255.000000 5.000000 36.000000 328.000000 0.000000 1.000000 165.372441
1 2.283983 6.000000 1.455381 0.391230 0.197633 0.071788 106.000000 5.000000 22.000000 433.000000 0.000000 1.000000 111.452008
1 3.139478 6.000000 1.435358 0.781106 0.409676 0.169103 258.000000 5.000000 84.000000 419.000000 0.000000 1.000000 184.896569
1 1.887836 6.000000 1.073993 0.378881 0.199979 0.071303 120.000000 5.000000 30.000000 267.000000 0.000000 1.000000 86.970306
1 3.027961 6.000000 1.094368 0.953651 0.452925 0.142882 156.000000 5.000000 83.000000 181.000000 0.000000 1.000000 119.274135
1 4.762481 6.000000 2.676655 0.931020 0.488514 0.250246 338.000000 5.000000 99.000000 389.000000 0.000000 1.000000 210.239208
1 4.913800 6.000000 1.244579 1.805148 0.885251 0.230971 348.000000 5.000000 118.000000 966.000000 0.000000 1.000000 200.528138
1 3.355627 6.000000 1.162544 1.088776 0.553339 0.104153 152.000000 5.000000 79.000000 610.000000 0.000000 1.000000 107.997405
1 7.128894 6.000000 1.596707 2.646571 1.367784 0.331853 491.000000 5.000000 43.000000 2125.000000 0.000000 1.000000 144.458192
1 3.669999 6.000000 0.761960 1.454055 0.729429 0.152845 260.000000 5.000000 205.000000 692.000000 0.000000 1.000000 130.401112
1 6.334784 6.000000 1.492310 2.295010 1.123231 0.361007 474.000000 5.000000 73.000000 1020.000000 0.000000 1.000000 146.822740
1 3.275297 8.000000 1.510457 0.768050 0.416199 0.251645 258.000000 5.000000 30.000000 351.000000 0.000000 1.000000 150.917699
1 7.259637 8.000000 1.695296 2.537647 1.344166 0.572679 607.000000 5.000000 285.000000 1053.000000 0.000000 1.000000 182.073907
1 6.147624 8.000000 1.973180 1.730202 0.924133 0.692786 632.000000 5.000000 108.000000 798.000000 0.000000 1.000000 113.256404
1 4.789012 8.000000 1.506781 1.555293 0.803163 0.284809 305.000000 5.000000 79.000000 748.000000 0.000000 1.000000 105.760535
1 2.696079 8.000000 1.678530 0.448957 0.240663 0.129597 153.000000 5.000000 13.000000 267.000000 0.000000 1.000000 117.977207
1 3.212443 8.000000 1.511230 0.765443 0.410413 0.195387 196.000000 5.000000 38.000000 201.000000 0.000000 1.000000 138.256776
1 2.543085 8.000000 1.274125 0.564869 0.312477 0.155248 164.000000 5.000000 103.000000 220.000000 0.000000 1.000000 94.816793
1 9.134057 8.000000 1.225821 3.902746 2.016151 0.402243 467.000000 5.000000 211.000000 877.000000 0.000000 1.000000 213.099253
1 8.197808 8.000000 1.523114 3.072530 1.547147 0.733531 762.000000 5.000000 225.000000 1561.000000 0.000000 1.000000 198.227246
1 2.281611 8.000000 1.139651 0.520621 0.274793 0.125934 147.000000 5.000000 46.000000 275.000000 0.000000 1.000000 108.211077
1 8.076799 8.000000 1.672303 2.988042 1.542978 0.600594 467.000000 5.000000 82.000000 959.000000 0.000000 1.000000 163.737830
1 7.313385 8.000000 2.323230 2.366649 1.206648 0.448271 339.000000 5.000000 262.000000 1013.000000 0.000000 1.000000 144.857513
1 9.503412 8.000000 2.423895 3.281652 1.672836 0.723339 556.000000 5.000000 57.000000 1059.000000 0.000000 1.000000 194.966004
1 7.586931 8.000000 2.086059 2.228240 1.227070 0.972473 1047.000000 5.000000 131.000000 918.000000 0.000000 1.000000 303.939177
1 5.852176 8.000000 1.842925 1.531533 0.821046 0.961517 533.000000 5.000000 95.000000 456.000000 0.000000 1.000000 175.593399
1 3.562877 8.000000 1.910735 0.752137 0.404010 0.164882 166.000000 5.000000 72.000000 329.000000 0.000000 1.000000 107.567661
1 16.817597 8.000000 1.293025 6.292792 3.257747 0.230822 284.000000 5.000000 198.000000 3742.000000 0.000000 1.000000 159.429122
1 2.938831 8.000000 1.108136 0.860345 0.444456 0.161034 193.000000 5.000000 78.000000 438.000000 0.000000 1.000000 140.007632
1 8.141922 8.000000 1.133100 3.290229 1.709738 0.637192 717.000000 5.000000 401.000000 1493.000000 0.000000 1.000000 183.749903
1 3.338148 8.000000 1.130666 1.013122 0.520828 0.263578 159.000000 5.000000 95.000000 226.000000 0.000000 1.000000 95.471245
1 9.426929 8.000000 2.917074 2.793350 1.519024 0.884140 660.000000 5.000000 97.000000 1124.000000 0.000000 1.000000 182.493073
1 2.367877 8.000000 1.119304 0.573214 0.310281 0.120078 150.000000 5.000000 44.000000 263.000000 0.000000 1.000000 103.697524
1 4.275899 8.000000 1.752449 1.104823 0.585335 0.357186 396.000000 5.000000 16.000000 369.000000 0.000000 1.000000 190.664149
1 6.069617 8.000000 1.140379 2.369730 1.247502 0.276398 231.000000 5.000000 97.000000 528.000000 0.000000 1.000000 126.224952
1 5.550330 8.000000 1.253363 2.075990 1.072061 0.293865 275.000000 5.000000 113.000000 713.000000 0.000000 1.000000 120.253675
1 18.149539 8.000000 2.728033 6.892646 3.890404 1.374836 1234.000000 5.000000 264.000000 1980.000000 0.000000 1.000000 167.879379
1 8.823641 8.000000 3.337780 2.464323 1.334736 0.586819 449.000000 5.000000 77.000000 659.000000 0.000000 1.000000 172.306028
1 21.628660 8.000000 1.556911 5.880757 2.987516 0.888457 870.000000 5.000000 62.000000 8882.000000 0.000000 1.000000 288.513017
1 7.201980 8.000000 2.044921 2.305747 1.216221 0.683541 686.000000 5.000000 117.000000 779.000000 0.000000 1.000000 258.264797
1 4.298520 8.000000 1.739450 1.187488 0.611445 0.278650 267.000000 5.000000 51.000000 565.000000 0.000000 1.000000 128.755997
1 3.644274 8.000000 1.531557 0.928563 0.506315 0.266177 262.000000 5.000000 150.000000 367.000000 0.000000 1.000000 145.633978
1 10.355701 8.000000 1.731522 3.971032 2.074300 0.748593 725.000000 5.000000 515.000000 1995.000000 0.000000 1.000000 208.576971
1 10.012583 8.000000 2.189682 3.758580 1.932292 0.590223 342.000000 5.000000 223.000000 784.000000 0.000000 1.000000 152.443015
1 13.832042 8.000000 1.735844 5.316600 2.828462 1.634191 864.000000 5.000000 198.000000 1965.000000 0.000000 1.000000 215.049156
1 3.043801 8.000000 1.277388 0.855517 0.433831 0.134525 148.000000 5.000000 65.000000 522.000000 0.000000 1.000000 155.633938
1 3.620979 8.000000 1.151392 1.149054 0.596294 0.241093 281.000000 5.000000 109.000000 588.000000 0.000000 1.000000 109.032747
1 9.182973 8.000000 1.704614 3.379754 1.811019 0.775980 713.000000 5.000000 94.000000 1762.000000 0.000000 1.000000 175.186817
0 76.457369 8.000000 1.455299 40.885533 12.059544 0.839220 799.000000 5.000000 219.000000 193850.000000 0.000000 1.000000 -1.000000
1 18.731144 8.000000 0.751752 8.803455 4.653443 0.704110 781.000000 5.000000 268.000000 3145.000000 0.000000 1.000000 257.843803
1 9.231353 8.000000 1.514859 3.555279 1.864807 0.729814 780.000000 5.000000 194.000000 1897.000000 0.000000 1.000000 163.332138
1 3.269346 8.000000 1.160014 1.023422 0.512018 0.150826 172.000000 5.000000 127.000000 367.000000 0.000000 1.000000 116.901946
1 3.444689 8.000000 1.669896 0.795754 0.423475 0.213638 212.000000 5.000000 22.000000 475.000000 0.000000 1.000000 120.513441
1 7.523101 8.000000 1.565911 2.645350 1.373653 0.814317 554.000000 5.000000 68.000000 624.000000 0.000000 1.000000 124.085296
1 14.629601 8.000000 3.335964 5.158743 2.752298 1.032677 873.000000 5.000000 215.000000 2224.000000 0.000000 1.000000 185.041956
1 15.480771 8.000000 2.939856 5.688715 3.056893 1.219565 971.000000 5.000000 55.000000 862.000000 0.000000 1.000000 116.645710
1 21.428076 8.000000 1.497592 9.294056 5.112421 1.243982 1117.000000 5.000000 278.000000 2235.000000 0.000000 1.000000 407.425796
1 9.739217 8.000000 1.461103 3.800316 2.058636 0.688698 581.000000 5.000000 575.000000 1322.000000 0.000000 1.000000 133.088266
1 7.422773 8.000000 2.565944 2.096819 1.153446 0.638429 697.000000 5.000000 102.000000 835.000000 0.000000 1.000000 131.641489
1 6.974711 8.000000 1.099815 2.730225 1.440593 0.491394 586.000000 5.000000 199.000000 1461.000000 0.000000 1.000000 184.744956
1 4.392722 8.000000 1.126363 1.547611 0.844477 0.219872 156.000000 5.000000 74.000000 327.000000 0.000000 1.000000 93.930071
1 4.292869 8.000000 1.806854 1.144690 0.615780 0.228919 218.000000 5.000000 42.000000 490.000000 0.000000 1.000000 106.503988
1 4.245180 8.000000 1.910708 0.957227 0.549990 0.374294 390.000000 5.000000 18.000000 256.000000 0.000000 1.000000 215.724627
1 23.311888 8.000000 15.083627 3.263482 1.832866 1.565059 1216.000000 5.000000 147.000000 1126.000000 0.000000 1.000000 347.654201
1 15.963755 8.000000 1.172253 7.141853 3.632909 1.003429 1054.000000 5.000000 256.000000 4002.000000 0.000000 1.000000 304.368994
1 6.999614 8.000000 1.172050 2.813951 1.440405 0.386153 406.000000 5.000000 54.000000 1310.000000 0.000000 1.000000 183.764179
1 4.749756 8.000000 1.512203 1.163623 0.640237 0.908075 696.000000 5.000000 179.000000 525.000000 0.000000 1.000000 180.009048
1 8.521394 8.000000 3.090042 2.596596 1.302888 0.503740 251.000000 5.000000 43.000000 518.000000 0.000000 1.000000 187.298975
1 45.954136 10.000000 2.904070 16.306477 9.509156 8.835564 4944.000000 5.000000 192.000000 4179.000000 0.000000 1.000000 433.554849
1 12.144410 10.000000 2.313295 3.371019 2.032140 2.675736 1298.000000 5.000000 190.000000 1266.000000 0.000000 1.000000 248.758669
1 20.207296 10.000000 2.604724 7.956153 4.252583 1.791393 1115.000000 5.000000 255.000000 4416.000000 0.000000 1.000000 202.118405
1 29.656980 10.000000 1.662909 6.975260 1.769764 0.332701 255.000000 5.000000 29.000000 23619.000000 0.000000 1.000000 170.059942
1 12.687155 10.000000 1.162235 5.502230 2.887251 0.813977 660.000000 5.000000 51.000000 1976.000000 0.000000 1.000000 170.045422
1 14.790071 10.000000 1.858620 5.672128 3.076756 1.539032 910.000000 5.000000 122.000000 2574.000000 0.000000 1.000000 194.313746
0 76.701742 10.000000 1.391456 36.531840 18.945959 3.069603 2487.000000 5.000000 925.000000 17149.000000 0.000000 1.000000 -1.000000
1 12.225448 10.000000 1.633783 4.604255 2.625852 1.229344 898.000000 5.000000 149.000000 1058.000000 0.000000 1.000000 149.132805
1 9.839869 10.000000 1.468868 3.891570 2.015026 0.758115 350.000000 5.000000 32.000000 1087.000000 0.000000 1.000000 86.949738
1 5.841232 10.000000 1.400571 2.090015 1.087785 0.331927 285.000000 5.000000 264.000000 1140.000000 0.000000 1.000000 98.367894
1 7.965736 10.000000 1.258495 3.280432 1.731041 0.230445 197.000000 5.000000 113.000000 1959.000000 0.000000 1.000000 105.864234
1 33.835352 10.000000 1.257945 15.459042 8.382309 1.972881 1208.000000 5.000000 257.000000 4315.000000 0.000000 1.000000 247.196158
1 5.674016 10.000000 1.387564 1.997993 1.080412 0.309821 278.000000 5.000000 144.000000 1179.000000 0.000000 1.000000 92.319527
1 8.543048 10.000000 2.350347 2.390606 1.382319 1.295961 727.000000 5.000000 124.000000 694.000000 0.000000 1.000000 208.702956
1 5.958941 10.000000 1.362581 2.095253 1.140956 0.462563 377.000000 5.000000 287.000000 592.000000 0.000000 1.000000 125.606926
1 4.165776 10.000000 1.633400 1.105103 0.608233 0.321055 261.000000 5.000000 109.000000 397.000000 0.000000 1.000000 184.955565
1 10.645763 10.000000 1.373221 4.457586 2.406149 0.520474 405.000000 5.000000 153.000000 1048.000000 0.000000 1.000000 245.685452
1 9.905063 10.000000 2.252648 2.933833 1.675169 1.457672 958.000000 5.000000 185.000000 1524.000000 0.000000 1.000000 179.980227
1 11.164923 10.000000 2.457863 3.777171 2.065007 1.179875 717.000000 5.000000 90.000000 845.000000 0.000000 1.000000 293.275021
1 3.638704 10.000000 1.688286 0.803858 0.455647 0.308606 219.000000 5.000000 34.000000 245.000000 0.000000 1.000000 132.607538
1 15.618031 10.000000 1.806991 6.110303 3.356137 1.404591 1000.000000 5.000000 153.000000 1759.000000 0.000000 1.000000 266.050068
1 3.045387 10.000000 1.996654 0.406486 0.224441 0.231021 153.000000 5.000000 22.000000 129.000000 0.000000 1.000000 110.061048
1 7.150382 10.000000 1.567832 2.602262 1.356077 0.450892 334.000000 5.000000 54.000000 962.000000 0.000000 1.000000 132.529736
1 4.113955 10.000000 1.235330 1.316494 0.677721 0.323854 254.000000 5.000000 52.000000 572.000000 0.000000 1.000000 110.771316
1 6.948672 10.000000 1.917783 2.036487 1.122283 0.876190 651.000000 5.000000 21.000000 909.000000 0.000000 1.000000 222.344750
1 11.840033 10.000000 2.419353 4.194592 2.287672 1.046337 763.000000 5.000000 224.000000 1172.000000 0.000000 1.000000 283.411793
1 8.548051 10.000000 2.195008 2.676344 1.487380 0.925561 711.000000 5.000000 34.000000 1129.000000 0.000000 1.000000 287.860516
1 3.723916 10.000000 1.791952 0.820240 0.459326 0.270848 213.000000 5.000000 9.000000 289.000000 0.000000 1.000000 136.642969
1 9.977383 10.000000 1.232523 4.114631 2.158809 0.650359 552.000000 5.000000 208.000000 2548.000000 0.000000 1.000000 160.648290
0 76.922243 10.000000 1.309077 33.411976 17.476379 1.286700 844.000000 5.000000 120.000000 8819.000000 0.000000 1.000000 -1.000000
1 3.559251 10.000000 1.546315 0.872461 0.490006 0.262226 245.000000 5.000000 31.000000 306.000000 0.000000 1.000000 152.166125
1 22.234098 10.000000 1.852654 8.363997 4.806153 3.118368 2361.000000 5.000000 201.000000 3155.000000 0.000000 1.000000 334.154407
1 16.677142 10.000000 2.190345 5.801009 3.482107 2.375768 1343.000000 5.000000 106.000000 1814.000000 0.000000 1.000000 410.814725
1 13.197530 10.000000 1.783526 5.110601 2.819720 1.231760 858.000000 5.000000 168.000000 2007.000000 0.000000 1.000000 208.966169
1 7.188516 10.000000 1.620335 2.563488 1.378332 0.546537 451.000000 5.000000 180.000000 644.000000 0.000000 1.000000 142.863781
1 6.375208 10.000000 1.237650 2.285289 1.263831 0.567932 478.000000 5.000000 51.000000 795.000000 0.000000 1.000000 178.304321
1 13.347186 10.000000 1.739082 5.364166 2.904173 0.862038 679.000000 5.000000 49.000000 3033.000000 0.000000 1.000000 199.062513
1 8.491490 10.000000 1.520181 3.126173 1.753138 0.673992 543.000000 5.000000 141.000000 974.000000 0.000000 1.000000 182.707503
1 5.516127 10.000000 3.554840 0.662084 0.383269 0.601563 329.000000 5.000000 54.000000 195.000000 0.000000 1.000000 109.995347
1 3.002260 10.000000 1.376132 0.724166 0.394440 0.192438 171.000000 5.000000 36.000000 403.000000 0.000000 1.000000 124.900942
1 3.791197 10.000000 1.234812 1.132152 0.616959 0.319463 258.000000 5.000000 71.000000 441.000000 0.000000 1.000000 96.700626
1 50.710606 10.000000 1.412643 23.122839 12.456028 3.633065 2476.000000 5.000000 417.000000 7195.000000 0.000000 1.000000 494.809119
1 3.060126 10.000000 1.377364 0.733881 0.399130 0.239095 190.000000 5.000000 40.000000 311.000000 0.000000 1.000000 115.913281
1 7.553605 10.000000 1.611060 2.564511 1.444932 0.712724 565.000000 5.000000 59.000000 1017.000000 0.000000 1.000000 148.140223
1 2.890382 10.000000 1.246487 0.704448 0.383921 0.241278 192.000000 5.000000 68.000000 293.000000 0.000000 1.000000 82.163988
1 16.765403 10.000000 1.658695 6.954689 3.839317 1.317385 927.000000 5.000000 170.000000 2738.000000 0.000000 1.000000 144.316720
1 6.451994 10.000000 3.214168 1.472518 0.793345 0.301547 188.000000 5.000000 3.000000 708.000000 0.000000 1.000000 93.585669
1 7.087956 10.000000 2.079602 1.942224 1.095740 1.028079 661.000000 5.000000 43.000000 999.000000 0.000000 1.000000 225.589913
1 4.228931 10.000000 1.838553 1.034226 0.587733 0.281281 239.000000 5.000000 92.000000 563.000000 0.000000 1.000000 73.427678
1 3.847979 10.000000 1.252044 1.145624 0.625554 0.326321 261.000000 5.000000 65.000000 467.000000 0.000000 1.000000 176.981859
1 1.767767 10.000000 0.905494 0.383575 0.211063 0.101009 89.000000 5.000000 29.000000 120.000000 0.000000 1.000000 123.413033
1 8.499864 10.000000 1.219630 3.451292 1.835536 0.509639 452.000000 5.000000 150.000000 1198.000000 0.000000 1.000000 110.316394
1 4.504472 10.000000 1.609256 1.211187 0.673668 0.441849 327.000000 5.000000 46.000000 642.000000 0.000000 1.000000 114.905712
0 76.400359 10.000000 1.390024 45.477474 3.456855 0.595668 291.000000 5.000000 163.000000 198892.000000 0.000000 1.000000 -1.000000
1 4.648182 10.000000 1.361850 1.489102 0.805973 0.322618 293.000000 5.000000 123.000000 638.000000 0.000000 1.000000 110.257585
1 5.471261 10.000000 1.709385 1.640426 0.891901 0.526668 406.000000 5.000000 97.000000 572.000000 0.000000 1.000000 140.364336
1 8.265230 10.000000 1.586633 2.966596 1.619478 0.800888 601.000000 5.000000 74.000000 950.000000 0.000000 1.000000 302.732166
1 5.558785 10.000000 1.636659 1.659712 0.922368 0.559524 438.000000 5.000000 55.000000 914.000000 0.000000 1.000000 175.917128
