1 3.289862 1.000000 3.270096 0.001253 0.008718 0.000285 6.000000 0.000000 0.000000 39.000000 1.000000 0.000000 11.963200
1 0.710276 1.000000 0.707571 0.000239 0.001054 0.000140 4.000000 0.000000 0.000000 1.000000 1.000000 0.000000 15.414593
1 0.829895 1.000000 0.826539 0.000257 0.001106 0.000279 4.000000 0.000000 0.000000 0.000000 1.000000 0.000000 12.077376
0 76.499852 1.000000 1.498881 6.750376 52.609175 0.000299 4.000000 0.000000 0.000000 3945599.000000 1.000000 0.000000 -1.000000
1 0.710166 1.000000 0.707108 0.000266 0.001720 0.000121 3.000000 0.000000 0.000000 13.000000 1.000000 0.000000 10.267580
1 0.716447 1.000000 0.715189 0.000125 0.000508 0.000109 3.000000 0.000000 0.000000 0.000000 1.000000 0.000000 11.543604
1 1.153506 1.000000 1.150474 0.000255 0.001314 0.000123 3.000000 0.000000 0.000000 8.000000 1.000000 0.000000 11.759160
1 0.678569 1.000000 0.673982 0.000488 0.002255 0.000140 3.000000 0.000000 0.000000 18.000000 1.000000 0.000000 12.027487
1 0.698480 1.000000 0.695988 0.000237 0.001068 0.000149 3.000000 0.000000 0.000000 7.000000 1.000000 0.000000 13.943528
1 0.680883 1.000000 0.677346 0.000371 0.001513 0.000129 4.000000 0.000000 0.000000 9.000000 1.000000 0.000000 13.029531
1 0.658538 1.000000 0.657098 0.000140 0.000573 0.000109 3.000000 0.000000 0.000000 0.000000 1.000000 0.000000 12.485675
1 0.686323 1.000000 0.684471 0.000179 0.001026 0.000105 2.000000 0.000000 0.000000 11.000000 1.000000 0.000000 10.107922
1 0.676924 1.000000 0.674444 0.000231 0.001297 0.000124 3.000000 0.000000 0.000000 11.000000 1.000000 0.000000 10.525042
1 0.673401 1.000000 0.670381 0.000334 0.001441 0.000128 3.000000 0.000000 0.000000 10.000000 1.000000 0.000000 11.936845
1 1.170451 1.000000 1.168594 0.000139 0.000594 0.000134 3.000000 0.000000 0.000000 0.000000 1.000000 0.000000 13.071944
1 1.106308 1.000000 1.103347 0.000171 0.001226 0.000132 4.000000 0.000000 0.000000 9.000000 1.000000 0.000000 13.965146
1 0.660521 1.000000 0.657674 0.000184 0.001539 0.000110 3.000000 0.000000 0.000000 8.000000 1.000000 0.000000 9.822548
1 0.674321 1.000000 0.673023 0.000116 0.000460 0.000115 3.000000 0.000000 0.000000 0.000000 1.000000 0.000000 10.520191
1 0.668420 1.000000 0.666452 0.000166 0.000702 0.000155 4.000000 0.000000 0.000000 0.000000 1.000000 0.000000 14.017385
1 0.681104 1.000000 0.679083 0.000172 0.000749 0.000138 4.000000 0.000000 0.000000 0.000000 1.000000 0.000000 14.696749
1 0.690489 1.000000 0.688911 0.000116 0.000536 0.000137 4.000000 0.000000 0.000000 0.000000 1.000000 0.000000 13.092860
1 0.656188 1.000000 0.654832 0.000122 0.000509 0.000118 3.000000 0.000000 0.000000 0.000000 1.000000 0.000000 11.853897
1 0.676541 1.000000 0.673125 0.000329 0.001612 0.000138 4.000000 0.000000 0.000000 11.000000 1.000000 0.000000 13.024300
1 0.649446 1.000000 0.646799 0.000267 0.001296 0.000102 3.000000 0.000000 0.000000 10.000000 1.000000 0.000000 12.150046
1 1.182672 1.000000 1.169030 0.001254 0.006492 0.000154 4.000000 0.000000 0.000000 30.000000 1.000000 0.000000 19.275184
1 1.850634 1.000000 1.847501 0.000134 0.000572 0.000158 4.000000 0.000000 0.000000 0.000000 1.000000 0.000000 12.103566
1 2.505263 1.000000 2.495506 0.000302 0.001723 0.000406 6.000000 0.000000 0.000000 0.000000 1.000000 0.000000 14.590647
1 2.102870 1.000000 2.095982 0.000570 0.003151 0.000260 4.000000 0.000000 0.000000 7.000000 1.000000 0.000000 11.852448
1 0.953307 1.000000 0.950249 0.000260 0.001505 0.000151 3.000000 0.000000 0.000000 6.000000 1.000000 0.000000 16.158954
1 0.702803 1.000000 0.699595 0.000264 0.001908 0.000119 3.000000 0.000000 0.000000 9.000000 1.000000 0.000000 11.872631
1 0.720313 1.000000 0.716722 0.000284 0.001531 0.000157 5.000000 0.000000 0.000000 3.000000 1.000000 0.000000 13.752324
1 2.000013 1.000000 1.994572 0.000250 0.001837 0.000176 4.000000 0.000000 0.000000 10.000000 1.000000 0.000000 14.111431
1 1.244853 1.000000 1.240822 0.000437 0.001928 0.000171 3.000000 0.000000 0.000000 8.000000 1.000000 0.000000 10.784351
1 1.259640 1.000000 1.256737 0.000250 0.001092 0.000216 3.000000 0.000000 0.000000 0.000000 1.000000 0.000000 13.150613
1 1.836501 1.000000 1.834386 0.000151 0.000702 0.000166 3.000000 0.000000 0.000000 0.000000 1.000000 0.000000 11.855903
1 0.807722 1.000000 0.805028 0.000301 0.001048 0.000155 4.000000 0.000000 0.000000 2.000000 1.000000 0.000000 12.539976
1 0.830282 1.000000 0.827061 0.000287 0.001412 0.000173 4.000000 0.000000 0.000000 6.000000 1.000000 0.000000 13.459243
1 0.812644 1.000000 0.805527 0.000741 0.003665 0.000151 3.000000 0.000000 0.000000 12.000000 1.000000 0.000000 13.605373
1 0.817827 1.000000 0.814361 0.000345 0.001636 0.000170 4.000000 0.000000 0.000000 8.000000 1.000000 0.000000 14.030463
1 0.831617 1.000000 0.829497 0.000205 0.000899 0.000157 3.000000 0.000000 0.000000 0.000000 1.000000 0.000000 13.293329
1 0.821553 1.000000 0.806663 0.001569 0.008268 0.000169 3.000000 0.000000 0.000000 30.000000 1.000000 0.000000 13.535431
1 4.221881 1.000000 4.213048 0.000321 0.001623 0.000278 6.000000 0.000000 0.000000 5.000000 1.000000 0.000000 14.904678
1 0.811785 1.000000 0.808793 0.000241 0.001269 0.000160 4.000000 0.000000 0.000000 5.000000 1.000000 0.000000 13.310676
1 0.797474 1.000000 0.792621 0.000362 0.002595 0.000179 3.000000 0.000000 0.000000 9.000000 1.000000 0.000000 15.165055
1 0.846043 1.000000 0.843334 0.000220 0.001157 0.000177 4.000000 0.000000 0.000000 5.000000 1.000000 0.000000 14.825666
1 1.389035 1.000000 1.387091 0.000130 0.000675 0.000160 3.000000 0.000000 0.000000 0.000000 1.000000 0.000000 10.989173
1 1.358031 1.000000 1.356039 0.000152 0.000617 0.000169 3.000000 0.000000 0.000000 0.000000 1.000000 0.000000 12.669563
1 0.842029 1.000000 0.835190 0.000654 0.003940 0.000170 4.000000 0.000000 0.000000 45.000000 1.000000 0.000000 13.986671
0 75.920635 1.000000 0.800622 0.909266 6.035309 0.000201 4.000000 0.000000 0.000000 43499.000000 1.000000 0.000000 -1.000000
1 0.701320 1.000000 0.697440 0.000386 0.002163 0.000141 3.000000 0.000000 0.000000 13.000000 1.000000 0.000000 14.580786
1 0.625093 1.000000 0.621882 0.000295 0.001666 0.000143 3.000000 0.000000 0.000000 10.000000 1.000000 0.000000 13.085196
1 0.653172 1.000000 0.651473 0.000148 0.000637 0.000162 3.000000 0.000000 0.000000 0.000000 1.000000 0.000000 14.089924
1 0.689379 1.000000 0.686896 0.000179 0.001210 0.000147 4.000000 0.000000 0.000000 1.000000 1.000000 0.000000 16.059628
1 0.678290 1.000000 0.674848 0.000267 0.001773 0.000143 4.000000 0.000000 0.000000 7.000000 1.000000 0.000000 16.804932
1 0.677714 1.000000 0.674926 0.000300 0.001239 0.000129 3.000000 0.000000 0.000000 7.000000 1.000000 0.000000 13.129719
1 0.679380 1.000000 0.669944 0.000778 0.005294 0.000137 4.000000 0.000000 0.000000 20.000000 1.000000 0.000000 15.700961
1 0.701028 1.000000 0.697092 0.000247 0.002029 0.000165 3.000000 0.000000 0.000000 4.000000 1.000000 0.000000 10.282182
1 0.687935 1.000000 0.684594 0.000267 0.001598 0.000142 4.000000 0.000000 0.000000 6.000000 1.000000 0.000000 15.152949
1 0.685211 1.000000 0.678175 0.000496 0.004358 0.000156 4.000000 0.000000 0.000000 19.000000 1.000000 0.000000 11.237088
1 0.686069 1.000000 0.680961 0.000522 0.002498 0.000139 4.000000 0.000000 0.000000 10.000000 1.000000 0.000000 14.393498
1 0.712670 2.000000 0.669630 0.004623 0.020350 0.002422 21.000000 0.000000 10.000000 13.000000 1.000000 0.000000 66.369642
1 1.006890 2.000000 0.669778 0.038459 0.187665 0.001927 24.000000 0.000000 174.000000 121.000000 1.000000 0.000000 42.170142
1 0.708487 2.000000 0.675970 0.003283 0.014061 0.002853 24.000000 0.000000 26.000000 4.000000 1.000000 0.000000 63.433180
1 0.769049 2.000000 0.663340 0.011696 0.057029 0.002095 22.000000 0.000000 69.000000 43.000000 1.000000 0.000000 43.786893
1 23.229500 2.000000 0.680494 0.641759 3.378786 0.021580 168.000000 0.000000 12634.000000 3927.000000 1.000000 0.000000 60.100589
1 1.266020 2.000000 1.159275 0.011778 0.052153 0.003362 23.000000 0.000000 21.000000 46.000000 1.000000 0.000000 43.303607
1 1.323013 2.000000 1.201564 0.012691 0.061788 0.003735 32.000000 0.000000 42.000000 30.000000 1.000000 0.000000 70.086890
1 0.838157 2.000000 0.729772 0.011133 0.054218 0.007395 31.000000 0.000000 82.000000 3.000000 1.000000 0.000000 61.315547
1 0.767436 2.000000 0.711208 0.004968 0.024626 0.004677 31.000000 0.000000 19.000000 7.000000 1.000000 0.000000 62.464770
1 0.738535 2.000000 0.708761 0.002764 0.013707 0.001590 20.000000 0.000000 7.000000 14.000000 1.000000 0.000000 58.351665
1 1.674932 2.000000 1.225645 0.050506 0.248128 0.001882 21.000000 0.000000 129.000000 93.000000 1.000000 0.000000 30.913503
1 1.570596 2.000000 1.209275 0.042206 0.193577 0.002168 16.000000 0.000000 140.000000 53.000000 1.000000 0.000000 34.608693
1 2.197768 2.000000 2.111878 0.007962 0.036933 0.006558 29.000000 0.000000 13.000000 10.000000 1.000000 0.000000 67.429657
1 1.226805 2.000000 0.800627 0.049929 0.225082 0.001972 21.000000 0.000000 151.000000 157.000000 1.000000 0.000000 36.826596
1 0.872987 2.000000 0.826572 0.004167 0.022184 0.003278 24.000000 0.000000 8.000000 16.000000 1.000000 0.000000 56.410764
1 1.232850 2.000000 1.197928 0.003080 0.016715 0.000951 15.000000 0.000000 17.000000 58.000000 1.000000 0.000000 37.481979
1 2.386180 2.000000 1.787876 0.069275 0.316406 0.004398 28.000000 0.000000 84.000000 182.000000 1.000000 0.000000 39.408389
1 1.326082 2.000000 1.242602 0.007720 0.040409 0.006126 25.000000 0.000000 1.000000 9.000000 1.000000 0.000000 62.689031
1 1.163548 2.000000 1.087079 0.007821 0.038468 0.004480 27.000000 0.000000 35.000000 26.000000 1.000000 0.000000 65.353239
1 0.847904 2.000000 0.822323 0.002234 0.011334 0.001862 17.000000 0.000000 0.000000 18.000000 1.000000 0.000000 47.075175
1 0.887641 2.000000 0.813421 0.007355 0.042257 0.001467 18.000000 0.000000 30.000000 20.000000 1.000000 0.000000 43.174216
1 1.556423 2.000000 1.409810 0.015997 0.075280 0.001887 24.000000 0.000000 22.000000 61.000000 1.000000 0.000000 46.723681
1 1.497355 2.000000 1.450768 0.003842 0.023805 0.001984 18.000000 0.000000 10.000000 33.000000 1.000000 0.000000 38.664047
0 75.913811 2.000000 0.814500 0.532759 1.937314 0.004594 28.000000 0.000000 17.000000 104664.000000 1.000000 0.000000 -1.000000
1 0.644291 2.000000 0.620252 0.002132 0.009868 0.002408 21.000000 0.000000 0.000000 5.000000 1.000000 0.000000 58.584692
1 1.472410 2.000000 1.060097 0.046392 0.215085 0.001082 18.000000 0.000000 35.000000 230.000000 1.000000 0.000000 36.908905
1 0.721514 2.000000 0.634784 0.009380 0.044640 0.001888 26.000000 0.000000 96.000000 39.000000 1.000000 0.000000 52.938103
1 1.365645 2.000000 1.063558 0.033555 0.149218 0.001561 22.000000 0.000000 135.000000 70.000000 1.000000 0.000000 38.191200
1 0.749541 2.000000 0.654297 0.008946 0.048990 0.006628 29.000000 0.000000 56.000000 29.000000 1.000000 0.000000 72.492810
1 12.086124 2.000000 0.628474 0.714004 3.519492 0.007369 70.000000 0.000000 1508.000000 4303.000000 1.000000 0.000000 33.596301
1 0.735840 2.000000 0.669527 0.006768 0.032066 0.003228 29.000000 0.000000 34.000000 37.000000 1.000000 0.000000 72.309390
1 0.696815 2.000000 0.660035 0.003178 0.018276 0.002635 22.000000 0.000000 0.000000 111.000000 1.000000 0.000000 57.754547
1 1.291600 2.000000 1.153856 0.013161 0.068504 0.002075 23.000000 0.000000 27.000000 91.000000 1.000000 0.000000 40.612816
1 1.064969 2.000000 0.697971 0.040313 0.188981 0.005507 41.000000 0.000000 239.000000 81.000000 1.000000 0.000000 64.612805
1 0.732607 2.000000 0.698541 0.003520 0.016436 0.001198 18.000000 0.000000 21.000000 6.000000 1.000000 0.000000 38.321446
1 0.746083 2.000000 0.711104 0.003360 0.016563 0.003001 22.000000 0.000000 0.000000 9.000000 1.000000 0.000000 62.790470
1 1.019770 2.000000 0.930126 0.008010 0.045125 0.006683 24.000000 0.000000 2.000000 10.000000 1.000000 0.000000 57.419071
1 1.360190 2.000000 1.251626 0.011665 0.054024 0.005859 26.000000 0.000000 4.000000 33.000000 1.000000 0.000000 53.002781
1 1.428123 2.000000 1.285717 0.015643 0.070379 0.005274 25.000000 0.000000 19.000000 29.000000 1.000000 0.000000 62.385732
1 1.460035 2.000000 1.273057 0.021124 0.094573 0.002653 20.000000 0.000000 51.000000 53.000000 1.000000 0.000000 41.576086
1 1.362381 2.000000 1.260006 0.008703 0.049176 0.006853 28.000000 0.000000 17.000000 13.000000 1.000000 0.000000 63.874115
1 1.472465 2.000000 1.246585 0.023799 0.111397 0.016004 36.000000 0.000000 34.000000 17.000000 1.000000 0.000000 51.991787
1 1.560276 2.000000 1.213921 0.036285 0.175259 0.003909 25.000000 0.000000 60.000000 77.000000 1.000000 0.000000 43.067219
1 1.316320 2.000000 1.232441 0.008592 0.039811 0.004498 23.000000 0.000000 36.000000 16.000000 1.000000 0.000000 52.010072
1 1.393982 2.000000 1.274824 0.012505 0.055803 0.005712 28.000000 0.000000 52.000000 29.000000 1.000000 0.000000 41.992754
1 1.297844 2.000000 1.258414 0.003531 0.021105 0.001464 14.000000 0.000000 0.000000 17.000000 1.000000 0.000000 40.687069
1 2.338965 2.000000 2.153081 0.016809 0.088310 0.006323 30.000000 0.000000 55.000000 34.000000 1.000000 0.000000 66.486744
1 1.674418 2.000000 1.244309 0.045478 0.238906 0.004254 26.000000 0.000000 106.000000 140.000000 1.000000 0.000000 41.390678
1 1.905170 2.000000 1.301527 0.066293 0.331478 0.004681 34.000000 0.000000 211.000000 80.000000 1.000000 0.000000 58.386052
1 2.463066 2.000000 2.197400 0.024542 0.126939 0.006550 29.000000 0.000000 65.000000 76.000000 1.000000 0.000000 70.258216
1 1.352930 2.000000 1.282289 0.007302 0.032806 0.005000 20.000000 0.000000 0.000000 14.000000 1.000000 0.000000 59.774425
1 2.222425 2.000000 2.141201 0.006507 0.032373 0.008493 23.000000 0.000000 1.000000 4.000000 1.000000 0.000000 60.267511
1 1.322717 2.000000 1.240396 0.008471 0.039366 0.005416 23.000000 0.000000 17.000000 27.000000 1.000000 0.000000 55.967218
1 1.290953 2.000000 1.247458 0.003647 0.021173 0.003527 18.000000 0.000000 0.000000 6.000000 1.000000 0.000000 59.598214
1 1.276480 2.000000 1.230350 0.004580 0.022465 0.002985 16.000000 0.000000 0.000000 17.000000 1.000000 0.000000 41.819270
1 3.064384 2.000000 2.911792 0.012242 0.060423 0.010608 28.000000 0.000000 29.000000 21.000000 1.000000 0.000000 59.632753
1 1.551174 2.000000 1.256453 0.033454 0.152065 0.007018 33.000000 0.000000 50.000000 37.000000 1.000000 0.000000 66.314259
1 1.329828 2.000000 1.246547 0.008647 0.040744 0.004250 21.000000 0.000000 35.000000 7.000000 1.000000 0.000000 60.763902
1 1.448739 2.000000 1.274733 0.018180 0.086900 0.004519 25.000000 0.000000 49.000000 41.000000 1.000000 0.000000 50.492262
1 2.449216 2.000000 2.112903 0.029849 0.168701 0.009052 45.000000 0.000000 98.000000 67.000000 1.000000 0.000000 67.976386
1 2.403851 4.000000 2.190154 0.021031 0.103570 0.015632 38.000000 0.000000 15.000000 40.000000 1.000000 0.000000 48.806544
1 1.531643 4.000000 1.325263 0.020390 0.106709 0.014123 48.000000 0.000000 44.000000 85.000000 1.000000 0.000000 51.403776
1 1.616766 4.000000 1.296487 0.026582 0.169521 0.026795 45.000000 0.000000 24.000000 46.000000 1.000000 0.000000 61.229345
1 2.219297 4.000000 2.090601 0.010551 0.052159 0.013140 40.000000 0.000000 11.000000 30.000000 1.000000 0.000000 52.660025
1 1.645755 4.000000 1.351454 0.031640 0.153653 0.014506 53.000000 0.000000 58.000000 90.000000 1.000000 0.000000 51.391514
1 3.191240 4.000000 1.285778 0.208016 1.006057 0.055404 141.000000 0.000000 507.000000 310.000000 1.000000 0.000000 66.476140
1 3.095135 4.000000 2.845387 0.020204 0.102019 0.023816 52.000000 0.000000 54.000000 23.000000 1.000000 0.000000 48.411430
1 2.829285 4.000000 2.180396 0.069591 0.340924 0.016358 58.000000 0.000000 56.000000 183.000000 1.000000 0.000000 44.047532
1 2.873303 4.000000 2.178983 0.053008 0.277149 0.042564 219.000000 0.000000 241.000000 177.000000 1.000000 0.000000 63.670751
1 1.909705 4.000000 1.470096 0.041052 0.200695 0.027862 137.000000 0.000000 193.000000 206.000000 1.000000 0.000000 46.297507
1 2.679585 4.000000 1.791539 0.072339 0.393364 0.059309 248.000000 0.000000 369.000000 301.000000 1.000000 0.000000 63.449973
1 1.704892 4.000000 1.120221 0.058059 0.282182 0.056585 121.000000 0.000000 216.000000 213.000000 1.000000 0.000000 45.132976
1 1.277766 4.000000 1.115182 0.013404 0.067926 0.023120 59.000000 0.000000 35.000000 32.000000 1.000000 0.000000 64.939300
1 4.868479 4.000000 1.124215 0.366738 1.079161 0.007472 31.000000 0.000000 4.000000 60218.000000 1.000000 0.000000 44.572573
1 2.042973 4.000000 1.161745 0.089985 0.482039 0.022962 102.000000 0.000000 454.000000 283.000000 1.000000 0.000000 47.074682
1 1.680990 4.000000 1.583814 0.006797 0.037990 0.009852 39.000000 0.000000 24.000000 6.000000 1.000000 0.000000 51.035319
1 1.653682 4.000000 1.191544 0.048739 0.234503 0.014336 85.000000 0.000000 219.000000 156.000000 1.000000 0.000000 41.428965
1 1.409018 4.000000 1.160383 0.025155 0.116830 0.015792 65.000000 0.000000 91.000000 70.000000 1.000000 0.000000 50.330397
1 1.811559 4.000000 1.631137 0.012677 0.069654 0.023078 68.000000 0.000000 33.000000 53.000000 1.000000 0.000000 47.001832
1 2.192656 4.000000 1.653311 0.048114 0.262471 0.016991 93.000000 0.000000 258.000000 154.000000 1.000000 0.000000 37.511072
1 1.710004 4.000000 1.164015 0.056142 0.280761 0.016757 97.000000 0.000000 253.000000 152.000000 1.000000 0.000000 57.635579
1 2.036006 4.000000 1.678942 0.030961 0.157310 0.044181 49.000000 0.000000 49.000000 26.000000 1.000000 0.000000 57.728474
1 2.173039 4.000000 1.355124 0.090908 0.415015 0.025503 92.000000 0.000000 180.000000 106.000000 1.000000 0.000000 63.351542
1 10.134208 4.000000 1.887778 0.900577 4.294822 0.103018 517.000000 0.000000 2222.000000 1762.000000 1.000000 0.000000 48.277323
1 1.328709 4.000000 1.239074 0.007686 0.040289 0.008009 37.000000 0.000000 45.000000 24.000000 1.000000 0.000000 39.529159
1 1.979871 4.000000 1.509290 0.044203 0.235823 0.038612 61.000000 0.000000 78.000000 68.000000 1.000000 0.000000 54.950503
1 3.041044 4.000000 2.886225 0.010350 0.057056 0.021300 52.000000 0.000000 15.000000 29.000000 1.000000 0.000000 46.416240
1 0.839268 4.000000 0.726452 0.010786 0.058194 0.008700 33.000000 0.000000 30.000000 23.000000 1.000000 0.000000 41.001094
1 2.798280 4.000000 1.740160 0.103293 0.565610 0.017179 93.000000 0.000000 425.000000 389.000000 1.000000 0.000000 44.689236
1 2.257319 4.000000 1.406324 0.083477 0.446395 0.033559 103.000000 0.000000 181.000000 310.000000 1.000000 0.000000 42.190178
1 0.999857 4.000000 0.846727 0.014676 0.081590 0.006733 41.000000 0.000000 71.000000 42.000000 1.000000 0.000000 47.030235
1 3.680090 4.000000 1.466421 0.238882 1.188857 0.037481 211.000000 0.000000 598.000000 830.000000 1.000000 0.000000 57.624416
1 1.690030 4.000000 1.402970 0.026702 0.132564 0.028710 73.000000 0.000000 95.000000 50.000000 1.000000 0.000000 63.502806
1 2.028164 4.000000 1.418331 0.059324 0.293521 0.048163 82.000000 0.000000 37.000000 88.000000 1.000000 0.000000 71.231434
1 1.616957 4.000000 1.457161 0.014015 0.069912 0.020510 46.000000 0.000000 37.000000 20.000000 1.000000 0.000000 61.633688
1 2.386201 4.000000 1.435416 0.082538 0.489146 0.034743 124.000000 0.000000 375.000000 238.000000 1.000000 0.000000 47.500010
1 1.727612 4.000000 1.403786 0.028972 0.157615 0.019340 68.000000 0.000000 112.000000 119.000000 1.000000 0.000000 43.811480
1 2.548093 4.000000 2.138316 0.039836 0.196304 0.019396 60.000000 0.000000 59.000000 66.000000 1.000000 0.000000 47.842105
1 1.950586 4.000000 1.758887 0.016568 0.090216 0.010686 47.000000 0.000000 34.000000 83.000000 1.000000 0.000000 45.340642
1 1.694667 4.000000 1.395522 0.025545 0.162167 0.010521 50.000000 0.000000 0.000000 163.000000 1.000000 0.000000 42.323572
1 1.753587 4.000000 1.625622 0.009700 0.051457 0.014232 47.000000 0.000000 28.000000 46.000000 1.000000 0.000000 62.120739
1 2.739792 4.000000 1.863922 0.062632 0.338352 0.098709 223.000000 0.000000 270.000000 185.000000 1.000000 0.000000 50.881187
1 2.116331 4.000000 1.610828 0.041377 0.226287 0.039944 108.000000 0.000000 204.000000 146.000000 1.000000 0.000000 46.761195
1 9.139335 4.000000 0.738262 1.013774 4.476128 0.192807 369.000000 0.000000 1465.000000 396.000000 1.000000 0.000000 58.980883
1 2.643373 4.000000 2.344290 0.021778 0.117289 0.036216 90.000000 0.000000 121.000000 48.000000 1.000000 0.000000 65.285019
1 4.763377 4.000000 4.207991 0.029355 0.155584 0.075739 108.000000 0.000000 20.000000 37.000000 1.000000 0.000000 51.007061
1 3.884235 4.000000 1.227662 0.301179 1.423267 0.093559 205.000000 0.000000 181.000000 383.000000 1.000000 0.000000 60.919687
1 0.933294 4.000000 0.735803 0.018645 0.101006 0.015926 53.000000 0.000000 28.000000 34.000000 1.000000 0.000000 54.902767
1 0.870613 4.000000 0.735385 0.013033 0.063167 0.014088 53.000000 0.000000 35.000000 66.000000 1.000000 0.000000 55.397347
1 3.675968 4.000000 2.666165 0.083675 0.462450 0.091185 124.000000 0.000000 208.000000 147.000000 1.000000 0.000000 60.069864
1 2.286168 4.000000 1.650412 0.062409 0.308770 0.031359 117.000000 0.000000 367.000000 238.000000 1.000000 0.000000 63.320445
1 2.279734 4.000000 1.904657 0.029606 0.167408 0.036175 82.000000 0.000000 107.000000 65.000000 1.000000 0.000000 66.046677
1 2.423312 4.000000 2.292910 0.006184 0.038154 0.024662 53.000000 0.000000 11.000000 19.000000 1.000000 0.000000 42.622862
1 2.091053 4.000000 1.908225 0.014094 0.073260 0.016101 62.000000 0.000000 35.000000 64.000000 1.000000 0.000000 46.110822
0 77.383751 4.000000 2.369299 2.036149 8.601467 0.051889 221.000000 0.000000 193.000000 233198.000000 1.000000 0.000000 -1.000000
1 1.216376 4.000000 1.092498 0.010975 0.054806 0.013581 47.000000 0.000000 14.000000 12.000000 1.000000 0.000000 57.016262
1 2.574047 6.000000 1.606801 0.079403 0.442657 0.090957 199.000000 0.000000 210.000000 377.000000 1.000000 0.000000 46.484754
1 6.935468 6.000000 1.667089 0.485758 2.603553 0.262371 370.000000 0.000000 812.000000 624.000000 1.000000 0.000000 65.355421
1 4.103945 6.000000 2.173666 0.170466 1.035936 0.121548 172.000000 0.000000 351.000000 353.000000 1.000000 0.000000 47.381654
1 1.642451 6.000000 1.289683 0.028557 0.150533 0.055222 100.000000 0.000000 76.000000 57.000000 1.000000 0.000000 42.788310
1 4.230769 6.000000 1.625794 0.219892 1.404700 0.091667 294.000000 0.000000 596.000000 1777.000000 1.000000 0.000000 41.335758
1 19.678427 6.000000 1.616706 1.713374 9.275073 0.532578 1121.000000 0.000000 4247.000000 3393.000000 1.000000 0.000000 50.928915
1 2.049782 6.000000 0.867807 0.113150 0.584115 0.142961 159.000000 0.000000 77.000000 214.000000 1.000000 0.000000 69.639817
1 22.204194 6.000000 9.358988 0.798571 4.725927 1.429824 1902.000000 0.000000 4237.000000 1477.000000 1.000000 0.000000 65.764955
0 76.229039 6.000000 1.227140 16.047923 22.838955 0.026712 81.000000 0.000000 162.000000 1419410.000000 1.000000 0.000000 -1.000000
1 3.598720 6.000000 2.213794 0.090639 0.567693 0.117493 324.000000 0.000000 256.000000 487.000000 1.000000 0.000000 58.347757
1 8.375387 6.000000 1.600072 0.571355 3.331655 0.415242 778.000000 0.000000 1962.000000 1681.000000 1.000000 0.000000 48.452246
1 6.829315 6.000000 3.730113 0.233930 1.429740 0.229458 422.000000 0.000000 336.000000 798.000000 1.000000 0.000000 64.774772
0 76.019960 6.000000 0.853132 1.085113 4.672054 0.081988 144.000000 0.000000 296.000000 68211.000000 1.000000 0.000000 -1.000000
0 77.086734 6.000000 2.082481 10.192085 30.532917 0.206622 457.000000 0.000000 1596.000000 879946.000000 1.000000 0.000000 -1.000000
1 5.040239 6.000000 1.970030 0.205652 1.289363 0.381587 553.000000 0.000000 553.000000 486.000000 1.000000 0.000000 56.929700
1 10.902918 6.000000 3.762351 0.550199 3.092326 0.696312 818.000000 0.000000 1644.000000 1237.000000 1.000000 0.000000 60.108889
1 4.705086 6.000000 1.228429 0.343424 1.859124 0.128944 124.000000 0.000000 592.000000 908.000000 1.000000 0.000000 48.339405
1 1.891929 6.000000 1.572275 0.026699 0.137438 0.053396 86.000000 0.000000 52.000000 72.000000 1.000000 0.000000 47.092303
1 2.458659 6.000000 1.647364 0.065966 0.360605 0.092099 180.000000 0.000000 114.000000 273.000000 1.000000 0.000000 52.669068
1 16.635236 6.000000 1.980299 1.423579 7.686741 0.421914 887.000000 0.000000 5100.000000 6370.000000 1.000000 0.000000 57.284665
1 3.056458 6.000000 2.531652 0.045666 0.236911 0.053263 71.000000 0.000000 47.000000 123.000000 1.000000 0.000000 46.209897
1 5.135495 6.000000 2.318762 0.243555 1.482894 0.196293 186.000000 0.000000 546.000000 463.000000 1.000000 0.000000 39.901911
1 6.543920 6.000000 1.879508 0.397556 2.182537 0.384550 727.000000 0.000000 769.000000 1729.000000 1.000000 0.000000 71.091844
1 6.329307 6.000000 1.176730 0.477764 2.769642 0.170825 505.000000 0.000000 1853.000000 1673.000000 1.000000 0.000000 37.587628
1 3.633013 6.000000 1.898535 0.122612 0.754778 0.175249 365.000000 0.000000 451.000000 536.000000 1.000000 0.000000 44.713554
1 10.882787 6.000000 1.688701 0.770400 4.411444 0.815819 714.000000 0.000000 1945.000000 2347.000000 1.000000 0.000000 38.895430
1 5.178175 6.000000 2.340036 0.218307 1.216128 0.266132 470.000000 0.000000 759.000000 648.000000 1.000000 0.000000 57.196800
1 6.717181 6.000000 2.314048 0.319770 1.878474 0.458963 700.000000 0.000000 1533.000000 969.000000 1.000000 0.000000 41.743762
1 2.253106 6.000000 1.663231 0.047963 0.286079 0.031578 119.000000 0.000000 278.000000 134.000000 1.000000 0.000000 38.995225
1 5.332338 6.000000 1.894404 0.251377 1.454791 0.374420 650.000000 0.000000 946.000000 882.000000 1.000000 0.000000 55.515819
1 6.584635 6.000000 1.564350 0.550218 2.583291 0.107250 377.000000 0.000000 1845.000000 316.000000 1.000000 0.000000 47.414994
1 3.312141 6.000000 2.423192 0.069986 0.413545 0.088831 188.000000 0.000000 268.000000 256.000000 1.000000 0.000000 52.916426
1 5.037106 6.000000 1.670346 0.261284 1.572943 0.317176 386.000000 0.000000 862.000000 615.000000 1.000000 0.000000 46.978448
1 2.575812 6.000000 1.342121 0.128115 0.633321 0.079996 113.000000 0.000000 504.000000 181.000000 1.000000 0.000000 54.798648
1 2.809843 6.000000 1.694520 0.089773 0.503763 0.131029 210.000000 0.000000 240.000000 410.000000 1.000000 0.000000 46.185821
1 6.126655 6.000000 2.859631 0.246198 1.497230 0.370878 305.000000 0.000000 302.000000 703.000000 1.000000 0.000000 58.367889
1 3.540145 6.000000 1.670899 0.146874 0.863255 0.215413 215.000000 0.000000 351.000000 288.000000 1.000000 0.000000 45.092316
1 13.005495 6.000000 3.097878 0.690955 4.171091 1.201984 1542.000000 0.000000 3665.000000 3151.000000 1.000000 0.000000 53.136956
1 7.005393 6.000000 1.244486 0.472018 2.806421 0.623205 458.000000 0.000000 953.000000 948.000000 1.000000 0.000000 51.400144
1 4.962718 6.000000 2.706178 0.207052 1.109855 0.139759 339.000000 0.000000 1207.000000 626.000000 1.000000 0.000000 43.870361
1 2.428114 6.000000 1.629851 0.058138 0.335016 0.124228 202.000000 0.000000 200.000000 210.000000 1.000000 0.000000 61.899526
1 3.333105 6.000000 1.575835 0.133230 0.743530 0.249680 410.000000 0.000000 316.000000 612.000000 1.000000 0.000000 58.787440
1 5.597599 6.000000 0.737078 0.496285 2.573486 0.288129 414.000000 0.000000 1173.000000 1106.000000 1.000000 0.000000 47.682931
1 5.927757 6.000000 3.194485 0.243420 1.358721 0.150383 172.000000 0.000000 447.000000 698.000000 1.000000 0.000000 46.520447
1 2.811489 6.000000 1.238060 0.151246 0.820655 0.060082 208.000000 0.000000 608.000000 369.000000 1.000000 0.000000 41.496530
1 2.661104 6.000000 1.628644 0.084103 0.419943 0.134026 266.000000 0.000000 298.000000 200.000000 1.000000 0.000000 48.506250
1 14.722951 6.000000 1.184373 1.416298 7.482007 0.517177 842.000000 0.000000 1416.000000 2110.000000 1.000000 0.000000 71.337583
1 2.498304 6.000000 1.642791 0.064428 0.394438 0.098101 167.000000 0.000000 198.000000 200.000000 1.000000 0.000000 52.638772
1 46.782586 6.000000 1.225912 4.121660 24.763093 0.454834 754.000000 0.000000 20022.000000 14354.000000 1.000000 0.000000 50.109420
1 1.742894 6.000000 1.213345 0.045873 0.262445 0.038441 102.000000 0.000000 188.000000 171.000000 1.000000 0.000000 39.229575
1 6.821180 6.000000 2.464287 0.354733 1.970628 0.436974 560.000000 0.000000 1350.000000 513.000000 1.000000 0.000000 64.540544
1 9.003402 6.000000 2.301271 0.425316 2.467716 1.380909 835.000000 0.000000 799.000000 1245.000000 1.000000 0.000000 43.110697
1 2.575654 6.000000 1.527951 0.104129 0.514054 0.071819 107.000000 0.000000 95.000000 137.000000 1.000000 0.000000 48.466025
1 2.733813 6.000000 2.149105 0.046312 0.268108 0.067851 114.000000 0.000000 102.000000 71.000000 1.000000 0.000000 47.840997
1 2.986044 6.000000 2.377206 0.035940 0.218443 0.107384 150.000000 0.000000 73.000000 126.000000 1.000000 0.000000 39.955809
1 5.574179 6.000000 1.924546 0.332169 1.815859 0.256858 413.000000 0.000000 591.000000 1626.000000 1.000000 0.000000 54.427542
1 6.094061 6.000000 1.946525 0.388276 2.075686 0.220137 484.000000 0.000000 1364.000000 1515.000000 1.000000 0.000000 44.128716
1 2.938244 6.000000 1.415714 0.140668 0.708562 0.200306 257.000000 0.000000 269.000000 247.000000 1.000000 0.000000 82.151585
1 1.904049 6.000000 1.464256 0.033979 0.205807 0.057810 95.000000 0.000000 73.000000 64.000000 1.000000 0.000000 58.582002
1 3.243827 6.000000 1.423288 0.179752 0.994656 0.049668 176.000000 0.000000 665.000000 699.000000 1.000000 0.000000 42.637261
1 6.986957 8.000000 2.039583 0.397178 2.220033 0.566761 717.000000 0.000000 1347.000000 1247.000000 1.000000 0.000000 55.232732
1 10.144339 8.000000 1.984031 0.581189 3.519049 0.852619 1393.000000 0.000000 2417.000000 2558.000000 1.000000 0.000000 56.461974
1 8.021192 8.000000 2.216208 0.489368 2.972090 0.489555 370.000000 0.000000 942.000000 773.000000 1.000000 0.000000 49.909341
1 25.455022 8.000000 6.499088 1.094963 6.518432 3.410155 2050.000000 0.000000 1652.000000 2546.000000 1.000000 0.000000 53.042974
1 21.433157 8.000000 2.207243 1.676848 10.190658 0.727255 1070.000000 0.000000 4822.000000 3579.000000 1.000000 0.000000 42.591011
1 33.428184 8.000000 2.246523 3.186647 16.612499 0.905818 2262.000000 0.000000 4812.000000 9512.000000 1.000000 0.000000 49.341668
1 8.489798 8.000000 2.236995 0.554949 3.392156 0.480223 374.000000 0.000000 576.000000 1594.000000 1.000000 0.000000 63.663934
1 55.643196 8.000000 3.053029 4.566159 26.058832 3.378092 2304.000000 0.000000 1657.000000 11461.000000 1.000000 0.000000 70.762641
1 8.489798 8.000000 2.236995 0.554949 3.392156 0.480223 374.000000 0.000000 576.000000 1594.000000 1.000000 0.000000 63.663934
0 76.531939 8.000000 1.530344 5.563430 28.503163 0.715852 518.000000 0.000000 384.000000 325166.000000 1.000000 0.000000 -1.000000
1 15.630790 8.000000 1.963313 1.197657 7.228315 0.518319 856.000000 0.000000 3091.000000 4513.000000 1.000000 0.000000 41.428459
1 3.526674 8.000000 1.469111 0.186194 1.019537 0.137365 296.000000 0.000000 841.000000 438.000000 1.000000 0.000000 50.793531
1 9.820319 8.000000 1.377065 0.814865 4.560944 0.451519 510.000000 0.000000 865.000000 3200.000000 1.000000 0.000000 60.130952
1 13.780446 8.000000 1.157874 1.156107 6.732890 0.436179 868.000000 0.000000 6716.000000 3703.000000 1.000000 0.000000 44.537615
1 19.046778 8.000000 3.536135 0.831457 5.117317 2.750610 2917.000000 0.000000 3685.000000 1804.000000 1.000000 0.000000 55.945845
1 20.535048 8.000000 1.993234 1.677697 9.429442 1.102371 1328.000000 0.000000 3521.000000 4847.000000 1.000000 0.000000 52.638056
0 76.738563 8.000000 1.550088 6.040422 37.295464 2.816103 3214.000000 0.000000 18498.000000 24919.000000 1.000000 0.000000 -1.000000
1 7.987814 8.000000 2.005325 0.337837 2.115911 1.376363 1193.000000 0.000000 1340.000000 867.000000 1.000000 0.000000 54.035453
1 8.077554 8.000000 1.497614 0.661726 3.544769 0.266315 542.000000 0.000000 1440.000000 919.000000 1.000000 0.000000 52.748187
1 12.787864 8.000000 1.928218 0.834589 4.856513 1.486616 1678.000000 0.000000 2892.000000 3165.000000 1.000000 0.000000 62.114583
0 76.819592 8.000000 1.623830 6.023612 37.398297 3.069684 2712.000000 0.000000 14485.000000 16836.000000 1.000000 0.000000 -1.000000
1 31.071963 8.000000 3.044562 2.281577 13.688332 1.395798 2564.000000 0.000000 12067.000000 4775.000000 1.000000 0.000000 45.411276
1 8.174707 8.000000 1.568996 0.528086 3.176450 0.690889 798.000000 0.000000 2203.000000 2474.000000 1.000000 0.000000 56.045064
1 7.987814 8.000000 2.005325 0.337837 2.115911 1.376363 1193.000000 0.000000 1340.000000 867.000000 1.000000 0.000000 54.035453
1 4.679749 8.000000 1.798111 0.213356 1.335825 0.174520 546.000000 0.000000 512.000000 1144.000000 1.000000 0.000000 50.958719
1 10.428550 8.000000 1.165185 0.825639 4.919714 0.281875 853.000000 0.000000 4673.000000 3656.000000 1.000000 0.000000 38.703146
1 7.987814 8.000000 2.005325 0.337837 2.115911 1.376363 1193.000000 0.000000 1340.000000 867.000000 1.000000 0.000000 54.035453
1 7.775869 8.000000 1.230270 0.623235 3.462064 0.331295 557.000000 0.000000 1495.000000 1736.000000 1.000000 0.000000 43.838307
1 25.399512 8.000000 1.738841 2.023312 11.954893 1.257303 1711.000000 0.000000 2859.000000 5781.000000 1.000000 0.000000 73.793241
1 9.079751 8.000000 2.685638 0.608186 3.373715 0.328031 388.000000 0.000000 776.000000 3967.000000 1.000000 0.000000 46.023730
1 9.079751 8.000000 2.685638 0.608186 3.373715 0.328031 388.000000 0.000000 776.000000 3967.000000 1.000000 0.000000 46.023730
1 4.749331 8.000000 1.275994 0.297037 1.732643 0.308405 437.000000 0.000000 1054.000000 973.000000 1.000000 0.000000 45.948466
1 4.893108 8.000000 1.224707 0.363306 2.075955 0.116076 271.000000 0.000000 302.000000 1027.000000 1.000000 0.000000 53.022150
1 15.024960 8.000000 3.177333 1.106680 5.859084 0.576180 1105.000000 0.000000 2239.000000 2463.000000 1.000000 0.000000 61.718896
1 22.763078 8.000000 1.626156 2.028751 11.194970 0.758911 1375.000000 0.000000 4693.000000 4683.000000 1.000000 0.000000 50.307078
1 3.526674 8.000000 1.469111 0.186194 1.019537 0.137365 296.000000 0.000000 841.000000 438.000000 1.000000 0.000000 50.793531
1 29.262329 8.000000 1.547704 2.325713 13.277317 1.624083 2435.000000 0.000000 6374.000000 8235.000000 1.000000 0.000000 49.789836
1 10.964783 8.000000 1.920743 0.651642 3.878601 1.096802 1463.000000 0.000000 3215.000000 2199.000000 1.000000 0.000000 49.629044
1 24.810036 8.000000 2.106740 1.883200 11.248667 1.306088 1601.000000 0.000000 2276.000000 3788.000000 1.000000 0.000000 63.006897
1 9.079751 8.000000 2.685638 0.608186 3.373715 0.328031 388.000000 0.000000 776.000000 3967.000000 1.000000 0.000000 46.023730
1 24.617423 8.000000 2.264879 2.103584 11.940237 1.286756 1269.000000 0.000000 3146.000000 2965.000000 1.000000 0.000000 64.255424
1 2.587430 8.000000 1.452329 0.086093 0.488037 0.202669 178.000000 0.000000 269.000000 298.000000 1.000000 0.000000 67.212867
1 37.713654 8.000000 1.462422 3.080685 19.290573 1.635766 2067.000000 0.000000 8498.000000 14785.000000 1.000000 0.000000 46.418648
1 20.038712 8.000000 1.162898 1.657885 10.016589 0.624988 990.000000 0.000000 5738.000000 10802.000000 1.000000 0.000000 45.091450
1 7.098256 8.000000 2.295263 0.318673 1.818332 0.539502 626.000000 0.000000 685.000000 597.000000 1.000000 0.000000 52.779743
1 10.574426 8.000000 3.131645 0.684094 3.772151 0.430189 522.000000 0.000000 227.000000 1657.000000 1.000000 0.000000 62.288158
1 9.079751 8.000000 2.685638 0.608186 3.373715 0.328031 388.000000 0.000000 776.000000 3967.000000 1.000000 0.000000 46.023730
1 10.446037 8.000000 2.239337 0.735426 4.161869 0.715047 688.000000 0.000000 1181.000000 2119.000000 1.000000 0.000000 56.173782
1 2.988986 8.000000 1.151125 0.168027 0.953971 0.114275 315.000000 0.000000 109.000000 723.000000 1.000000 0.000000 56.128168
1 13.702094 8.000000 2.090540 0.876032 4.976316 1.123368 1808.000000 0.000000 3148.000000 3332.000000 1.000000 0.000000 62.157645
1 2.319785 8.000000 1.240400 0.091797 0.552802 0.054681 195.000000 0.000000 185.000000 275.000000 1.000000 0.000000 50.240929
1 20.418676 8.000000 1.247076 1.744532 11.064564 0.641292 1005.000000 0.000000 3220.000000 6426.000000 1.000000 0.000000 43.691437
1 5.279232 8.000000 2.164040 0.274335 1.613500 0.197442 268.000000 0.000000 253.000000 746.000000 1.000000 0.000000 54.991025
1 21.129711 8.000000 2.173152 1.647816 10.308784 0.859375 723.000000 0.000000 3102.000000 4393.000000 1.000000 0.000000 47.817526
1 4.866997 8.000000 2.937936 0.126952 0.737411 0.376853 277.000000 0.000000 156.000000 292.000000 1.000000 0.000000 52.975855
1 10.434821 8.000000 2.167310 0.826879 4.497139 0.407148 420.000000 0.000000 234.000000 657.000000 1.000000 0.000000 53.007668
1 11.998508 8.000000 5.896843 0.341437 2.131547 0.816388 1321.000000 0.000000 1999.000000 918.000000 1.000000 0.000000 47.707711
1 9.079751 8.000000 2.685638 0.608186 3.373715 0.328031 388.000000 0.000000 776.000000 3967.000000 1.000000 0.000000 46.023730
1 9.243281 8.000000 1.873285 0.494613 3.084074 1.010359 1099.000000 0.000000 1568.000000 1418.000000 1.000000 0.000000 45.204258
1 13.199180 10.000000 3.421817 0.858500 4.858091 0.499249 935.000000 0.000000 2316.000000 1599.000000 1.000000 0.000000 48.235350
1 8.585735 10.000000 1.024766 0.809453 4.085545 0.280039 454.000000 0.000000 1095.000000 2165.000000 1.000000 0.000000 40.877711
0 77.456304 10.000000 2.417519 4.129617 25.076431 7.641713 9262.000000 0.000000 23717.000000 9450.000000 1.000000 0.000000 -1.000000
1 10.549835 10.000000 1.393702 0.805524 4.528133 0.700771 905.000000 0.000000 1386.000000 2375.000000 1.000000 0.000000 57.035531
1 61.912176 10.000000 2.138810 4.953924 28.225155 3.582949 4551.000000 0.000000 6540.000000 16259.000000 1.000000 0.000000 59.699348
1 13.769018 10.000000 1.409796 1.256921 6.626510 0.299754 618.000000 0.000000 505.000000 2962.000000 1.000000 0.000000 52.290236
1 16.819992 10.000000 2.066360 0.993662 5.979125 2.767838 1946.000000 0.000000 2023.000000 2895.000000 1.000000 0.000000 49.351353
1 3.392898 10.000000 1.393340 0.167176 0.927696 0.259790 350.000000 0.000000 245.000000 652.000000 1.000000 0.000000 50.322439
1 17.807137 10.000000 1.739080 1.349477 7.775792 1.151716 1718.000000 0.000000 1122.000000 7530.000000 1.000000 0.000000 49.473888
1 29.563799 10.000000 2.194533 2.355782 14.344723 0.801417 1596.000000 0.000000 4134.000000 10417.000000 1.000000 0.000000 42.342087
1 24.556424 10.000000 2.551231 1.677001 9.283189 2.276095 2822.000000 0.000000 4165.000000 5842.000000 1.000000 0.000000 55.072651
1 61.912176 10.000000 2.138810 4.953924 28.225155 3.582949 4551.000000 0.000000 6540.000000 16259.000000 1.000000 0.000000 59.699348
1 22.198724 10.000000 2.557945 1.594058 9.002887 1.518629 2293.000000 0.000000 6533.000000 5059.000000 1.000000 0.000000 45.715897
1 2.555800 10.000000 1.680093 0.069209 0.392156 0.114477 185.000000 0.000000 172.000000 227.000000 1.000000 0.000000 47.401070
1 71.742025 10.000000 1.622714 6.121810 35.170462 2.742947 4079.000000 0.000000 7552.000000 18184.000000 1.000000 0.000000 60.703454
1 13.484032 10.000000 2.506841 0.955129 5.818983 0.623975 659.000000 0.000000 1813.000000 2707.000000 1.000000 0.000000 41.644119
1 11.494319 10.000000 3.168139 0.712131 4.082892 0.595081 673.000000 0.000000 1084.000000 1374.000000 1.000000 0.000000 54.386247
1 16.579588 10.000000 3.212717 0.991921 6.238478 1.447499 1425.000000 0.000000 1335.000000 3303.000000 1.000000 0.000000 50.503644
1 17.403557 10.000000 1.607316 1.377931 7.595774 1.117299 1745.000000 0.000000 1596.000000 5292.000000 1.000000 0.000000 76.506190
1 2.677441 10.000000 1.736103 0.068914 0.402146 0.152054 201.000000 0.000000 164.000000 192.000000 1.000000 0.000000 41.499901
1 61.912176 10.000000 2.138810 4.953924 28.225155 3.582949 4551.000000 0.000000 6540.000000 16259.000000 1.000000 0.000000 59.699348
1 9.642185 10.000000 2.091516 0.523105 3.256912 0.939396 942.000000 0.000000 1251.000000 1483.000000 1.000000 0.000000 48.351035
1 9.592976 10.000000 1.401732 0.703376 4.027272 0.667581 702.000000 0.000000 1766.000000 1904.000000 1.000000 0.000000 52.271864
1 58.918203 10.000000 1.369865 4.826795 29.602348 2.954399 2228.000000 0.000000 12062.000000 27058.000000 1.000000 0.000000 60.617167
1 7.722606 10.000000 3.106759 0.354416 2.038356 0.546941 754.000000 0.000000 179.000000 1117.000000 1.000000 0.000000 45.777615
1 10.134746 10.000000 1.238970 0.737611 4.400279 0.835351 882.000000 0.000000 1282.000000 2770.000000 1.000000 0.000000 56.081706
1 5.641513 10.000000 2.583248 0.250651 1.477097 0.242481 293.000000 0.000000 428.000000 478.000000 1.000000 0.000000 39.762066
1 20.070897 10.000000 2.557224 1.283482 7.479506 1.942699 2288.000000 0.000000 3191.000000 4241.000000 1.000000 0.000000 54.443278
1 33.714565 10.000000 1.998086 2.368232 14.778101 1.845991 2886.000000 0.000000 5553.000000 9059.000000 1.000000 0.000000 43.056728
1 16.838427 10.000000 2.497569 1.214036 7.026665 1.185145 966.000000 0.000000 2606.000000 1733.000000 1.000000 0.000000 48.497827
0 79.522408 10.000000 4.474890 4.633809 27.101645 7.493661 7610.000000 0.000000 20619.000000 9710.000000 1.000000 0.000000 -1.000000
1 17.931555 10.000000 1.701980 1.508707 8.329704 0.814278 1228.000000 0.000000 2079.000000 4020.000000 1.000000 0.000000 40.858176
0 77.220106 10.000000 2.214695 4.274839 26.233038 6.757047 9183.000000 0.000000 21438.000000 10607.000000 1.000000 0.000000 -1.000000
1 44.492833 10.000000 1.370133 3.768232 22.224668 1.932367 1997.000000 0.000000 7937.000000 19258.000000 1.000000 0.000000 42.586041
1 10.621315 10.000000 2.153219 0.678899 3.948306 0.924749 964.000000 0.000000 1276.000000 2330.000000 1.000000 0.000000 45.341898
1 37.749361 10.000000 2.503546 2.778491 16.272016 2.953992 3702.000000 0.000000 3497.000000 7557.000000 1.000000 0.000000 77.802846
1 4.267793 10.000000 2.242946 0.139542 0.817205 0.305088 441.000000 0.000000 286.000000 417.000000 1.000000 0.000000 64.152684
1 15.518642 10.000000 3.462055 0.791657 5.142347 1.070269 1679.000000 0.000000 1860.000000 4432.000000 1.000000 0.000000 52.323891
0 76.510544 10.000000 1.311053 7.186053 38.214508 4.435406 3285.000000 0.000000 6607.000000 9401.000000 1.000000 0.000000 -1.000000
1 7.631689 10.000000 2.779630 0.400203 2.335290 0.399613 624.000000 0.000000 244.000000 1918.000000 1.000000 0.000000 54.049715
1 7.878149 10.000000 2.101312 0.546736 3.079156 0.247668 481.000000 0.000000 245.000000 1587.000000 1.000000 0.000000 59.635534
1 14.191685 10.000000 5.806985 0.557545 3.778278 0.751518 1055.000000 0.000000 901.000000 2164.000000 1.000000 0.000000 57.388197
1 14.008092 10.000000 1.613622 1.039863 6.233148 0.846895 1183.000000 0.000000 2927.000000 2934.000000 1.000000 0.000000 47.387731
1 2.458654 10.000000 1.217888 0.094964 0.595566 0.139399 278.000000 0.000000 224.000000 496.000000 1.000000 0.000000 48.695951
1 16.098233 10.000000 1.602401 1.231320 7.352999 0.777095 1695.000000 0.000000 2259.000000 5127.000000 1.000000 0.000000 54.094499
1 54.340921 10.000000 2.192810 3.268411 20.418748 7.425846 4631.000000 0.000000 5214.000000 8138.000000 1.000000 0.000000 41.035301
1 31.286352 10.000000 3.276307 2.338131 14.556588 1.393480 1513.000000 0.000000 2791.000000 5668.000000 1.000000 0.000000 54.981259
0 78.284853 10.000000 3.220868 5.587930 37.609962 3.764139 3601.000000 0.000000 11693.000000 32247.000000 1.000000 0.000000 -1.000000
1 11.289376 10.000000 1.858248 0.798056 4.500120 0.643910 947.000000 0.000000 951.000000 2683.000000 1.000000 0.000000 46.383645
1 6.393254 10.000000 3.022949 0.211814 1.257695 0.760063 558.000000 0.000000 348.000000 553.000000 1.000000 0.000000 45.002764
1 52.033539 10.000000 2.592876 2.931263 17.972926 6.733544 6186.000000 0.000000 9268.000000 8000.000000 1.000000 0.000000 45.421066
1 4.351627 10.000000 2.195222 0.172922 0.991372 0.277381 395.000000 0.000000 215.000000 737.000000 1.000000 0.000000 51.507795
1 10.021747 10.000000 1.465705 0.774367 4.388101 0.542816 735.000000 0.000000 912.000000 2531.000000 1.000000 0.000000 52.080772
0 80.575956 10.000000 5.374452 5.823331 35.609695 2.388911 4319.000000 0.000000 5362.000000 19057.000000 1.000000 0.000000 -1.000000
1 14.587848 10.000000 1.866017 1.045059 5.782289 1.350942 1225.000000 0.000000 1450.000000 3175.000000 1.000000 0.000000 60.869575
1 4.375725 10.000000 1.507470 0.266199 1.451209 0.189570 389.000000 0.000000 608.000000 704.000000 1.000000 0.000000 53.758337
0 78.971341 10.000000 3.815883 4.321655 26.031964 6.799040 7039.000000 0.000000 13027.000000 15191.000000 1.000000 0.000000 -1.000000
1 5.950679 10.000000 2.251079 0.294417 1.712066 0.376484 476.000000 0.000000 503.000000 943.000000 1.000000 0.000000 39.390678
