1 0.746941 1.000000 0.742767 0.002430 0.000823 0.000046 4.000000 0.000000 0.000000 7.000000 2.000000 1.000000 15.999007
1 0.726922 1.000000 0.720441 0.003802 0.001310 0.000039 3.000000 0.000000 0.000000 26.000000 2.000000 1.000000 17.547619
1 0.732914 1.000000 0.729014 0.002210 0.000807 0.000043 4.000000 0.000000 0.000000 2.000000 2.000000 1.000000 27.035017
1 0.706876 1.000000 0.701032 0.003258 0.001271 0.000050 4.000000 0.000000 0.000000 12.000000 2.000000 1.000000 29.093909
1 1.169682 1.000000 1.165534 0.002363 0.000873 0.000072 4.000000 0.000000 0.000000 9.000000 2.000000 1.000000 15.366764
1 0.713464 1.000000 0.699239 0.008352 0.002898 0.000044 3.000000 0.000000 0.000000 21.000000 2.000000 1.000000 15.283181
1 0.710801 1.000000 0.708062 0.001615 0.000500 0.000044 4.000000 0.000000 0.000000 0.000000 2.000000 1.000000 12.760109
1 0.720542 1.000000 0.717984 0.001402 0.000518 0.000043 4.000000 0.000000 0.000000 0.000000 2.000000 1.000000 13.673472
1 0.745193 1.000000 0.740606 0.002462 0.000980 0.000051 3.000000 0.000000 0.000000 0.000000 2.000000 1.000000 20.621369
1 0.739482 1.000000 0.737140 0.001373 0.000482 0.000025 2.000000 0.000000 0.000000 0.000000 2.000000 1.000000 11.333922
1 0.744617 1.000000 0.737255 0.004215 0.001559 0.000049 3.000000 0.000000 0.000000 19.000000 2.000000 1.000000 15.631557
1 0.694793 1.000000 0.689162 0.003185 0.001249 0.000040 3.000000 0.000000 0.000000 20.000000 2.000000 1.000000 28.635061
1 0.735956 1.000000 0.731961 0.002356 0.000780 0.000029 3.000000 0.000000 0.000000 7.000000 2.000000 1.000000 16.689947
1 3.191040 1.000000 3.186242 0.002721 0.000978 0.000095 4.000000 0.000000 0.000000 7.000000 2.000000 1.000000 14.002007
1 1.254826 1.000000 1.247504 0.004277 0.001533 0.000059 4.000000 0.000000 0.000000 9.000000 2.000000 1.000000 13.604622
1 1.625414 1.000000 1.621682 0.002028 0.000814 0.000073 4.000000 0.000000 0.000000 0.000000 2.000000 1.000000 17.474119
1 0.787456 1.000000 0.784992 0.001446 0.000478 0.000041 3.000000 0.000000 0.000000 0.000000 2.000000 1.000000 12.244867
1 0.804349 1.000000 0.801900 0.001440 0.000465 0.000046 3.000000 0.000000 0.000000 0.000000 2.000000 1.000000 14.312522
1 0.762447 1.000000 0.754227 0.004728 0.001667 0.000061 4.000000 0.000000 0.000000 15.000000 2.000000 1.000000 17.180457
1 0.747301 1.000000 0.740320 0.003836 0.001558 0.000056 3.000000 0.000000 0.000000 3.000000 2.000000 1.000000 20.318103
1 1.286758 1.000000 1.282824 0.002315 0.000752 0.000059 4.000000 0.000000 0.000000 7.000000 2.000000 1.000000 17.389985
1 0.709030 1.000000 0.706784 0.001302 0.000420 0.000042 3.000000 0.000000 0.000000 0.000000 2.000000 1.000000 11.365700
1 0.755607 1.000000 0.749287 0.003636 0.001275 0.000054 4.000000 0.000000 0.000000 6.000000 2.000000 1.000000 15.840316
1 0.778211 1.000000 0.775552 0.001474 0.000530 0.000040 3.000000 0.000000 0.000000 0.000000 2.000000 1.000000 15.764406
1 0.823882 1.000000 0.812181 0.006259 0.002861 0.000090 6.000000 0.000000 0.000000 5.000000 2.000000 1.000000 20.649444
1 1.919271 1.000000 1.915611 0.002051 0.000754 0.000099 4.000000 0.000000 0.000000 5.000000 2.000000 1.000000 12.650679
1 1.313545 1.000000 1.306387 0.003843 0.001537 0.000063 4.000000 0.000000 0.000000 8.000000 2.000000 1.000000 34.574485
1 1.240634 1.000000 1.237498 0.001784 0.000676 0.000063 4.000000 0.000000 0.000000 0.000000 2.000000 1.000000 16.841473
1 0.753288 1.000000 0.750998 0.001323 0.000517 0.000040 3.000000 0.000000 0.000000 0.000000 2.000000 1.000000 13.922885
1 0.714945 1.000000 0.711380 0.002172 0.000645 0.000035 3.000000 0.000000 0.000000 9.000000 2.000000 1.000000 11.496658
1 0.814770 1.000000 0.807562 0.004336 0.001456 0.000058 4.000000 0.000000 0.000000 10.000000 2.000000 1.000000 30.288617
1 1.407481 1.000000 1.405108 0.001302 0.000513 0.000046 3.000000 0.000000 0.000000 0.000000 2.000000 1.000000 12.937710
1 0.800608 1.000000 0.798094 0.001366 0.000542 0.000044 3.000000 0.000000 0.000000 0.000000 2.000000 1.000000 13.086345
1 0.818979 1.000000 0.815341 0.002168 0.000688 0.000051 4.000000 0.000000 0.000000 1.000000 2.000000 1.000000 17.377163
1 1.244308 1.000000 1.238308 0.003297 0.001322 0.000051 3.000000 0.000000 0.000000 8.000000 2.000000 1.000000 16.640934
1 0.722159 1.000000 0.719429 0.001642 0.000520 0.000038 3.000000 0.000000 0.000000 3.000000 2.000000 1.000000 11.907317
1 1.221656 1.000000 1.217439 0.002335 0.000858 0.000090 4.000000 0.000000 0.000000 3.000000 2.000000 1.000000 19.258528
1 0.770687 1.000000 0.766257 0.002552 0.000925 0.000036 3.000000 0.000000 0.000000 5.000000 2.000000 1.000000 27.246585
1 0.822901 1.000000 0.818694 0.002325 0.000892 0.000050 4.000000 0.000000 0.000000 1.000000 2.000000 1.000000 18.708177
1 1.910411 1.000000 1.903282 0.004187 0.001461 0.000076 3.000000 0.000000 0.000000 7.000000 2.000000 1.000000 28.726663
1 0.840312 1.000000 0.837301 0.001655 0.000627 0.000046 3.000000 0.000000 0.000000 0.000000 2.000000 1.000000 18.159603
1 0.781747 1.000000 0.767235 0.008857 0.002898 0.000040 3.000000 0.000000 0.000000 19.000000 2.000000 1.000000 25.948947
1 0.733036 1.000000 0.728337 0.002649 0.001005 0.000044 3.000000 0.000000 0.000000 9.000000 2.000000 1.000000 28.089710
1 1.281815 1.000000 1.277108 0.002634 0.001000 0.000047 3.000000 0.000000 0.000000 9.000000 2.000000 1.000000 14.921160
1 0.737068 1.000000 0.730909 0.003430 0.001332 0.000045 3.000000 0.000000 0.000000 14.000000 2.000000 1.000000 20.107749
1 1.310399 1.000000 1.293207 0.009479 0.003703 0.000083 5.000000 0.000000 0.000000 21.000000 2.000000 1.000000 20.220539
1 0.820441 1.000000 0.811381 0.005554 0.001937 0.000036 3.000000 0.000000 0.000000 15.000000 2.000000 1.000000 15.946728
1 0.822072 1.000000 0.814870 0.003951 0.001585 0.000043 3.000000 0.000000 0.000000 10.000000 2.000000 1.000000 17.542173
1 0.857426 1.000000 0.854539 0.001681 0.000614 0.000065 3.000000 0.000000 0.000000 0.000000 2.000000 1.000000 15.213702
1 0.807118 1.000000 0.804029 0.001719 0.000638 0.000058 4.000000 0.000000 0.000000 0.000000 2.000000 1.000000 17.653745
1 0.764817 1.000000 0.761061 0.002132 0.000789 0.000051 4.000000 0.000000 0.000000 1.000000 2.000000 1.000000 28.428139
1 0.749300 1.000000 0.744363 0.002719 0.001083 0.000039 3.000000 0.000000 0.000000 6.000000 2.000000 1.000000 29.151306
1 0.743934 1.000000 0.728421 0.008939 0.003224 0.000045 3.000000 0.000000 0.000000 22.000000 2.000000 1.000000 12.123841
1 1.278185 1.000000 1.273080 0.002911 0.001022 0.000064 4.000000 0.000000 0.000000 9.000000 2.000000 1.000000 19.569441
1 1.361887 1.000000 1.359413 0.001414 0.000492 0.000055 3.000000 0.000000 0.000000 0.000000 2.000000 1.000000 12.666274
1 0.837518 1.000000 0.833173 0.002409 0.000973 0.000054 4.000000 0.000000 0.000000 11.000000 2.000000 1.000000 25.952170
1 1.970790 1.000000 1.967512 0.001653 0.000724 0.000093 4.000000 0.000000 0.000000 0.000000 2.000000 1.000000 14.130546
1 0.737978 1.000000 0.735582 0.001332 0.000482 0.000051 4.000000 0.000000 0.000000 0.000000 2.000000 1.000000 15.997340
1 0.753461 1.000000 0.748649 0.002614 0.001093 0.000049 4.000000 0.000000 0.000000 5.000000 2.000000 1.000000 15.801862
1 0.731634 1.000000 0.726796 0.002883 0.000976 0.000039 3.000000 0.000000 0.000000 12.000000 2.000000 1.000000 29.639733
1 0.757647 2.000000 0.731111 0.013638 0.005192 0.002314 14.000000 0.000000 4.000000 12.000000 2.000000 1.000000 55.024234
1 0.859498 2.000000 0.735106 0.067084 0.027163 0.002812 24.000000 0.000000 35.000000 126.000000 2.000000 1.000000 67.141991
1 0.824492 2.000000 0.691032 0.072116 0.027671 0.003357 23.000000 0.000000 34.000000 44.000000 2.000000 1.000000 43.868265
1 0.996579 2.000000 0.703026 0.153225 0.065230 0.002980 21.000000 0.000000 146.000000 112.000000 2.000000 1.000000 57.588976
1 1.448650 2.000000 1.212350 0.128758 0.050143 0.005099 27.000000 0.000000 46.000000 152.000000 2.000000 1.000000 59.937029
1 1.432553 2.000000 0.683370 0.400464 0.161947 0.003163 22.000000 0.000000 203.000000 213.000000 2.000000 1.000000 79.594420
1 0.793891 2.000000 0.741696 0.025681 0.011098 0.003166 20.000000 0.000000 22.000000 10.000000 2.000000 1.000000 55.769436
1 1.751860 2.000000 1.695001 0.028227 0.011733 0.005425 24.000000 0.000000 21.000000 29.000000 2.000000 1.000000 47.873246
1 2.059810 2.000000 1.855496 0.107704 0.042394 0.008542 22.000000 0.000000 5.000000 52.000000 2.000000 1.000000 50.731940
1 2.575378 2.000000 2.523161 0.027459 0.010550 0.003469 15.000000 0.000000 8.000000 12.000000 2.000000 1.000000 47.922430
1 1.549993 2.000000 1.407174 0.075737 0.030181 0.004076 22.000000 0.000000 49.000000 110.000000 2.000000 1.000000 47.534881
1 1.469479 2.000000 1.424985 0.022961 0.008971 0.003236 17.000000 0.000000 6.000000 19.000000 2.000000 1.000000 45.251933
1 0.883273 2.000000 0.833587 0.024944 0.010542 0.002921 21.000000 0.000000 0.000000 18.000000 2.000000 1.000000 76.387561
1 0.842080 2.000000 0.764846 0.042710 0.016217 0.002020 14.000000 0.000000 19.000000 31.000000 2.000000 1.000000 49.054026
1 0.756539 2.000000 0.718082 0.020537 0.008413 0.001624 14.000000 0.000000 2.000000 12.000000 2.000000 1.000000 56.377725
1 1.269053 2.000000 1.227612 0.021121 0.008691 0.002953 17.000000 0.000000 0.000000 22.000000 2.000000 1.000000 48.665996
1 1.371337 2.000000 1.302172 0.037855 0.014339 0.003522 15.000000 0.000000 18.000000 31.000000 2.000000 1.000000 49.204387
1 0.832825 2.000000 0.806984 0.013401 0.005292 0.001979 12.000000 0.000000 3.000000 1.000000 2.000000 1.000000 51.166346
1 0.912222 2.000000 0.846207 0.035022 0.014701 0.001884 14.000000 0.000000 11.000000 14.000000 2.000000 1.000000 44.105032
1 1.050807 2.000000 0.848544 0.107303 0.045525 0.002960 15.000000 0.000000 84.000000 57.000000 2.000000 1.000000 43.598281
1 0.939821 2.000000 0.791606 0.079690 0.030174 0.005613 28.000000 0.000000 21.000000 99.000000 2.000000 1.000000 73.165991
1 1.782779 2.000000 1.728394 0.026338 0.010981 0.005441 25.000000 0.000000 31.000000 15.000000 2.000000 1.000000 42.722970
1 1.013287 2.000000 0.750059 0.140855 0.057020 0.004577 28.000000 0.000000 87.000000 203.000000 2.000000 1.000000 51.801489
1 0.796683 2.000000 0.754260 0.022613 0.008958 0.002171 15.000000 0.000000 6.000000 14.000000 2.000000 1.000000 44.823732
1 2.035183 2.000000 1.920802 0.058836 0.024816 0.006610 24.000000 0.000000 28.000000 55.000000 2.000000 1.000000 47.259189
1 1.726306 2.000000 1.406529 0.169935 0.069288 0.007271 30.000000 0.000000 50.000000 101.000000 2.000000 1.000000 61.827247
1 0.929667 2.000000 0.734431 0.099712 0.042243 0.003014 21.000000 0.000000 40.000000 114.000000 2.000000 1.000000 43.936845
1 1.316191 2.000000 1.244176 0.039396 0.014421 0.003335 19.000000 0.000000 3.000000 108.000000 2.000000 1.000000 60.362965
1 1.341253 2.000000 1.230384 0.057780 0.024437 0.002961 22.000000 0.000000 14.000000 58.000000 2.000000 1.000000 83.256887
1 0.756513 2.000000 0.705928 0.026738 0.010977 0.002039 18.000000 0.000000 13.000000 15.000000 2.000000 1.000000 54.112058
1 1.011208 2.000000 0.707059 0.165028 0.063907 0.004463 25.000000 0.000000 31.000000 76.000000 2.000000 1.000000 43.752518
1 1.218127 2.000000 1.178842 0.021336 0.008479 0.002565 14.000000 0.000000 0.000000 13.000000 2.000000 1.000000 56.438183
1 1.264088 2.000000 1.209862 0.028250 0.011661 0.002502 14.000000 0.000000 2.000000 32.000000 2.000000 1.000000 46.488341
1 0.810939 2.000000 0.740418 0.037331 0.015223 0.001868 15.000000 0.000000 15.000000 18.000000 2.000000 1.000000 52.737714
1 1.673234 2.000000 1.248334 0.219035 0.093087 0.004204 21.000000 0.000000 101.000000 68.000000 2.000000 1.000000 52.631296
1 0.861917 2.000000 0.714040 0.081660 0.031415 0.002771 21.000000 0.000000 26.000000 142.000000 2.000000 1.000000 58.550588
1 1.994696 2.000000 1.123343 0.466970 0.192750 0.006886 28.000000 0.000000 72.000000 339.000000 2.000000 1.000000 56.521110
1 1.717342 2.000000 1.437410 0.153355 0.064810 0.005607 20.000000 0.000000 21.000000 110.000000 2.000000 1.000000 63.059410
1 1.768994 2.000000 1.084457 0.374704 0.145306 0.002377 20.000000 0.000000 207.000000 159.000000 2.000000 1.000000 43.259529
1 1.006372 2.000000 0.832940 0.095014 0.038142 0.002110 14.000000 0.000000 61.000000 87.000000 2.000000 1.000000 55.392385
1 1.063140 2.000000 0.866008 0.107778 0.042517 0.003446 17.000000 0.000000 18.000000 74.000000 2.000000 1.000000 46.814629
1 0.879579 2.000000 0.799362 0.044462 0.017586 0.001833 16.000000 0.000000 0.000000 36.000000 2.000000 1.000000 72.026880
1 0.797710 2.000000 0.725625 0.039596 0.014328 0.002948 19.000000 0.000000 19.000000 31.000000 2.000000 1.000000 45.413466
1 1.571290 2.000000 1.240770 0.170340 0.073678 0.003486 21.000000 0.000000 90.000000 93.000000 2.000000 1.000000 48.185717
1 0.837436 2.000000 0.759479 0.045656 0.015632 0.001738 14.000000 0.000000 0.000000 126.000000 2.000000 1.000000 53.609033
1 0.826439 2.000000 0.789462 0.019961 0.007637 0.002166 13.000000 0.000000 10.000000 28.000000 2.000000 1.000000 45.097717
1 0.889223 2.000000 0.826015 0.034133 0.013754 0.002208 17.000000 0.000000 25.000000 59.000000 2.000000 1.000000 56.773876
1 0.856542 2.000000 0.819486 0.019026 0.007592 0.002689 15.000000 0.000000 0.000000 15.000000 2.000000 1.000000 54.554450
1 1.947767 2.000000 1.852107 0.048017 0.019342 0.006310 31.000000 0.000000 38.000000 109.000000 2.000000 1.000000 71.670606
1 0.813233 2.000000 0.738026 0.039912 0.016356 0.002558 17.000000 0.000000 0.000000 63.000000 2.000000 1.000000 72.695466
1 0.875330 2.000000 0.719018 0.082844 0.035785 0.003027 19.000000 0.000000 19.000000 113.000000 2.000000 1.000000 53.637269
1 1.747931 2.000000 1.702094 0.021334 0.009610 0.005197 19.000000 0.000000 16.000000 14.000000 2.000000 1.000000 47.665149
1 1.252989 2.000000 0.850938 0.218157 0.086615 0.004056 28.000000 0.000000 131.000000 89.000000 2.000000 1.000000 55.402442
1 1.435511 2.000000 1.406573 0.015015 0.005655 0.003211 11.000000 0.000000 0.000000 19.000000 2.000000 1.000000 42.778482
1 1.905632 2.000000 1.865057 0.020992 0.007560 0.005242 15.000000 0.000000 0.000000 29.000000 2.000000 1.000000 43.259834
1 1.825050 2.000000 1.720690 0.051896 0.021126 0.009046 29.000000 0.000000 21.000000 65.000000 2.000000 1.000000 54.347045
1 0.869421 2.000000 0.728814 0.076078 0.029419 0.002879 19.000000 0.000000 29.000000 75.000000 2.000000 1.000000 47.150994
1 0.944512 2.000000 0.780715 0.086793 0.034600 0.003800 22.000000 0.000000 31.000000 46.000000 2.000000 1.000000 65.788588
1 1.038518 2.000000 0.824039 0.117369 0.048598 0.003517 24.000000 0.000000 119.000000 77.000000 2.000000 1.000000 53.602805
1 0.887932 2.000000 0.833488 0.028768 0.011241 0.003242 17.000000 0.000000 14.000000 28.000000 2.000000 1.000000 45.981689
1 1.785426 4.000000 1.432682 0.123436 0.055240 0.131983 44.000000 0.000000 4.000000 97.000000 2.000000 1.000000 70.956393
1 1.697476 4.000000 1.256701 0.133711 0.059087 0.225636 48.000000 0.000000 51.000000 89.000000 2.000000 1.000000 54.868491
1 7.319827 4.000000 1.724497 2.054321 0.987680 1.575296 219.000000 0.000000 1129.000000 1108.000000 2.000000 1.000000 103.471808
1 2.453994 4.000000 1.281073 0.403965 0.181419 0.446984 66.000000 0.000000 119.000000 232.000000 2.000000 1.000000 58.582921
1 2.322730 4.000000 1.924353 0.041647 0.019169 0.375024 39.000000 0.000000 0.000000 22.000000 2.000000 1.000000 58.052596
1 2.521207 4.000000 1.858769 0.125263 0.059120 0.420993 58.000000 0.000000 44.000000 93.000000 2.000000 1.000000 51.915324
1 2.307053 4.000000 1.775014 0.141900 0.068563 0.268196 50.000000 0.000000 22.000000 113.000000 2.000000 1.000000 58.986450
1 1.378949 4.000000 0.726993 0.275697 0.123755 0.138171 64.000000 0.000000 97.000000 164.000000 2.000000 1.000000 64.716296
1 2.315404 4.000000 1.188995 0.465257 0.208430 0.283323 96.000000 0.000000 64.000000 350.000000 2.000000 1.000000 117.493167
1 2.040749 4.000000 1.731129 0.079570 0.037349 0.159116 35.000000 0.000000 44.000000 34.000000 2.000000 1.000000 49.727261
1 1.572646 4.000000 0.758298 0.391465 0.165229 0.115368 57.000000 0.000000 199.000000 206.000000 2.000000 1.000000 78.680628
1 3.730685 4.000000 1.886759 0.607675 0.268522 0.826834 68.000000 0.000000 97.000000 216.000000 2.000000 1.000000 77.023979
1 3.612485 4.000000 2.451753 0.272877 0.127481 0.783746 87.000000 0.000000 136.000000 123.000000 2.000000 1.000000 52.963715
1 2.975558 4.000000 1.371364 0.649579 0.288508 0.426407 63.000000 0.000000 440.000000 206.000000 2.000000 1.000000 47.335010
1 4.628232 4.000000 1.745279 0.722986 0.336006 1.502101 114.000000 0.000000 258.000000 335.000000 2.000000 1.000000 52.572269
1 2.496920 4.000000 1.866599 0.106242 0.050236 0.497715 51.000000 0.000000 133.000000 30.000000 2.000000 1.000000 49.575081
1 2.676314 4.000000 1.750100 0.145114 0.064190 0.719335 44.000000 0.000000 30.000000 242.000000 2.000000 1.000000 44.195256
1 1.971465 4.000000 1.453003 0.187388 0.085562 0.201827 44.000000 0.000000 96.000000 118.000000 2.000000 1.000000 48.940058
1 1.191264 4.000000 0.850836 0.157282 0.064667 0.067441 30.000000 0.000000 48.000000 113.000000 2.000000 1.000000 51.913002
1 1.698876 4.000000 1.273005 0.159760 0.077592 0.115244 43.000000 0.000000 39.000000 105.000000 2.000000 1.000000 45.858819
1 2.236100 4.000000 1.710209 0.073820 0.034914 0.457336 41.000000 0.000000 21.000000 34.000000 2.000000 1.000000 45.346598
1 10.651636 4.000000 1.194402 4.606860 2.052398 0.825063 386.000000 0.000000 737.000000 3748.000000 2.000000 1.000000 54.132514
1 1.207199 4.000000 0.717348 0.254051 0.106297 0.037779 38.000000 0.000000 54.000000 227.000000 2.000000 1.000000 46.294480
1 0.951851 4.000000 0.786121 0.061953 0.024270 0.071988 25.000000 0.000000 19.000000 27.000000 2.000000 1.000000 44.703298
1 1.644753 4.000000 1.254041 0.113062 0.052301 0.178820 36.000000 0.000000 14.000000 100.000000 2.000000 1.000000 54.169190
1 8.010337 4.000000 1.298718 3.003149 1.364110 1.090064 90.000000 0.000000 753.000000 1281.000000 2.000000 1.000000 56.664698
1 4.802188 4.000000 2.230170 0.231484 0.112810 2.239994 118.000000 0.000000 100.000000 186.000000 2.000000 1.000000 51.515415
1 2.559410 4.000000 1.617851 0.172356 0.083633 0.609565 62.000000 0.000000 24.000000 238.000000 2.000000 1.000000 60.244784
1 2.004212 4.000000 1.223416 0.237860 0.104839 0.370966 65.000000 0.000000 128.000000 162.000000 2.000000 1.000000 69.692801
1 2.629149 4.000000 1.768286 0.225724 0.105786 0.429325 57.000000 0.000000 136.000000 108.000000 2.000000 1.000000 49.714422
1 1.921352 4.000000 0.876553 0.397105 0.169316 0.356407 48.000000 0.000000 86.000000 132.000000 2.000000 1.000000 56.001861
1 4.338037 4.000000 3.108330 0.201498 0.095006 0.914779 80.000000 0.000000 97.000000 171.000000 2.000000 1.000000 59.132696
1 2.388207 4.000000 1.924559 0.078036 0.036473 0.449999 38.000000 0.000000 24.000000 30.000000 2.000000 1.000000 85.813436
1 0.991009 4.000000 0.780006 0.080270 0.033958 0.066527 29.000000 0.000000 4.000000 88.000000 2.000000 1.000000 43.259087
1 1.733025 4.000000 1.279197 0.147362 0.066556 0.187348 47.000000 0.000000 132.000000 52.000000 2.000000 1.000000 56.009048
1 2.462798 4.000000 1.358589 0.196566 0.094900 0.729934 54.000000 0.000000 37.000000 92.000000 2.000000 1.000000 52.277754
1 4.380134 4.000000 1.435443 1.034627 0.453318 1.039666 109.000000 0.000000 319.000000 658.000000 2.000000 1.000000 65.921312
1 2.233930 4.000000 1.263458 0.311462 0.150210 0.390503 68.000000 0.000000 120.000000 203.000000 2.000000 1.000000 69.176486
1 1.791165 4.000000 1.442164 0.130210 0.059613 0.111978 51.000000 0.000000 55.000000 89.000000 2.000000 1.000000 48.182001
1 1.882903 4.000000 1.410527 0.103972 0.044948 0.287817 42.000000 0.000000 19.000000 65.000000 2.000000 1.000000 58.163982
1 1.828757 4.000000 1.271921 0.199994 0.089613 0.207436 55.000000 0.000000 37.000000 219.000000 2.000000 1.000000 57.446618
1 2.507547 4.000000 1.712839 0.282840 0.134230 0.307580 63.000000 0.000000 101.000000 285.000000 2.000000 1.000000 53.938170
1 1.368995 4.000000 0.728904 0.256023 0.106653 0.199032 42.000000 0.000000 26.000000 316.000000 2.000000 1.000000 59.427276
0 76.202010 4.000000 1.197672 49.835671 4.379404 0.943011 136.000000 0.000000 338.000000 504405.000000 2.000000 1.000000 -1.000000
1 1.902099 4.000000 1.416416 0.143633 0.063057 0.241356 57.000000 0.000000 7.000000 159.000000 2.000000 1.000000 52.131220
1 2.839044 4.000000 1.650635 0.281394 0.130331 0.671878 65.000000 0.000000 92.000000 309.000000 2.000000 1.000000 58.085789
1 7.773661 4.000000 0.728632 3.593365 1.689590 0.167054 259.000000 0.000000 83.000000 2753.000000 2.000000 1.000000 80.176444
1 2.776124 4.000000 1.642033 0.348517 0.174375 0.469919 93.000000 0.000000 139.000000 313.000000 2.000000 1.000000 80.938382
1 2.335223 4.000000 1.612253 0.145336 0.072555 0.505966 66.000000 0.000000 46.000000 74.000000 2.000000 1.000000 77.203076
1 4.130002 4.000000 2.077895 0.572424 0.285782 1.013486 206.000000 0.000000 93.000000 443.000000 2.000000 1.000000 69.285102
1 2.132721 4.000000 1.218484 0.335150 0.162044 0.271929 68.000000 0.000000 228.000000 209.000000 2.000000 1.000000 61.344192
1 0.997198 4.000000 0.752261 0.099313 0.043379 0.083607 35.000000 0.000000 54.000000 48.000000 2.000000 1.000000 50.781516
1 3.955701 4.000000 1.705658 0.488292 0.224062 1.327597 95.000000 0.000000 278.000000 138.000000 2.000000 1.000000 56.919598
1 4.119723 4.000000 3.386777 0.224996 0.103390 0.350369 62.000000 0.000000 1.000000 184.000000 2.000000 1.000000 68.275088
1 3.395647 4.000000 2.018320 0.260729 0.117740 0.994453 71.000000 0.000000 136.000000 71.000000 2.000000 1.000000 67.156179
1 3.451737 4.000000 0.821633 1.358337 0.576476 0.146419 76.000000 0.000000 563.000000 731.000000 2.000000 1.000000 51.176465
1 3.576003 4.000000 1.219616 0.923720 0.438068 0.640382 158.000000 0.000000 159.000000 940.000000 2.000000 1.000000 71.679042
1 1.568695 4.000000 1.270666 0.073253 0.031752 0.169784 36.000000 0.000000 2.000000 42.000000 2.000000 1.000000 57.600077
1 2.446765 4.000000 1.403277 0.414052 0.185009 0.307334 54.000000 0.000000 205.000000 275.000000 2.000000 1.000000 55.013048
1 4.033589 4.000000 0.728353 1.636336 0.724478 0.289534 84.000000 0.000000 838.000000 1020.000000 2.000000 1.000000 49.069632
1 9.606906 6.000000 1.253447 1.111481 0.512847 6.331581 199.000000 0.000000 437.000000 616.000000 2.000000 1.000000 79.640553
1 14.274720 6.000000 1.242774 3.768203 1.810282 5.930647 205.000000 0.000000 1430.000000 2133.000000 2.000000 1.000000 65.812817
1 7.161340 6.000000 1.375013 1.201480 0.588478 3.573330 182.000000 0.000000 174.000000 639.000000 2.000000 1.000000 56.410942
1 24.993809 6.000000 1.259358 6.178029 2.951538 11.675590 591.000000 0.000000 960.000000 6004.000000 2.000000 1.000000 108.637435
1 32.630535 6.000000 2.081136 3.164312 1.561332 24.533622 391.000000 0.000000 1893.000000 1730.000000 2.000000 1.000000 52.039691
1 4.661985 6.000000 1.255100 0.502646 0.229202 2.562511 82.000000 0.000000 235.000000 132.000000 2.000000 1.000000 47.517558
1 6.266085 6.000000 1.306652 1.036228 0.493256 3.062218 181.000000 0.000000 412.000000 579.000000 2.000000 1.000000 54.337325
1 24.579666 6.000000 0.769779 10.683276 4.868035 3.676958 401.000000 0.000000 4356.000000 5159.000000 2.000000 1.000000 126.972029
1 46.807396 6.000000 1.700355 10.249038 4.749527 25.433361 815.000000 0.000000 1923.000000 8440.000000 2.000000 1.000000 121.351527
0 76.456508 6.000000 1.227660 9.968645 3.016497 4.549724 192.000000 0.000000 823.000000 31429.000000 2.000000 1.000000 -1.000000
1 3.144271 6.000000 1.308203 0.402738 0.186168 1.084695 59.000000 0.000000 26.000000 319.000000 2.000000 1.000000 74.231516
1 11.829167 6.000000 1.348912 3.642790 1.766634 3.472708 261.000000 0.000000 906.000000 3329.000000 2.000000 1.000000 107.009975
1 41.423744 6.000000 1.651607 5.742219 2.792788 28.893799 440.000000 0.000000 2286.000000 2308.000000 2.000000 1.000000 82.798732
1 25.328633 6.000000 1.743981 2.814198 1.361541 18.407639 295.000000 0.000000 1889.000000 1146.000000 2.000000 1.000000 55.981788
1 9.880525 6.000000 0.742333 3.724798 1.733136 2.177189 227.000000 0.000000 1691.000000 2344.000000 2.000000 1.000000 47.440406
1 5.355138 6.000000 1.252215 0.286062 0.138542 3.728322 87.000000 0.000000 98.000000 154.000000 2.000000 1.000000 62.599534
1 11.662837 6.000000 1.617157 0.797843 0.402748 8.595281 166.000000 0.000000 411.000000 373.000000 2.000000 1.000000 61.337353
1 11.765749 6.000000 1.208842 1.850893 0.863233 7.143377 284.000000 0.000000 853.000000 1158.000000 2.000000 1.000000 81.779856
1 16.822962 6.000000 2.336834 2.781950 1.340150 9.472396 152.000000 0.000000 1049.000000 631.000000 2.000000 1.000000 48.011166
1 13.565899 6.000000 3.442256 1.938567 0.948707 6.503540 144.000000 0.000000 320.000000 694.000000 2.000000 1.000000 47.229936
1 39.235272 6.000000 2.610974 8.551232 4.023868 20.854160 407.000000 0.000000 3207.000000 3386.000000 2.000000 1.000000 103.334217
1 20.424292 6.000000 1.677313 1.437459 0.703914 16.140836 327.000000 0.000000 882.000000 743.000000 2.000000 1.000000 49.505976
1 28.190655 6.000000 1.296241 9.022819 4.104256 6.855058 301.000000 0.000000 400.000000 3284.000000 2.000000 1.000000 118.387617
1 35.584504 6.000000 2.145375 2.311636 1.121651 29.053576 274.000000 0.000000 554.000000 1004.000000 2.000000 1.000000 53.993563
1 11.598516 6.000000 1.272255 1.533497 0.732450 7.465368 180.000000 0.000000 690.000000 986.000000 2.000000 1.000000 74.244782
1 3.354699 6.000000 1.259256 0.279371 0.133521 1.601696 66.000000 0.000000 161.000000 120.000000 2.000000 1.000000 56.425370
1 21.438852 6.000000 1.330020 5.384150 2.560126 9.942383 293.000000 0.000000 2841.000000 3572.000000 2.000000 1.000000 54.741391
1 4.787895 6.000000 1.343130 0.809138 0.383592 1.914026 126.000000 0.000000 168.000000 730.000000 2.000000 1.000000 85.226112
1 25.446409 6.000000 1.745482 2.099279 1.033197 19.901244 491.000000 0.000000 555.000000 1544.000000 2.000000 1.000000 64.658805
1 9.524098 6.000000 1.789430 2.618247 1.263047 2.681923 244.000000 0.000000 178.000000 1900.000000 2.000000 1.000000 69.365486
0 83.065698 6.000000 1.995405 2.735465 1.326512 75.820214 423.000000 0.000000 1598.000000 873.000000 2.000000 1.000000 -1.000000
1 17.413806 6.000000 1.649752 1.320664 0.649088 13.425491 184.000000 0.000000 1003.000000 683.000000 2.000000 1.000000 45.136227
0 75.860661 6.000000 0.755565 15.965844 5.513159 3.907687 443.000000 0.000000 5507.000000 39056.000000 2.000000 1.000000 -1.000000
1 5.532129 6.000000 0.734299 1.488942 0.687953 2.107477 105.000000 0.000000 659.000000 841.000000 2.000000 1.000000 55.503241
1 4.310949 6.000000 1.802491 0.173099 0.083044 2.328655 59.000000 0.000000 46.000000 64.000000 2.000000 1.000000 56.767869
1 11.239484 6.000000 1.245421 2.001462 0.942744 6.291207 207.000000 0.000000 775.000000 1110.000000 2.000000 1.000000 104.810131
1 4.000105 6.000000 1.388080 0.621850 0.273874 1.543586 77.000000 0.000000 206.000000 576.000000 2.000000 1.000000 61.887935
1 36.872407 6.000000 1.665382 7.069929 3.423274 21.348688 616.000000 0.000000 3241.000000 5182.000000 2.000000 1.000000 82.330519
1 10.608437 6.000000 1.642086 0.878115 0.431538 7.524534 176.000000 0.000000 523.000000 485.000000 2.000000 1.000000 59.871557
1 3.964694 6.000000 1.210694 0.188531 0.084822 2.429019 76.000000 0.000000 84.000000 208.000000 2.000000 1.000000 56.673601
0 76.850776 6.000000 1.217361 12.095158 5.079409 7.697992 297.000000 0.000000 2501.000000 15079.000000 2.000000 1.000000 -1.000000
1 2.801239 6.000000 1.222335 0.339806 0.158068 1.029233 74.000000 0.000000 71.000000 271.000000 2.000000 1.000000 53.791078
1 14.295974 6.000000 1.240993 2.614596 1.261968 8.109942 272.000000 0.000000 1733.000000 1174.000000 2.000000 1.000000 56.421003
1 7.897291 6.000000 1.203140 1.204513 0.577225 4.565600 150.000000 0.000000 579.000000 562.000000 2.000000 1.000000 55.831479
0 76.345751 6.000000 1.223832 7.107269 2.601833 11.258581 151.000000 0.000000 316.000000 19463.000000 2.000000 1.000000 -1.000000
1 12.188933 6.000000 1.231118 2.463265 1.125613 6.491948 183.000000 0.000000 562.000000 1129.000000 2.000000 1.000000 61.057451
1 16.568045 6.000000 2.488217 3.453112 1.649550 7.588656 271.000000 0.000000 592.000000 816.000000 2.000000 1.000000 123.955044
1 31.793277 6.000000 2.587883 6.765794 3.112168 16.456094 426.000000 0.000000 2997.000000 5723.000000 2.000000 1.000000 67.389096
1 40.575945 6.000000 1.740640 4.546353 2.251731 30.036366 489.000000 0.000000 2462.000000 1927.000000 2.000000 1.000000 75.827180
1 2.571603 6.000000 0.985738 0.497637 0.238902 0.666379 61.000000 0.000000 93.000000 347.000000 2.000000 1.000000 51.151627
1 24.785213 6.000000 1.812968 4.312128 2.045429 14.964097 268.000000 0.000000 2137.000000 1655.000000 2.000000 1.000000 50.780454
1 38.994077 6.000000 2.456136 11.776656 5.638463 13.904879 383.000000 0.000000 4548.000000 5305.000000 2.000000 1.000000 53.604592
1 17.004911 6.000000 1.233935 4.135711 2.037265 7.649020 329.000000 0.000000 1619.000000 2558.000000 2.000000 1.000000 110.128712
1 7.364363 6.000000 1.690898 0.430927 0.203789 5.004395 99.000000 0.000000 158.000000 330.000000 2.000000 1.000000 60.265578
1 8.508637 6.000000 1.289086 1.383603 0.661492 4.668928 220.000000 0.000000 459.000000 1252.000000 2.000000 1.000000 67.265467
1 15.818602 6.000000 1.744023 1.695433 0.810738 10.985022 245.000000 0.000000 619.000000 812.000000 2.000000 1.000000 123.432181
1 56.826673 6.000000 1.648870 4.906387 2.369118 45.929520 556.000000 0.000000 2081.000000 2911.000000 2.000000 1.000000 68.676588
1 19.906377 6.000000 1.214911 2.933542 1.447604 13.056467 331.000000 0.000000 1333.000000 1223.000000 2.000000 1.000000 49.686886
1 44.606404 6.000000 1.268898 16.616312 7.978144 11.022845 619.000000 0.000000 6426.000000 9331.000000 2.000000 1.000000 136.491469
1 17.021807 6.000000 1.700829 3.520163 1.727834 8.646764 278.000000 0.000000 834.000000 2677.000000 2.000000 1.000000 72.724475
1 20.218165 8.000000 1.336429 1.659778 0.835069 15.883140 214.000000 0.000000 565.000000 710.000000 2.000000 1.000000 62.579949
0 80.308375 8.000000 3.024956 2.625815 1.327702 72.744263 264.000000 0.000000 1114.000000 1165.000000 2.000000 1.000000 -1.000000
0 78.355284 8.000000 1.690488 2.111925 1.072963 73.017226 267.000000 0.000000 611.000000 677.000000 2.000000 1.000000 -1.000000
1 53.690943 8.000000 1.808540 1.792376 0.926223 48.813776 277.000000 0.000000 1049.000000 624.000000 2.000000 1.000000 55.600640
0 80.029153 8.000000 1.952581 2.327318 1.136005 74.429777 333.000000 0.000000 1059.000000 930.000000 2.000000 1.000000 -1.000000
1 14.419513 8.000000 1.424908 0.467652 0.219788 12.509798 100.000000 0.000000 97.000000 258.000000 2.000000 1.000000 70.541167
0 78.680351 8.000000 1.831774 2.906449 1.467896 71.125531 388.000000 0.000000 1785.000000 997.000000 2.000000 1.000000 -1.000000
1 13.019662 8.000000 1.390646 0.529008 0.236656 11.079487 109.000000 0.000000 77.000000 538.000000 2.000000 1.000000 72.399233
1 44.950089 8.000000 2.108851 2.483901 1.285867 38.177123 302.000000 0.000000 1365.000000 1095.000000 2.000000 1.000000 77.002384
1 18.502201 8.000000 1.271936 0.432824 0.214128 16.567187 138.000000 0.000000 175.000000 256.000000 2.000000 1.000000 74.527827
0 78.405984 8.000000 1.699537 2.205442 1.064424 72.691823 338.000000 0.000000 545.000000 1139.000000 2.000000 1.000000 -1.000000
1 56.846835 8.000000 2.147541 0.553501 0.278598 54.821004 160.000000 0.000000 195.000000 240.000000 2.000000 1.000000 57.742225
0 76.471324 8.000000 1.373455 8.293373 4.107474 59.442057 581.000000 0.000000 2298.000000 6103.000000 2.000000 1.000000 -1.000000
1 68.877756 8.000000 1.266810 8.041636 4.139194 51.982414 386.000000 0.000000 3501.000000 2164.000000 2.000000 1.000000 77.744049
1 56.552282 8.000000 1.768161 1.904586 0.993580 51.518524 306.000000 0.000000 390.000000 726.000000 2.000000 1.000000 87.355642
0 76.790641 8.000000 1.724595 1.656260 0.830997 72.257471 284.000000 0.000000 455.000000 1131.000000 2.000000 1.000000 -1.000000
1 37.341440 8.000000 2.094981 3.642633 1.869771 28.583502 538.000000 0.000000 906.000000 2257.000000 2.000000 1.000000 100.929145
1 69.302313 8.000000 1.700149 3.496501 1.769167 61.050890 407.000000 0.000000 1943.000000 1574.000000 2.000000 1.000000 57.797838
1 30.450461 8.000000 1.703408 1.160973 0.587537 26.739617 188.000000 0.000000 319.000000 364.000000 2.000000 1.000000 82.609263
0 77.064981 8.000000 2.036214 0.963474 0.466344 73.650663 181.000000 0.000000 302.000000 287.000000 2.000000 1.000000 -1.000000
0 82.107040 8.000000 1.719849 2.270901 1.139493 76.699450 361.000000 0.000000 1720.000000 953.000000 2.000000 1.000000 -1.000000
0 78.885221 8.000000 2.104768 0.568597 0.280756 76.622925 115.000000 0.000000 166.000000 132.000000 2.000000 1.000000 -1.000000
1 35.665352 8.000000 1.314787 2.523871 1.231709 29.579125 373.000000 0.000000 861.000000 1724.000000 2.000000 1.000000 75.047060
1 65.312633 8.000000 1.684911 5.001887 2.391533 54.231853 436.000000 0.000000 1542.000000 2624.000000 2.000000 1.000000 67.332997
1 19.321597 8.000000 1.432612 0.702988 0.343914 16.755953 177.000000 0.000000 204.000000 424.000000 2.000000 1.000000 50.673641
1 22.360431 8.000000 1.714232 0.412912 0.211307 19.846033 110.000000 0.000000 108.000000 108.000000 2.000000 1.000000 65.685119
1 39.125609 8.000000 2.648601 2.106432 0.986104 32.892227 193.000000 0.000000 352.000000 704.000000 2.000000 1.000000 81.795745
1 57.935302 8.000000 1.282084 5.161677 2.502264 46.861725 397.000000 0.000000 1656.000000 2266.000000 2.000000 1.000000 60.315237
1 10.957077 8.000000 1.299557 0.974990 0.474470 8.011639 163.000000 0.000000 266.000000 475.000000 2.000000 1.000000 106.785616
1 21.987423 8.000000 1.287141 3.181739 1.656829 14.503119 267.000000 0.000000 2060.000000 1649.000000 2.000000 1.000000 55.143239
0 80.604505 8.000000 3.456366 2.264599 1.158586 74.027326 266.000000 0.000000 1006.000000 569.000000 2.000000 1.000000 -1.000000
0 81.581478 8.000000 1.736301 2.005412 0.989804 76.567840 353.000000 0.000000 917.000000 869.000000 2.000000 1.000000 -1.000000
0 81.159715 8.000000 1.728640 2.470508 1.249506 74.985524 306.000000 0.000000 1118.000000 865.000000 2.000000 1.000000 -1.000000
1 29.581318 8.000000 1.424915 5.359986 2.085700 14.786073 206.000000 0.000000 331.000000 20557.000000 2.000000 1.000000 71.205868
1 71.748749 8.000000 1.401620 7.526820 3.655314 56.035845 579.000000 0.000000 3291.000000 3590.000000 2.000000 1.000000 78.607377
1 67.002834 8.000000 1.851227 2.436054 1.277920 61.140412 360.000000 0.000000 1051.000000 1407.000000 2.000000 1.000000 90.622111
0 77.622290 8.000000 1.859539 3.717502 1.803736 68.592470 395.000000 0.000000 1333.000000 2537.000000 2.000000 1.000000 -1.000000
1 22.277151 8.000000 1.389977 2.980343 1.446728 15.242138 310.000000 0.000000 439.000000 1965.000000 2.000000 1.000000 187.394719
0 76.700482 8.000000 1.403591 6.583884 3.262174 62.744295 411.000000 0.000000 3400.000000 2642.000000 2.000000 1.000000 -1.000000
0 83.395717 8.000000 2.083720 0.477150 0.246332 80.365055 150.000000 0.000000 161.000000 233.000000 2.000000 1.000000 -1.000000
1 28.571718 8.000000 1.537895 4.302194 2.036652 19.009415 399.000000 0.000000 1685.000000 2266.000000 2.000000 1.000000 99.916758
1 26.297395 8.000000 1.384448 2.629244 1.271249 20.218325 240.000000 0.000000 777.000000 1620.000000 2.000000 1.000000 93.905981
1 31.002652 8.000000 0.812051 3.787457 1.843776 23.255795 341.000000 0.000000 797.000000 1893.000000 2.000000 1.000000 80.754954
1 36.132035 8.000000 2.151087 1.825233 0.897571 30.724169 198.000000 0.000000 413.000000 966.000000 2.000000 1.000000 63.831241
0 76.617317 8.000000 1.515529 25.441297 11.329747 27.904925 260.000000 0.000000 367.000000 18193.000000 2.000000 1.000000 -1.000000
1 30.046494 8.000000 1.456279 1.946354 0.975746 25.109089 253.000000 0.000000 591.000000 922.000000 2.000000 1.000000 65.481362
0 77.027049 8.000000 1.679214 1.597308 0.858320 72.649587 274.000000 0.000000 506.000000 772.000000 2.000000 1.000000 -1.000000
0 77.172105 8.000000 1.494570 5.407525 2.645700 65.235176 453.000000 0.000000 2421.000000 2236.000000 2.000000 1.000000 -1.000000
1 40.230872 8.000000 1.745327 0.948029 0.463113 36.676566 157.000000 0.000000 179.000000 427.000000 2.000000 1.000000 51.575911
1 27.008060 8.000000 1.317971 1.222322 0.582511 23.396841 205.000000 0.000000 181.000000 572.000000 2.000000 1.000000 60.211401
0 77.361917 8.000000 2.266385 8.374698 4.146469 59.667379 588.000000 0.000000 1330.000000 3581.000000 2.000000 1.000000 -1.000000
0 79.086176 8.000000 2.276716 3.605498 1.766512 69.753146 325.000000 0.000000 1592.000000 1593.000000 2.000000 1.000000 -1.000000
1 45.209882 8.000000 1.436327 4.085803 1.953969 36.363647 317.000000 0.000000 1553.000000 2165.000000 2.000000 1.000000 53.925623
1 6.959578 8.000000 1.253414 0.217180 0.105537 5.516200 72.000000 0.000000 6.000000 205.000000 2.000000 1.000000 64.962649
1 32.377754 8.000000 1.691197 0.614810 0.296249 29.836378 139.000000 0.000000 220.000000 212.000000 2.000000 1.000000 48.074008
1 39.234571 8.000000 1.821038 1.552402 0.753229 35.005461 267.000000 0.000000 504.000000 1458.000000 2.000000 1.000000 55.514662
0 76.348128 8.000000 1.256487 7.513120 3.662987 60.950271 713.000000 0.000000 3260.000000 3063.000000 2.000000 1.000000 -1.000000
0 76.845972 8.000000 1.484341 12.722021 6.080383 51.441856 427.000000 0.000000 6790.000000 7755.000000 2.000000 1.000000 -1.000000
0 78.957073 8.000000 2.719477 4.049420 1.952737 68.878197 388.000000 0.000000 1722.000000 1645.000000 2.000000 1.000000 -1.000000
1 57.982494 8.000000 1.292537 11.220003 5.419406 35.420302 636.000000 0.000000 3716.000000 5961.000000 2.000000 1.000000 88.384506
1 25.331237 10.000000 1.384865 4.477920 2.223103 15.456113 323.000000 0.000000 959.000000 3209.000000 2.000000 1.000000 58.470608
1 46.888321 10.000000 1.740525 1.407683 0.746224 42.724386 267.000000 0.000000 518.000000 768.000000 2.000000 1.000000 58.188122
0 77.503758 10.000000 2.067786 1.406699 0.734664 72.835283 221.000000 0.000000 607.000000 486.000000 2.000000 1.000000 -1.000000
0 77.641279 10.000000 1.359969 2.702874 1.359803 71.318389 312.000000 0.000000 1030.000000 1258.000000 2.000000 1.000000 -1.000000
0 76.645669 10.000000 1.353500 10.277929 4.279592 14.104810 169.000000 0.000000 261.000000 37130.000000 2.000000 1.000000 -1.000000
0 80.824196 10.000000 1.824842 1.941055 0.978608 75.673336 310.000000 0.000000 731.000000 661.000000 2.000000 1.000000 -1.000000
0 77.099968 10.000000 1.363970 4.842297 2.379540 66.711398 371.000000 0.000000 2269.000000 1615.000000 2.000000 1.000000 -1.000000
0 77.679224 10.000000 1.809658 19.068928 9.559981 38.839361 1924.000000 0.000000 2759.000000 7364.000000 2.000000 1.000000 -1.000000
0 82.609303 10.000000 3.453938 4.547089 2.275589 71.009862 418.000000 0.000000 2019.000000 1750.000000 2.000000 1.000000 -1.000000
0 80.309202 10.000000 2.114972 1.144872 0.591163 75.984886 189.000000 0.000000 445.000000 450.000000 2.000000 1.000000 -1.000000
0 81.200123 10.000000 2.144103 1.582736 0.821900 75.917074 319.000000 0.000000 714.000000 475.000000 2.000000 1.000000 -1.000000
1 51.176055 10.000000 2.894414 1.555625 0.714185 45.475923 287.000000 0.000000 267.000000 1529.000000 2.000000 1.000000 76.913924
1 60.617981 10.000000 1.898385 2.161072 1.128948 55.635501 355.000000 0.000000 906.000000 864.000000 2.000000 1.000000 67.601955
1 43.825470 10.000000 2.035194 1.981961 1.025928 38.083646 299.000000 0.000000 321.000000 757.000000 2.000000 1.000000 76.093875
1 64.700936 10.000000 1.433529 5.630964 2.766202 52.385979 592.000000 0.000000 2456.000000 2108.000000 2.000000 1.000000 99.300266
1 43.079348 10.000000 1.788985 1.386864 0.688074 38.888205 280.000000 0.000000 209.000000 711.000000 2.000000 1.000000 112.875963
1 36.432156 10.000000 1.407292 3.472006 1.745315 28.421594 426.000000 0.000000 810.000000 2161.000000 2.000000 1.000000 155.222920
1 16.889513 10.000000 1.765766 0.235237 0.123511 15.031966 93.000000 0.000000 101.000000 105.000000 2.000000 1.000000 52.670994
0 76.808558 10.000000 1.791781 38.586673 10.250166 9.494833 84.000000 0.000000 22.000000 187674.000000 2.000000 1.000000 -1.000000
0 81.546093 10.000000 1.854821 4.492324 2.232331 71.089533 459.000000 0.000000 1192.000000 2491.000000 2.000000 1.000000 -1.000000
1 35.824831 10.000000 2.126214 1.917777 0.987296 30.001274 267.000000 0.000000 460.000000 749.000000 2.000000 1.000000 102.970373
1 38.357070 10.000000 1.411474 1.631649 0.828127 34.183728 214.000000 0.000000 406.000000 498.000000 2.000000 1.000000 85.307823
1 54.083334 10.000000 1.363945 4.697051 2.445525 43.598616 524.000000 0.000000 1083.000000 2943.000000 2.000000 1.000000 82.179732
1 17.844131 10.000000 1.833764 0.844579 0.420103 14.652006 140.000000 0.000000 79.000000 316.000000 2.000000 1.000000 55.689336
0 78.974281 10.000000 1.883919 2.353358 1.189968 73.009630 289.000000 0.000000 844.000000 850.000000 2.000000 1.000000 -1.000000
1 20.933679 10.000000 1.435422 0.852946 0.455707 18.161883 171.000000 0.000000 245.000000 377.000000 2.000000 1.000000 104.835868
1 54.498093 10.000000 1.377639 3.254857 1.688312 46.841566 326.000000 0.000000 1215.000000 885.000000 2.000000 1.000000 63.605573
1 16.708589 10.000000 1.463880 1.955498 0.981324 11.440413 175.000000 0.000000 368.000000 1209.000000 2.000000 1.000000 91.262270
0 76.842823 10.000000 1.422501 3.472763 1.689548 69.342359 459.000000 0.000000 1664.000000 1725.000000 2.000000 1.000000 -1.000000
0 78.305850 10.000000 1.809579 2.133369 1.029470 72.390186 300.000000 0.000000 922.000000 973.000000 2.000000 1.000000 -1.000000
1 65.754446 10.000000 1.523109 4.550329 2.319937 55.419374 496.000000 0.000000 1003.000000 1768.000000 2.000000 1.000000 102.788725
0 76.960766 10.000000 1.396756 7.033727 3.440040 62.253488 595.000000 0.000000 2252.000000 2920.000000 2.000000 1.000000 -1.000000
0 77.417195 10.000000 1.776104 1.514252 0.746565 73.320215 177.000000 0.000000 253.000000 2343.000000 2.000000 1.000000 -1.000000
0 81.003011 10.000000 1.899423 1.375068 0.719893 76.381911 272.000000 0.000000 582.000000 615.000000 2.000000 1.000000 -1.000000
0 78.104860 10.000000 1.830279 3.018841 1.530213 70.884671 479.000000 0.000000 1248.000000 1737.000000 2.000000 1.000000 -1.000000
0 77.142830 10.000000 1.869598 1.670975 0.817331 72.408497 221.000000 0.000000 512.000000 685.000000 2.000000 1.000000 -1.000000
0 77.147775 10.000000 1.796384 1.619044 0.818377 72.669830 346.000000 0.000000 692.000000 699.000000 2.000000 1.000000 -1.000000
0 78.171096 10.000000 1.560333 1.866198 0.945440 73.223256 206.000000 0.000000 547.000000 844.000000 2.000000 1.000000 -1.000000
0 77.436724 10.000000 1.392101 4.037659 2.029656 68.229698 442.000000 0.000000 1525.000000 1945.000000 2.000000 1.000000 -1.000000
0 78.324190 10.000000 1.860899 1.238973 0.620508 74.736717 229.000000 0.000000 546.000000 351.000000 2.000000 1.000000 -1.000000
0 84.378555 10.000000 2.171084 2.113871 1.101069 78.170602 350.000000 0.000000 1161.000000 725.000000 2.000000 1.000000 -1.000000
0 77.462581 10.000000 2.425144 11.517546 5.522358 53.261209 524.000000 0.000000 3952.000000 4898.000000 2.000000 1.000000 -1.000000
1 73.785480 10.000000 1.933768 5.388040 2.871280 61.005962 709.000000 0.000000 882.000000 3280.000000 2.000000 1.000000 183.806138
0 80.998887 10.000000 1.879137 2.105630 1.031769 75.453159 271.000000 0.000000 488.000000 1208.000000 2.000000 1.000000 -1.000000
0 76.599275 10.000000 1.526165 5.263505 2.635867 65.100211 445.000000 0.000000 2277.000000 1986.000000 2.000000 1.000000 -1.000000
1 39.384340 10.000000 1.491511 2.303985 1.152829 33.882564 355.000000 0.000000 361.000000 985.000000 2.000000 1.000000 124.905709
0 77.410280 10.000000 1.793009 1.765722 0.876580 72.212142 269.000000 0.000000 523.000000 969.000000 2.000000 1.000000 -1.000000
0 85.907581 10.000000 3.072562 1.056155 0.537994 81.736312 262.000000 0.000000 545.000000 247.000000 2.000000 1.000000 -1.000000
0 81.661532 10.000000 1.940260 1.653729 0.803533 76.510028 291.000000 0.000000 432.000000 865.000000 2.000000 1.000000 -1.000000
0 77.085064 10.000000 1.438403 7.014997 3.447772 62.499329 533.000000 0.000000 3419.000000 2254.000000 2.000000 1.000000 -1.000000
0 81.578906 10.000000 1.788034 1.420097 0.745659 77.261964 248.000000 0.000000 461.000000 528.000000 2.000000 1.000000 -1.000000
0 85.026204 10.000000 2.083912 1.511381 0.772980 80.698124 267.000000 0.000000 633.000000 658.000000 2.000000 1.000000 -1.000000
0 78.600091 10.000000 1.374729 7.111643 3.653818 63.283252 743.000000 0.000000 3258.000000 2803.000000 2.000000 1.000000 -1.000000
0 77.120030 10.000000 1.767739 2.411175 1.211514 70.712534 349.000000 0.000000 992.000000 800.000000 2.000000 1.000000 -1.000000
1 25.763843 10.000000 1.825189 1.159494 0.594079 21.945474 194.000000 0.000000 195.000000 418.000000 2.000000 1.000000 63.925933
0 78.394050 10.000000 2.316085 5.331567 2.538357 66.246566 388.000000 0.000000 2361.000000 2303.000000 2.000000 1.000000 -1.000000
0 77.711320 10.000000 1.884437 1.412180 0.717173 73.246325 305.000000 0.000000 450.000000 742.000000 2.000000 1.000000 -1.000000
1 51.153548 10.000000 1.391690 4.369568 2.266232 41.520607 431.000000 0.000000 1706.000000 2019.000000 2.000000 1.000000 81.307747
0 77.181661 10.000000 2.070694 8.858166 4.407376 58.204743 575.000000 0.000000 3646.000000 4417.000000 2.000000 1.000000 -1.000000
0 85.901938 10.000000 1.793319 2.516510 1.314137 79.101131 333.000000 0.000000 835.000000 1160.000000 2.000000 1.000000 -1.000000
