1 0.003898 1.000000 0.000000 0.000468 0.002586 -1.000000 -1.000000 -1.000000 0.000000 74.000000 0.000000 0.000000 14.111143
1 0.009431 1.000000 0.000000 0.001074 0.006561 -1.000000 -1.000000 -1.000000 0.000000 34.000000 0.000000 0.000000 13.541563
1 0.142694 1.000000 0.000000 0.008576 0.055597 -1.000000 -1.000000 -1.000000 0.000000 2197.000000 0.000000 0.000000 18.801131
1 1.136110 1.000000 0.000000 0.059252 0.404718 -1.000000 -1.000000 -1.000000 0.000000 18483.000000 0.000000 0.000000 9.439291
1 0.133567 1.000000 0.000000 0.008387 0.060697 -1.000000 -1.000000 -1.000000 0.000000 1627.000000 0.000000 0.000000 16.826166
1 0.122008 1.000000 0.000000 0.008374 0.052527 -1.000000 -1.000000 -1.000000 0.000000 2607.000000 0.000000 0.000000 11.251812
1 7.054253 1.000000 0.000000 0.128436 0.950248 -1.000000 -1.000000 -1.000000 0.000000 35426.000000 0.000000 0.000000 20.189569
1 0.161924 1.000000 0.000000 0.010080 0.091070 -1.000000 -1.000000 -1.000000 0.000000 4160.000000 0.000000 0.000000 15.117107
1 2.891681 1.000000 0.000000 0.081105 0.617880 -1.000000 -1.000000 -1.000000 0.000000 19322.000000 0.000000 0.000000 14.378394
1 0.090102 1.000000 0.000000 0.006183 0.041795 -1.000000 -1.000000 -1.000000 0.000000 993.000000 0.000000 0.000000 15.026937
1 1.351538 1.000000 0.000000 0.050439 0.337353 -1.000000 -1.000000 -1.000000 0.000000 14719.000000 0.000000 0.000000 12.181807
1 0.478593 1.000000 0.000000 0.023046 0.129405 -1.000000 -1.000000 -1.000000 0.000000 8789.000000 0.000000 0.000000 15.361549
0 90.034626 1.000000 0.000000 1.106321 9.944127 -1.000000 -1.000000 -1.000000 0.000000 270792.000000 0.000000 0.000000 -1.000000
1 0.231061 1.000000 0.000000 0.018980 0.128784 -1.000000 -1.000000 -1.000000 0.000000 9005.000000 0.000000 0.000000 15.154814
1 0.530370 1.000000 0.000000 0.024982 0.163483 -1.000000 -1.000000 -1.000000 0.000000 6220.000000 0.000000 0.000000 18.123614
1 0.077696 1.000000 0.000000 0.007481 0.048878 -1.000000 -1.000000 -1.000000 0.000000 2732.000000 0.000000 0.000000 20.353229
0 90.034626 1.000000 0.000000 1.106321 9.944127 -1.000000 -1.000000 -1.000000 0.000000 270792.000000 0.000000 0.000000 -1.000000
1 0.265730 1.000000 0.000000 0.020174 0.124462 -1.000000 -1.000000 -1.000000 0.000000 6088.000000 0.000000 0.000000 16.919179
1 0.002411 1.000000 0.000000 0.000316 0.001569 -1.000000 -1.000000 -1.000000 0.000000 2.000000 0.000000 0.000000 13.202989
1 0.031981 1.000000 0.000000 0.003690 0.018179 -1.000000 -1.000000 -1.000000 0.000000 1453.000000 0.000000 0.000000 16.992724
1 0.446372 1.000000 0.000000 0.018162 0.260493 -1.000000 -1.000000 -1.000000 0.000000 4118.000000 0.000000 0.000000 15.708679
0 90.001352 1.000000 0.000000 1.079611 13.017314 -1.000000 -1.000000 -1.000000 0.000000 277149.000000 0.000000 0.000000 -1.000000
1 0.414371 1.000000 0.000000 0.017369 0.105180 -1.000000 -1.000000 -1.000000 0.000000 2155.000000 0.000000 0.000000 15.066532
1 0.113762 1.000000 0.000000 0.009433 0.060088 -1.000000 -1.000000 -1.000000 0.000000 473.000000 0.000000 0.000000 15.119071
0 90.001352 1.000000 0.000000 1.079611 13.017314 -1.000000 -1.000000 -1.000000 0.000000 277149.000000 0.000000 0.000000 -1.000000
1 0.875012 1.000000 0.000000 0.048639 0.306299 -1.000000 -1.000000 -1.000000 0.000000 14568.000000 0.000000 0.000000 12.076631
1 0.075416 1.000000 0.000000 0.005573 0.043736 -1.000000 -1.000000 -1.000000 0.000000 498.000000 0.000000 0.000000 18.710100
1 0.674116 1.000000 0.000000 0.030225 0.204869 -1.000000 -1.000000 -1.000000 0.000000 5868.000000 0.000000 0.000000 17.374760
1 2.891681 1.000000 0.000000 0.081105 0.617880 -1.000000 -1.000000 -1.000000 0.000000 19322.000000 0.000000 0.000000 14.378394
1 0.855632 1.000000 0.000000 0.036773 0.211588 -1.000000 -1.000000 -1.000000 0.000000 13568.000000 0.000000 0.000000 16.065291
1 2.891681 1.000000 0.000000 0.081105 0.617880 -1.000000 -1.000000 -1.000000 0.000000 19322.000000 0.000000 0.000000 14.378394
1 1.037185 1.000000 0.000000 0.046835 0.539375 -1.000000 -1.000000 -1.000000 0.000000 15007.000000 0.000000 0.000000 12.897596
1 0.108238 1.000000 0.000000 0.007287 0.051478 -1.000000 -1.000000 -1.000000 0.000000 2072.000000 0.000000 0.000000 11.350404
1 0.599487 1.000000 0.000000 0.029150 0.212007 -1.000000 -1.000000 -1.000000 0.000000 5594.000000 0.000000 0.000000 14.282050
1 0.573376 1.000000 0.000000 0.024882 0.318966 -1.000000 -1.000000 -1.000000 0.000000 4594.000000 0.000000 0.000000 14.895297
1 0.032471 1.000000 0.000000 0.003515 0.018712 -1.000000 -1.000000 -1.000000 0.000000 147.000000 0.000000 0.000000 16.758437
1 0.055610 1.000000 0.000000 0.004930 0.023025 -1.000000 -1.000000 -1.000000 0.000000 824.000000 0.000000 0.000000 15.077184
1 1.441296 1.000000 0.000000 0.054387 0.335281 -1.000000 -1.000000 -1.000000 0.000000 18824.000000 0.000000 0.000000 11.706158
1 1.283249 1.000000 0.000000 0.048300 0.384934 -1.000000 -1.000000 -1.000000 0.000000 13709.000000 0.000000 0.000000 32.168912
1 1.136110 1.000000 0.000000 0.059252 0.404718 -1.000000 -1.000000 -1.000000 0.000000 18483.000000 0.000000 0.000000 9.439291
1 1.088989 1.000000 0.000000 0.037743 0.437818 -1.000000 -1.000000 -1.000000 0.000000 12300.000000 0.000000 0.000000 13.561945
1 0.030662 1.000000 0.000000 0.002944 0.017501 -1.000000 -1.000000 -1.000000 0.000000 575.000000 0.000000 0.000000 17.324472
1 1.063607 1.000000 0.000000 0.026059 0.234440 -1.000000 -1.000000 -1.000000 0.000000 5401.000000 0.000000 0.000000 13.793623
1 0.054334 1.000000 0.000000 0.003881 0.028650 -1.000000 -1.000000 -1.000000 0.000000 583.000000 0.000000 0.000000 17.403883
0 90.266066 1.000000 0.000000 0.303355 3.779527 -1.000000 -1.000000 -1.000000 0.000000 33482.000000 0.000000 0.000000 -1.000000
1 1.731774 1.000000 0.000000 0.048481 0.795492 -1.000000 -1.000000 -1.000000 0.000000 8606.000000 0.000000 0.000000 33.355143
1 2.519469 1.000000 0.000000 0.097781 0.756349 -1.000000 -1.000000 -1.000000 0.000000 35176.000000 0.000000 0.000000 16.689447
1 1.197971 1.000000 0.000000 0.048599 0.480688 -1.000000 -1.000000 -1.000000 0.000000 8959.000000 0.000000 0.000000 15.032324
1 0.506195 1.000000 0.000000 0.028070 0.236263 -1.000000 -1.000000 -1.000000 0.000000 4806.000000 0.000000 0.000000 16.235441
1 1.080219 1.000000 0.000000 0.031465 0.408223 -1.000000 -1.000000 -1.000000 0.000000 6534.000000 0.000000 0.000000 15.133716
1 0.004299 1.000000 0.000000 0.000582 0.002900 -1.000000 -1.000000 -1.000000 0.000000 15.000000 0.000000 0.000000 17.322457
1 5.229633 1.000000 0.000000 0.180604 1.812849 -1.000000 -1.000000 -1.000000 0.000000 68880.000000 0.000000 0.000000 33.240723
1 0.003071 1.000000 0.000000 0.000380 0.001982 -1.000000 -1.000000 -1.000000 0.000000 2.000000 0.000000 0.000000 12.749656
1 0.645555 1.000000 0.000000 0.025718 0.211962 -1.000000 -1.000000 -1.000000 0.000000 7534.000000 0.000000 0.000000 20.722779
1 4.589171 1.000000 0.000000 0.184008 1.413063 -1.000000 -1.000000 -1.000000 0.000000 50018.000000 0.000000 0.000000 11.612957
1 0.104238 1.000000 0.000000 0.009072 0.056757 -1.000000 -1.000000 -1.000000 0.000000 860.000000 0.000000 0.000000 14.980448
1 5.112691 1.000000 0.000000 0.164072 1.997039 -1.000000 -1.000000 -1.000000 0.000000 38877.000000 0.000000 0.000000 14.858719
1 2.359221 1.000000 0.000000 0.092018 1.033957 -1.000000 -1.000000 -1.000000 0.000000 30635.000000 0.000000 0.000000 16.627149
1 0.195176 1.000000 0.000000 0.012853 0.081587 -1.000000 -1.000000 -1.000000 0.000000 3055.000000 0.000000 0.000000 15.316254
1 0.141228 1.000000 0.000000 0.008421 0.061972 -1.000000 -1.000000 -1.000000 0.000000 809.000000 0.000000 0.000000 19.049506
0 90.191276 2.000000 0.000000 0.363722 2.129345 -1.000000 -1.000000 -1.000000 0.000000 32237.000000 0.000000 0.000000 -1.000000
0 90.300116 2.000000 0.000000 0.524866 3.373408 -1.000000 -1.000000 -1.000000 2368.000000 70941.000000 0.000000 0.000000 -1.000000
0 90.032860 2.000000 0.000000 0.328473 2.048340 -1.000000 -1.000000 -1.000000 0.000000 30513.000000 0.000000 0.000000 -1.000000
0 90.333252 2.000000 0.000000 0.439633 2.812480 -1.000000 -1.000000 -1.000000 1112.000000 48181.000000 0.000000 0.000000 -1.000000
0 90.005956 2.000000 0.000000 0.474811 2.547332 -1.000000 -1.000000 -1.000000 0.000000 52466.000000 0.000000 0.000000 -1.000000
0 90.265321 2.000000 0.000000 0.503880 3.082681 -1.000000 -1.000000 -1.000000 24.000000 68792.000000 0.000000 0.000000 -1.000000
0 90.296982 2.000000 0.000000 0.471076 2.409542 -1.000000 -1.000000 -1.000000 0.000000 53535.000000 0.000000 0.000000 -1.000000
1 13.717737 2.000000 0.000000 0.188110 1.179323 -1.000000 -1.000000 -1.000000 139.000000 14754.000000 0.000000 0.000000 48.215047
0 90.277505 2.000000 0.000000 0.406351 2.080007 -1.000000 -1.000000 -1.000000 0.000000 31090.000000 0.000000 0.000000 -1.000000
0 90.139743 2.000000 0.000000 0.604185 3.082431 -1.000000 -1.000000 -1.000000 9300.000000 42772.000000 0.000000 0.000000 -1.000000
0 90.142676 2.000000 0.000000 0.622357 5.187024 -1.000000 -1.000000 -1.000000 0.000000 85093.000000 0.000000 0.000000 -1.000000
0 90.302665 2.000000 0.000000 0.437405 2.122946 -1.000000 -1.000000 -1.000000 0.000000 37857.000000 0.000000 0.000000 -1.000000
0 90.393447 2.000000 0.000000 0.501845 3.066858 -1.000000 -1.000000 -1.000000 2009.000000 54738.000000 0.000000 0.000000 -1.000000
0 90.241640 2.000000 0.000000 0.463681 2.807683 -1.000000 -1.000000 -1.000000 1592.000000 45848.000000 0.000000 0.000000 -1.000000
0 90.143829 2.000000 0.000000 0.500780 2.793418 -1.000000 -1.000000 -1.000000 5243.000000 45816.000000 0.000000 0.000000 -1.000000
0 90.320226 2.000000 0.000000 0.451171 2.176579 -1.000000 -1.000000 -1.000000 0.000000 33357.000000 0.000000 0.000000 -1.000000
0 90.511300 2.000000 0.000000 0.552164 2.708190 -1.000000 -1.000000 -1.000000 0.000000 49661.000000 0.000000 0.000000 -1.000000
0 90.156347 2.000000 0.000000 0.534760 3.227661 -1.000000 -1.000000 -1.000000 10265.000000 40442.000000 0.000000 0.000000 -1.000000
0 90.159236 2.000000 0.000000 0.422686 1.845447 -1.000000 -1.000000 -1.000000 0.000000 34086.000000 0.000000 0.000000 -1.000000
0 90.252985 2.000000 0.000000 0.694600 3.522877 -1.000000 -1.000000 -1.000000 1917.000000 58400.000000 0.000000 0.000000 -1.000000
0 90.082838 2.000000 0.000000 0.426974 2.347169 -1.000000 -1.000000 -1.000000 471.000000 33575.000000 0.000000 0.000000 -1.000000
0 90.174069 2.000000 0.000000 0.655598 4.128642 -1.000000 -1.000000 -1.000000 706.000000 67175.000000 0.000000 0.000000 -1.000000
0 90.028526 2.000000 0.000000 0.438560 2.216147 -1.000000 -1.000000 -1.000000 0.000000 37088.000000 0.000000 0.000000 -1.000000
0 90.091479 2.000000 0.000000 0.665934 3.090931 -1.000000 -1.000000 -1.000000 0.000000 52924.000000 0.000000 0.000000 -1.000000
0 90.006167 2.000000 0.000000 0.514435 2.450985 -1.000000 -1.000000 -1.000000 0.000000 40450.000000 0.000000 0.000000 -1.000000
0 90.017737 2.000000 0.000000 0.598646 3.050634 -1.000000 -1.000000 -1.000000 1785.000000 52866.000000 0.000000 0.000000 -1.000000
0 90.223656 2.000000 0.000000 0.602561 3.328061 -1.000000 -1.000000 -1.000000 1263.000000 56477.000000 0.000000 0.000000 -1.000000
0 90.022756 2.000000 0.000000 1.221371 8.119120 -1.000000 -1.000000 -1.000000 0.000000 164535.000000 0.000000 0.000000 -1.000000
0 90.475182 2.000000 0.000000 0.435833 2.259172 -1.000000 -1.000000 -1.000000 440.000000 40373.000000 0.000000 0.000000 -1.000000
0 90.041216 2.000000 0.000000 0.553071 3.825195 -1.000000 -1.000000 -1.000000 1390.000000 57758.000000 0.000000 0.000000 -1.000000
1 56.744184 2.000000 0.000000 0.440788 2.401860 -1.000000 -1.000000 -1.000000 9817.000000 32380.000000 0.000000 0.000000 50.193659
0 90.125665 2.000000 0.000000 0.549841 2.990525 -1.000000 -1.000000 -1.000000 252.000000 61686.000000 0.000000 0.000000 -1.000000
0 90.036108 2.000000 0.000000 0.478064 2.481502 -1.000000 -1.000000 -1.000000 0.000000 53997.000000 0.000000 0.000000 -1.000000
0 90.105179 2.000000 0.000000 0.427581 2.283570 -1.000000 -1.000000 -1.000000 771.000000 30634.000000 0.000000 0.000000 -1.000000
0 90.189649 2.000000 0.000000 0.423607 2.098412 -1.000000 -1.000000 -1.000000 0.000000 30090.000000 0.000000 0.000000 -1.000000
0 90.312006 2.000000 0.000000 0.464818 2.365187 -1.000000 -1.000000 -1.000000 0.000000 48971.000000 0.000000 0.000000 -1.000000
0 90.233320 2.000000 0.000000 0.561564 3.405648 -1.000000 -1.000000 -1.000000 6179.000000 44805.000000 0.000000 0.000000 -1.000000
1 10.743699 2.000000 0.000000 0.172034 0.950704 -1.000000 -1.000000 -1.000000 395.000000 20715.000000 0.000000 0.000000 48.724392
1 29.018423 2.000000 0.000000 0.288180 2.466677 -1.000000 -1.000000 -1.000000 3991.000000 43070.000000 0.000000 0.000000 45.481522
0 90.133590 2.000000 0.000000 0.478732 2.325861 -1.000000 -1.000000 -1.000000 664.000000 42079.000000 0.000000 0.000000 -1.000000
0 90.469976 2.000000 0.000000 0.707835 4.538533 -1.000000 -1.000000 -1.000000 0.000000 93689.000000 0.000000 0.000000 -1.000000
0 90.181819 2.000000 0.000000 0.618165 3.762775 -1.000000 -1.000000 -1.000000 189.000000 87967.000000 0.000000 0.000000 -1.000000
0 90.298644 2.000000 0.000000 0.412954 2.099015 -1.000000 -1.000000 -1.000000 708.000000 39056.000000 0.000000 0.000000 -1.000000
0 90.019410 2.000000 0.000000 0.564534 3.589717 -1.000000 -1.000000 -1.000000 0.000000 62099.000000 0.000000 0.000000 -1.000000
0 90.014413 2.000000 0.000000 0.431950 2.093135 -1.000000 -1.000000 -1.000000 1045.000000 34735.000000 0.000000 0.000000 -1.000000
0 90.123543 2.000000 0.000000 0.425841 2.609080 -1.000000 -1.000000 -1.000000 1409.000000 44433.000000 0.000000 0.000000 -1.000000
0 90.351338 2.000000 0.000000 0.439591 2.117533 -1.000000 -1.000000 -1.000000 0.000000 37608.000000 0.000000 0.000000 -1.000000
0 90.015794 2.000000 0.000000 0.413397 2.427444 -1.000000 -1.000000 -1.000000 3986.000000 36117.000000 0.000000 0.000000 -1.000000
0 90.087397 2.000000 0.000000 0.381861 2.040807 -1.000000 -1.000000 -1.000000 265.000000 34168.000000 0.000000 0.000000 -1.000000
0 90.033426 2.000000 0.000000 0.429667 2.453225 -1.000000 -1.000000 -1.000000 1311.000000 42943.000000 0.000000 0.000000 -1.000000
0 90.209593 2.000000 0.000000 0.474091 2.632534 -1.000000 -1.000000 -1.000000 1315.000000 40679.000000 0.000000 0.000000 -1.000000
0 90.279309 2.000000 0.000000 0.831112 4.482283 -1.000000 -1.000000 -1.000000 843.000000 122001.000000 0.000000 0.000000 -1.000000
0 90.397944 2.000000 0.000000 0.470578 2.544658 -1.000000 -1.000000 -1.000000 615.000000 35838.000000 0.000000 0.000000 -1.000000
0 90.130690 2.000000 0.000000 0.405808 2.371990 -1.000000 -1.000000 -1.000000 851.000000 47805.000000 0.000000 0.000000 -1.000000
0 90.239907 2.000000 0.000000 0.528168 2.928448 -1.000000 -1.000000 -1.000000 0.000000 58730.000000 0.000000 0.000000 -1.000000
0 90.065832 2.000000 0.000000 0.521877 2.565762 -1.000000 -1.000000 -1.000000 0.000000 49868.000000 0.000000 0.000000 -1.000000
0 90.182352 2.000000 0.000000 0.590985 2.943514 -1.000000 -1.000000 -1.000000 10511.000000 52333.000000 0.000000 0.000000 -1.000000
0 90.135794 2.000000 0.000000 0.579876 3.444465 -1.000000 -1.000000 -1.000000 444.000000 61969.000000 0.000000 0.000000 -1.000000
1 6.135122 2.000000 0.000000 0.139917 0.953753 -1.000000 -1.000000 -1.000000 307.000000 22210.000000 0.000000 0.000000 56.153072
0 90.336842 2.000000 0.000000 0.461985 2.197427 -1.000000 -1.000000 -1.000000 1614.000000 51088.000000 0.000000 0.000000 -1.000000
0 90.240658 4.000000 0.000000 0.437848 2.367119 -1.000000 -1.000000 -1.000000 0.000000 45714.000000 0.000000 0.000000 -1.000000
0 90.301122 4.000000 0.000000 0.554027 2.932296 -1.000000 -1.000000 -1.000000 3627.000000 63713.000000 0.000000 0.000000 -1.000000
0 90.567864 4.000000 0.000000 0.413450 2.134838 -1.000000 -1.000000 -1.000000 0.000000 31222.000000 0.000000 0.000000 -1.000000
0 90.416162 4.000000 0.000000 0.425181 2.411500 -1.000000 -1.000000 -1.000000 762.000000 40903.000000 0.000000 0.000000 -1.000000
0 90.373456 4.000000 0.000000 0.502397 2.684507 -1.000000 -1.000000 -1.000000 1010.000000 56521.000000 0.000000 0.000000 -1.000000
0 90.382291 4.000000 0.000000 0.390247 2.150946 -1.000000 -1.000000 -1.000000 967.000000 33026.000000 0.000000 0.000000 -1.000000
0 90.375076 4.000000 0.000000 0.545410 3.050552 -1.000000 -1.000000 -1.000000 1695.000000 65345.000000 0.000000 0.000000 -1.000000
0 90.288942 4.000000 0.000000 0.390012 2.229575 -1.000000 -1.000000 -1.000000 1611.000000 45848.000000 0.000000 0.000000 -1.000000
0 90.510084 4.000000 0.000000 0.477134 2.590768 -1.000000 -1.000000 -1.000000 1630.000000 39356.000000 0.000000 0.000000 -1.000000
0 90.289292 4.000000 0.000000 0.358468 2.065525 -1.000000 -1.000000 -1.000000 667.000000 43097.000000 0.000000 0.000000 -1.000000
0 90.224757 4.000000 0.000000 0.420752 2.415405 -1.000000 -1.000000 -1.000000 1245.000000 40819.000000 0.000000 0.000000 -1.000000
0 90.019416 4.000000 0.000000 0.368942 2.184406 -1.000000 -1.000000 -1.000000 1580.000000 37388.000000 0.000000 0.000000 -1.000000
0 90.091837 4.000000 0.000000 0.432268 2.602914 -1.000000 -1.000000 -1.000000 2125.000000 43928.000000 0.000000 0.000000 -1.000000
0 90.089712 4.000000 0.000000 0.433548 2.940745 -1.000000 -1.000000 -1.000000 4897.000000 56297.000000 0.000000 0.000000 -1.000000
0 90.070060 4.000000 0.000000 1.462318 8.208007 -1.000000 -1.000000 -1.000000 0.000000 399829.000000 0.000000 0.000000 -1.000000
0 90.246279 4.000000 0.000000 0.338048 2.236095 -1.000000 -1.000000 -1.000000 369.000000 39486.000000 0.000000 0.000000 -1.000000
0 90.107868 4.000000 0.000000 0.366319 2.200170 -1.000000 -1.000000 -1.000000 0.000000 39470.000000 0.000000 0.000000 -1.000000
0 90.307647 4.000000 0.000000 0.439117 2.833655 -1.000000 -1.000000 -1.000000 457.000000 40293.000000 0.000000 0.000000 -1.000000
1 70.894493 4.000000 0.000000 0.465715 2.617529 -1.000000 -1.000000 -1.000000 5847.000000 50869.000000 0.000000 0.000000 39.602823
0 90.330804 4.000000 0.000000 0.405729 2.605737 -1.000000 -1.000000 -1.000000 1353.000000 76859.000000 0.000000 0.000000 -1.000000
0 90.377726 4.000000 0.000000 0.331354 2.044119 -1.000000 -1.000000 -1.000000 1583.000000 28517.000000 0.000000 0.000000 -1.000000
0 90.431646 4.000000 0.000000 0.381997 2.605277 -1.000000 -1.000000 -1.000000 147.000000 48357.000000 0.000000 0.000000 -1.000000
0 90.596490 4.000000 0.000000 0.366087 2.173823 -1.000000 -1.000000 -1.000000 1864.000000 37703.000000 0.000000 0.000000 -1.000000
0 90.028306 4.000000 0.000000 0.449330 3.174047 -1.000000 -1.000000 -1.000000 21313.000000 46545.000000 0.000000 0.000000 -1.000000
0 90.180650 4.000000 0.000000 0.460793 3.149467 -1.000000 -1.000000 -1.000000 386.000000 67795.000000 0.000000 0.000000 -1.000000
0 90.081674 4.000000 0.000000 0.322425 2.400442 -1.000000 -1.000000 -1.000000 1087.000000 43648.000000 0.000000 0.000000 -1.000000
0 90.061143 4.000000 0.000000 0.478364 2.921923 -1.000000 -1.000000 -1.000000 1900.000000 65055.000000 0.000000 0.000000 -1.000000
0 90.070676 4.000000 0.000000 0.533046 3.547084 -1.000000 -1.000000 -1.000000 289.000000 71501.000000 0.000000 0.000000 -1.000000
1 89.264122 4.000000 0.000000 0.521022 3.742110 -1.000000 -1.000000 -1.000000 11874.000000 60497.000000 0.000000 0.000000 52.337485
0 90.234924 4.000000 0.000000 0.488040 3.609769 -1.000000 -1.000000 -1.000000 1039.000000 78633.000000 0.000000 0.000000 -1.000000
0 90.425553 4.000000 0.000000 0.300018 2.322521 -1.000000 -1.000000 -1.000000 10228.000000 33501.000000 0.000000 0.000000 -1.000000
0 90.195820 4.000000 0.000000 0.414511 3.055102 -1.000000 -1.000000 -1.000000 14429.000000 44551.000000 0.000000 0.000000 -1.000000
0 90.151735 4.000000 0.000000 0.432199 2.746199 -1.000000 -1.000000 -1.000000 413.000000 65024.000000 0.000000 0.000000 -1.000000
0 90.130377 4.000000 0.000000 0.480856 4.326750 -1.000000 -1.000000 -1.000000 2136.000000 76947.000000 0.000000 0.000000 -1.000000
0 90.163965 4.000000 0.000000 0.555634 3.668957 -1.000000 -1.000000 -1.000000 17747.000000 70535.000000 0.000000 0.000000 -1.000000
0 90.268708 4.000000 0.000000 0.334186 2.092018 -1.000000 -1.000000 -1.000000 0.000000 42911.000000 0.000000 0.000000 -1.000000
0 90.062014 4.000000 0.000000 0.405646 2.665230 -1.000000 -1.000000 -1.000000 2360.000000 48068.000000 0.000000 0.000000 -1.000000
0 90.187994 4.000000 0.000000 0.371484 2.313619 -1.000000 -1.000000 -1.000000 695.000000 43906.000000 0.000000 0.000000 -1.000000
0 90.142443 4.000000 0.000000 0.372561 2.552277 -1.000000 -1.000000 -1.000000 1510.000000 48190.000000 0.000000 0.000000 -1.000000
0 90.107636 4.000000 0.000000 0.456485 3.060972 -1.000000 -1.000000 -1.000000 0.000000 62065.000000 0.000000 0.000000 -1.000000
0 90.097043 4.000000 0.000000 0.515678 2.793801 -1.000000 -1.000000 -1.000000 551.000000 67579.000000 0.000000 0.000000 -1.000000
0 90.193781 4.000000 0.000000 0.458593 3.483370 -1.000000 -1.000000 -1.000000 5871.000000 67875.000000 0.000000 0.000000 -1.000000
0 90.293002 4.000000 0.000000 0.650767 5.368755 -1.000000 -1.000000 -1.000000 1060.000000 106126.000000 0.000000 0.000000 -1.000000
0 90.109849 4.000000 0.000000 0.392452 2.323031 -1.000000 -1.000000 -1.000000 0.000000 33814.000000 0.000000 0.000000 -1.000000
0 90.190567 4.000000 0.000000 0.437729 2.528947 -1.000000 -1.000000 -1.000000 11395.000000 36923.000000 0.000000 0.000000 -1.000000
0 90.342760 4.000000 0.000000 0.964088 7.071043 -1.000000 -1.000000 -1.000000 1190.000000 192373.000000 0.000000 0.000000 -1.000000
0 90.133174 4.000000 0.000000 0.442474 3.091981 -1.000000 -1.000000 -1.000000 7661.000000 49100.000000 0.000000 0.000000 -1.000000
0 90.095751 4.000000 0.000000 0.503663 3.420711 -1.000000 -1.000000 -1.000000 1384.000000 84418.000000 0.000000 0.000000 -1.000000
0 90.060918 4.000000 0.000000 0.541744 3.514089 -1.000000 -1.000000 -1.000000 421.000000 85722.000000 0.000000 0.000000 -1.000000
0 90.153187 4.000000 0.000000 0.427057 2.686470 -1.000000 -1.000000 -1.000000 2349.000000 69183.000000 0.000000 0.000000 -1.000000
0 90.065078 4.000000 0.000000 0.506011 3.586221 -1.000000 -1.000000 -1.000000 7492.000000 74192.000000 0.000000 0.000000 -1.000000
1 51.991388 4.000000 0.000000 0.407584 2.398589 -1.000000 -1.000000 -1.000000 4459.000000 54739.000000 0.000000 0.000000 53.382835
0 90.290558 4.000000 0.000000 0.445441 2.458773 -1.000000 -1.000000 -1.000000 0.000000 63222.000000 0.000000 0.000000 -1.000000
0 90.045897 4.000000 0.000000 0.503493 2.954361 -1.000000 -1.000000 -1.000000 1397.000000 58673.000000 0.000000 0.000000 -1.000000
0 90.092578 4.000000 0.000000 0.372402 2.719405 -1.000000 -1.000000 -1.000000 977.000000 52737.000000 0.000000 0.000000 -1.000000
0 90.005669 4.000000 0.000000 0.419599 2.746019 -1.000000 -1.000000 -1.000000 14454.000000 54584.000000 0.000000 0.000000 -1.000000
0 90.097065 4.000000 0.000000 0.545730 3.115807 -1.000000 -1.000000 -1.000000 1815.000000 63190.000000 0.000000 0.000000 -1.000000
0 90.448267 4.000000 0.000000 0.374189 2.185038 -1.000000 -1.000000 -1.000000 515.000000 32858.000000 0.000000 0.000000 -1.000000
0 90.208481 4.000000 0.000000 0.488917 3.044790 -1.000000 -1.000000 -1.000000 997.000000 71835.000000 0.000000 0.000000 -1.000000
0 90.453961 4.000000 0.000000 0.338786 1.987574 -1.000000 -1.000000 -1.000000 2681.000000 32183.000000 0.000000 0.000000 -1.000000
0 90.622491 6.000000 0.000000 0.379063 2.357330 -1.000000 -1.000000 -1.000000 63.000000 24622.000000 0.000000 0.000000 -1.000000
0 90.052820 6.000000 0.000000 0.372899 2.573020 -1.000000 -1.000000 -1.000000 728.000000 60559.000000 0.000000 0.000000 -1.000000
0 90.205807 6.000000 0.000000 0.481349 2.763921 -1.000000 -1.000000 -1.000000 3292.000000 69261.000000 0.000000 0.000000 -1.000000
0 90.163895 6.000000 0.000000 0.531981 3.498335 -1.000000 -1.000000 -1.000000 20581.000000 85849.000000 0.000000 0.000000 -1.000000
0 90.315820 6.000000 0.000000 0.342421 1.883253 -1.000000 -1.000000 -1.000000 0.000000 33594.000000 0.000000 0.000000 -1.000000
0 90.058777 6.000000 0.000000 0.362017 3.081527 -1.000000 -1.000000 -1.000000 0.000000 31940.000000 0.000000 0.000000 -1.000000
0 90.118347 6.000000 0.000000 0.422761 2.308630 -1.000000 -1.000000 -1.000000 6281.000000 50752.000000 0.000000 0.000000 -1.000000
0 90.133772 6.000000 0.000000 0.386154 2.120826 -1.000000 -1.000000 -1.000000 5438.000000 25843.000000 0.000000 0.000000 -1.000000
0 90.113873 6.000000 0.000000 0.487362 2.922271 -1.000000 -1.000000 -1.000000 494.000000 58864.000000 0.000000 0.000000 -1.000000
0 90.090101 6.000000 0.000000 0.453607 2.531363 -1.000000 -1.000000 -1.000000 16871.000000 128593.000000 0.000000 0.000000 -1.000000
0 90.169147 6.000000 0.000000 0.716181 4.260033 -1.000000 -1.000000 -1.000000 6519.000000 117391.000000 0.000000 0.000000 -1.000000
0 90.002124 6.000000 0.000000 0.518790 3.490136 -1.000000 -1.000000 -1.000000 22553.000000 142325.000000 0.000000 0.000000 -1.000000
0 90.097423 6.000000 0.000000 0.384083 2.287640 -1.000000 -1.000000 -1.000000 2663.000000 87420.000000 0.000000 0.000000 -1.000000
0 90.291932 6.000000 0.000000 0.364428 2.073633 -1.000000 -1.000000 -1.000000 0.000000 69473.000000 0.000000 0.000000 -1.000000
0 90.031271 6.000000 0.000000 0.395552 2.532111 -1.000000 -1.000000 -1.000000 9942.000000 96866.000000 0.000000 0.000000 -1.000000
0 90.149252 6.000000 0.000000 0.344759 1.922963 -1.000000 -1.000000 -1.000000 761.000000 55764.000000 0.000000 0.000000 -1.000000
0 90.165291 6.000000 0.000000 0.364721 2.160996 -1.000000 -1.000000 -1.000000 12147.000000 104416.000000 0.000000 0.000000 -1.000000
0 90.071734 6.000000 0.000000 0.976245 4.607844 -1.000000 -1.000000 -1.000000 0.000000 306443.000000 0.000000 0.000000 -1.000000
0 90.180136 6.000000 0.000000 0.645052 3.272386 -1.000000 -1.000000 -1.000000 22697.000000 94840.000000 0.000000 0.000000 -1.000000
0 90.187714 6.000000 0.000000 0.474442 2.276391 -1.000000 -1.000000 -1.000000 2281.000000 56002.000000 0.000000 0.000000 -1.000000
0 90.066032 6.000000 0.000000 0.428320 2.031806 -1.000000 -1.000000 -1.000000 1059.000000 73938.000000 0.000000 0.000000 -1.000000
0 90.184558 6.000000 0.000000 0.487349 2.377444 -1.000000 -1.000000 -1.000000 1791.000000 82187.000000 0.000000 0.000000 -1.000000
0 90.069896 6.000000 0.000000 0.443297 2.087396 -1.000000 -1.000000 -1.000000 2288.000000 87212.000000 0.000000 0.000000 -1.000000
0 90.019124 6.000000 0.000000 0.869882 7.466025 -1.000000 -1.000000 -1.000000 384.000000 244292.000000 0.000000 0.000000 -1.000000
0 90.214630 6.000000 0.000000 0.395819 1.761975 -1.000000 -1.000000 -1.000000 3338.000000 52612.000000 0.000000 0.000000 -1.000000
0 90.088984 6.000000 0.000000 0.428696 1.776292 -1.000000 -1.000000 -1.000000 4249.000000 54367.000000 0.000000 0.000000 -1.000000
0 90.010979 6.000000 0.000000 0.546882 2.311140 -1.000000 -1.000000 -1.000000 257.000000 101553.000000 0.000000 0.000000 -1.000000
0 90.063221 6.000000 0.000000 0.381041 1.849150 -1.000000 -1.000000 -1.000000 7053.000000 53760.000000 0.000000 0.000000 -1.000000
0 90.512666 6.000000 0.000000 0.427188 2.289085 -1.000000 -1.000000 -1.000000 1432.000000 25225.000000 0.000000 0.000000 -1.000000
0 90.079765 6.000000 0.000000 0.699527 3.736528 -1.000000 -1.000000 -1.000000 36437.000000 187970.000000 0.000000 0.000000 -1.000000
0 90.340408 6.000000 0.000000 0.648365 2.891582 -1.000000 -1.000000 -1.000000 17.000000 109197.000000 0.000000 0.000000 -1.000000
0 90.138953 6.000000 0.000000 0.427060 2.061796 -1.000000 -1.000000 -1.000000 0.000000 26411.000000 0.000000 0.000000 -1.000000
0 90.495285 6.000000 0.000000 0.386612 1.865549 -1.000000 -1.000000 -1.000000 0.000000 26280.000000 0.000000 0.000000 -1.000000
0 90.087995 6.000000 0.000000 0.453782 2.206539 -1.000000 -1.000000 -1.000000 192.000000 87786.000000 0.000000 0.000000 -1.000000
0 90.047163 6.000000 0.000000 0.512064 2.626964 -1.000000 -1.000000 -1.000000 482.000000 86664.000000 0.000000 0.000000 -1.000000
0 90.005571 6.000000 0.000000 0.506818 2.652912 -1.000000 -1.000000 -1.000000 0.000000 29238.000000 0.000000 0.000000 -1.000000
0 90.143624 6.000000 0.000000 0.354453 1.521833 -1.000000 -1.000000 -1.000000 0.000000 35106.000000 0.000000 0.000000 -1.000000
0 90.130725 6.000000 0.000000 0.401184 2.062397 -1.000000 -1.000000 -1.000000 7620.000000 87941.000000 0.000000 0.000000 -1.000000
0 90.166399 6.000000 0.000000 0.427007 1.955971 -1.000000 -1.000000 -1.000000 6128.000000 67033.000000 0.000000 0.000000 -1.000000
0 90.032225 6.000000 0.000000 0.540441 2.497092 -1.000000 -1.000000 -1.000000 1119.000000 102254.000000 0.000000 0.000000 -1.000000
0 90.312766 6.000000 0.000000 0.492621 2.506947 -1.000000 -1.000000 -1.000000 9361.000000 56888.000000 0.000000 0.000000 -1.000000
0 90.271014 6.000000 0.000000 0.698620 3.586209 -1.000000 -1.000000 -1.000000 851.000000 213138.000000 0.000000 0.000000 -1.000000
0 90.090551 6.000000 0.000000 0.339103 1.651417 -1.000000 -1.000000 -1.000000 20.000000 41042.000000 0.000000 0.000000 -1.000000
0 90.037131 6.000000 0.000000 0.483695 1.932723 -1.000000 -1.000000 -1.000000 671.000000 69758.000000 0.000000 0.000000 -1.000000
0 90.176361 6.000000 0.000000 0.370934 1.833476 -1.000000 -1.000000 -1.000000 0.000000 29850.000000 0.000000 0.000000 -1.000000
0 90.248512 6.000000 0.000000 0.353607 1.582415 -1.000000 -1.000000 -1.000000 1562.000000 54200.000000 0.000000 0.000000 -1.000000
0 90.040302 6.000000 0.000000 0.399761 1.893622 -1.000000 -1.000000 -1.000000 0.000000 45881.000000 0.000000 0.000000 -1.000000
0 90.071974 6.000000 0.000000 0.447351 2.704396 -1.000000 -1.000000 -1.000000 0.000000 48138.000000 0.000000 0.000000 -1.000000
0 90.156311 6.000000 0.000000 0.368920 1.809671 -1.000000 -1.000000 -1.000000 730.000000 54458.000000 0.000000 0.000000 -1.000000
0 90.093861 6.000000 0.000000 0.656352 3.294872 -1.000000 -1.000000 -1.000000 134.000000 124307.000000 0.000000 0.000000 -1.000000
0 90.442285 6.000000 0.000000 0.412042 1.929117 -1.000000 -1.000000 -1.000000 0.000000 29936.000000 0.000000 0.000000 -1.000000
0 90.128818 6.000000 0.000000 0.531298 2.112635 -1.000000 -1.000000 -1.000000 6164.000000 98660.000000 0.000000 0.000000 -1.000000
0 90.072049 6.000000 0.000000 1.038850 5.019083 -1.000000 -1.000000 -1.000000 24676.000000 251958.000000 0.000000 0.000000 -1.000000
0 90.357444 6.000000 0.000000 0.413060 2.110165 -1.000000 -1.000000 -1.000000 6240.000000 66820.000000 0.000000 0.000000 -1.000000
0 90.197517 6.000000 0.000000 0.523614 2.413811 -1.000000 -1.000000 -1.000000 514.000000 73623.000000 0.000000 0.000000 -1.000000
0 90.018967 6.000000 0.000000 0.698518 3.083438 -1.000000 -1.000000 -1.000000 16967.000000 157911.000000 0.000000 0.000000 -1.000000
0 90.265855 6.000000 0.000000 0.396702 1.916201 -1.000000 -1.000000 -1.000000 1180.000000 75938.000000 0.000000 0.000000 -1.000000
0 90.026068 6.000000 0.000000 0.425440 2.097797 -1.000000 -1.000000 -1.000000 4442.000000 62413.000000 0.000000 0.000000 -1.000000
0 90.146307 6.000000 0.000000 0.552724 2.869829 -1.000000 -1.000000 -1.000000 2681.000000 36812.000000 0.000000 0.000000 -1.000000
0 90.062071 6.000000 0.000000 0.425039 1.983343 -1.000000 -1.000000 -1.000000 11327.000000 76711.000000 0.000000 0.000000 -1.000000
0 90.622491 8.000000 0.000000 0.379063 2.357330 -1.000000 -1.000000 -1.000000 63.000000 24622.000000 0.000000 0.000000 -1.000000
0 90.052820 8.000000 0.000000 0.372899 2.573020 -1.000000 -1.000000 -1.000000 728.000000 60559.000000 0.000000 0.000000 -1.000000
0 90.205807 8.000000 0.000000 0.481349 2.763921 -1.000000 -1.000000 -1.000000 3292.000000 69261.000000 0.000000 0.000000 -1.000000
0 90.163895 8.000000 0.000000 0.531981 3.498335 -1.000000 -1.000000 -1.000000 20581.000000 85849.000000 0.000000 0.000000 -1.000000
0 90.315820 8.000000 0.000000 0.342421 1.883253 -1.000000 -1.000000 -1.000000 0.000000 33594.000000 0.000000 0.000000 -1.000000
0 90.058777 8.000000 0.000000 0.362017 3.081527 -1.000000 -1.000000 -1.000000 0.000000 31940.000000 0.000000 0.000000 -1.000000
0 90.118347 8.000000 0.000000 0.422761 2.308630 -1.000000 -1.000000 -1.000000 6281.000000 50752.000000 0.000000 0.000000 -1.000000
0 90.133772 8.000000 0.000000 0.386154 2.120826 -1.000000 -1.000000 -1.000000 5438.000000 25843.000000 0.000000 0.000000 -1.000000
0 90.113873 8.000000 0.000000 0.487362 2.922271 -1.000000 -1.000000 -1.000000 494.000000 58864.000000 0.000000 0.000000 -1.000000
0 90.090101 8.000000 0.000000 0.453607 2.531363 -1.000000 -1.000000 -1.000000 16871.000000 128593.000000 0.000000 0.000000 -1.000000
0 90.169147 8.000000 0.000000 0.716181 4.260033 -1.000000 -1.000000 -1.000000 6519.000000 117391.000000 0.000000 0.000000 -1.000000
0 90.002124 8.000000 0.000000 0.518790 3.490136 -1.000000 -1.000000 -1.000000 22553.000000 142325.000000 0.000000 0.000000 -1.000000
0 90.097423 8.000000 0.000000 0.384083 2.287640 -1.000000 -1.000000 -1.000000 2663.000000 87420.000000 0.000000 0.000000 -1.000000
0 90.291932 8.000000 0.000000 0.364428 2.073633 -1.000000 -1.000000 -1.000000 0.000000 69473.000000 0.000000 0.000000 -1.000000
0 90.031271 8.000000 0.000000 0.395552 2.532111 -1.000000 -1.000000 -1.000000 9942.000000 96866.000000 0.000000 0.000000 -1.000000
0 90.149252 8.000000 0.000000 0.344759 1.922963 -1.000000 -1.000000 -1.000000 761.000000 55764.000000 0.000000 0.000000 -1.000000
0 90.165291 8.000000 0.000000 0.364721 2.160996 -1.000000 -1.000000 -1.000000 12147.000000 104416.000000 0.000000 0.000000 -1.000000
0 90.071734 8.000000 0.000000 0.976245 4.607844 -1.000000 -1.000000 -1.000000 0.000000 306443.000000 0.000000 0.000000 -1.000000
0 90.180136 8.000000 0.000000 0.645052 3.272386 -1.000000 -1.000000 -1.000000 22697.000000 94840.000000 0.000000 0.000000 -1.000000
0 90.187714 8.000000 0.000000 0.474442 2.276391 -1.000000 -1.000000 -1.000000 2281.000000 56002.000000 0.000000 0.000000 -1.000000
0 90.066032 8.000000 0.000000 0.428320 2.031806 -1.000000 -1.000000 -1.000000 1059.000000 73938.000000 0.000000 0.000000 -1.000000
0 90.184558 8.000000 0.000000 0.487349 2.377444 -1.000000 -1.000000 -1.000000 1791.000000 82187.000000 0.000000 0.000000 -1.000000
0 90.069896 8.000000 0.000000 0.443297 2.087396 -1.000000 -1.000000 -1.000000 2288.000000 87212.000000 0.000000 0.000000 -1.000000
0 90.019124 8.000000 0.000000 0.869882 7.466025 -1.000000 -1.000000 -1.000000 384.000000 244292.000000 0.000000 0.000000 -1.000000
0 90.214630 8.000000 0.000000 0.395819 1.761975 -1.000000 -1.000000 -1.000000 3338.000000 52612.000000 0.000000 0.000000 -1.000000
0 90.088984 8.000000 0.000000 0.428696 1.776292 -1.000000 -1.000000 -1.000000 4249.000000 54367.000000 0.000000 0.000000 -1.000000
0 90.010979 8.000000 0.000000 0.546882 2.311140 -1.000000 -1.000000 -1.000000 257.000000 101553.000000 0.000000 0.000000 -1.000000
0 90.063221 8.000000 0.000000 0.381041 1.849150 -1.000000 -1.000000 -1.000000 7053.000000 53760.000000 0.000000 0.000000 -1.000000
0 90.512666 8.000000 0.000000 0.427188 2.289085 -1.000000 -1.000000 -1.000000 1432.000000 25225.000000 0.000000 0.000000 -1.000000
0 90.079765 8.000000 0.000000 0.699527 3.736528 -1.000000 -1.000000 -1.000000 36437.000000 187970.000000 0.000000 0.000000 -1.000000
0 90.340408 8.000000 0.000000 0.648365 2.891582 -1.000000 -1.000000 -1.000000 17.000000 109197.000000 0.000000 0.000000 -1.000000
0 90.138953 8.000000 0.000000 0.427060 2.061796 -1.000000 -1.000000 -1.000000 0.000000 26411.000000 0.000000 0.000000 -1.000000
0 90.495285 8.000000 0.000000 0.386612 1.865549 -1.000000 -1.000000 -1.000000 0.000000 26280.000000 0.000000 0.000000 -1.000000
0 90.087995 8.000000 0.000000 0.453782 2.206539 -1.000000 -1.000000 -1.000000 192.000000 87786.000000 0.000000 0.000000 -1.000000
0 90.047163 8.000000 0.000000 0.512064 2.626964 -1.000000 -1.000000 -1.000000 482.000000 86664.000000 0.000000 0.000000 -1.000000
0 90.005571 8.000000 0.000000 0.506818 2.652912 -1.000000 -1.000000 -1.000000 0.000000 29238.000000 0.000000 0.000000 -1.000000
0 90.143624 8.000000 0.000000 0.354453 1.521833 -1.000000 -1.000000 -1.000000 0.000000 35106.000000 0.000000 0.000000 -1.000000
0 90.130725 8.000000 0.000000 0.401184 2.062397 -1.000000 -1.000000 -1.000000 7620.000000 87941.000000 0.000000 0.000000 -1.000000
0 90.166399 8.000000 0.000000 0.427007 1.955971 -1.000000 -1.000000 -1.000000 6128.000000 67033.000000 0.000000 0.000000 -1.000000
0 90.032225 8.000000 0.000000 0.540441 2.497092 -1.000000 -1.000000 -1.000000 1119.000000 102254.000000 0.000000 0.000000 -1.000000
0 90.312766 8.000000 0.000000 0.492621 2.506947 -1.000000 -1.000000 -1.000000 9361.000000 56888.000000 0.000000 0.000000 -1.000000
0 90.271014 8.000000 0.000000 0.698620 3.586209 -1.000000 -1.000000 -1.000000 851.000000 213138.000000 0.000000 0.000000 -1.000000
0 90.090551 8.000000 0.000000 0.339103 1.651417 -1.000000 -1.000000 -1.000000 20.000000 41042.000000 0.000000 0.000000 -1.000000
0 90.037131 8.000000 0.000000 0.483695 1.932723 -1.000000 -1.000000 -1.000000 671.000000 69758.000000 0.000000 0.000000 -1.000000
0 90.176361 8.000000 0.000000 0.370934 1.833476 -1.000000 -1.000000 -1.000000 0.000000 29850.000000 0.000000 0.000000 -1.000000
0 90.248512 8.000000 0.000000 0.353607 1.582415 -1.000000 -1.000000 -1.000000 1562.000000 54200.000000 0.000000 0.000000 -1.000000
0 90.040302 8.000000 0.000000 0.399761 1.893622 -1.000000 -1.000000 -1.000000 0.000000 45881.000000 0.000000 0.000000 -1.000000
0 90.071974 8.000000 0.000000 0.447351 2.704396 -1.000000 -1.000000 -1.000000 0.000000 48138.000000 0.000000 0.000000 -1.000000
0 90.156311 8.000000 0.000000 0.368920 1.809671 -1.000000 -1.000000 -1.000000 730.000000 54458.000000 0.000000 0.000000 -1.000000
0 90.093861 8.000000 0.000000 0.656352 3.294872 -1.000000 -1.000000 -1.000000 134.000000 124307.000000 0.000000 0.000000 -1.000000
0 90.442285 8.000000 0.000000 0.412042 1.929117 -1.000000 -1.000000 -1.000000 0.000000 29936.000000 0.000000 0.000000 -1.000000
0 90.128818 8.000000 0.000000 0.531298 2.112635 -1.000000 -1.000000 -1.000000 6164.000000 98660.000000 0.000000 0.000000 -1.000000
0 90.072049 8.000000 0.000000 1.038850 5.019083 -1.000000 -1.000000 -1.000000 24676.000000 251958.000000 0.000000 0.000000 -1.000000
0 90.357444 8.000000 0.000000 0.413060 2.110165 -1.000000 -1.000000 -1.000000 6240.000000 66820.000000 0.000000 0.000000 -1.000000
0 90.197517 8.000000 0.000000 0.523614 2.413811 -1.000000 -1.000000 -1.000000 514.000000 73623.000000 0.000000 0.000000 -1.000000
0 90.018967 8.000000 0.000000 0.698518 3.083438 -1.000000 -1.000000 -1.000000 16967.000000 157911.000000 0.000000 0.000000 -1.000000
0 90.265855 8.000000 0.000000 0.396702 1.916201 -1.000000 -1.000000 -1.000000 1180.000000 75938.000000 0.000000 0.000000 -1.000000
0 90.026068 8.000000 0.000000 0.425440 2.097797 -1.000000 -1.000000 -1.000000 4442.000000 62413.000000 0.000000 0.000000 -1.000000
0 90.146307 8.000000 0.000000 0.552724 2.869829 -1.000000 -1.000000 -1.000000 2681.000000 36812.000000 0.000000 0.000000 -1.000000
0 90.062071 8.000000 0.000000 0.425039 1.983343 -1.000000 -1.000000 -1.000000 11327.000000 76711.000000 0.000000 0.000000 -1.000000
0 90.622491 10.000000 0.000000 0.379063 2.357330 -1.000000 -1.000000 -1.000000 63.000000 24622.000000 0.000000 0.000000 -1.000000
0 90.052820 10.000000 0.000000 0.372899 2.573020 -1.000000 -1.000000 -1.000000 728.000000 60559.000000 0.000000 0.000000 -1.000000
0 90.205807 10.000000 0.000000 0.481349 2.763921 -1.000000 -1.000000 -1.000000 3292.000000 69261.000000 0.000000 0.000000 -1.000000
0 90.163895 10.000000 0.000000 0.531981 3.498335 -1.000000 -1.000000 -1.000000 20581.000000 85849.000000 0.000000 0.000000 -1.000000
0 90.315820 10.000000 0.000000 0.342421 1.883253 -1.000000 -1.000000 -1.000000 0.000000 33594.000000 0.000000 0.000000 -1.000000
0 90.058777 10.000000 0.000000 0.362017 3.081527 -1.000000 -1.000000 -1.000000 0.000000 31940.000000 0.000000 0.000000 -1.000000
0 90.118347 10.000000 0.000000 0.422761 2.308630 -1.000000 -1.000000 -1.000000 6281.000000 50752.000000 0.000000 0.000000 -1.000000
0 90.133772 10.000000 0.000000 0.386154 2.120826 -1.000000 -1.000000 -1.000000 5438.000000 25843.000000 0.000000 0.000000 -1.000000
0 90.113873 10.000000 0.000000 0.487362 2.922271 -1.000000 -1.000000 -1.000000 494.000000 58864.000000 0.000000 0.000000 -1.000000
0 90.090101 10.000000 0.000000 0.453607 2.531363 -1.000000 -1.000000 -1.000000 16871.000000 128593.000000 0.000000 0.000000 -1.000000
0 90.169147 10.000000 0.000000 0.716181 4.260033 -1.000000 -1.000000 -1.000000 6519.000000 117391.000000 0.000000 0.000000 -1.000000
0 90.002124 10.000000 0.000000 0.518790 3.490136 -1.000000 -1.000000 -1.000000 22553.000000 142325.000000 0.000000 0.000000 -1.000000
0 90.097423 10.000000 0.000000 0.384083 2.287640 -1.000000 -1.000000 -1.000000 2663.000000 87420.000000 0.000000 0.000000 -1.000000
0 90.291932 10.000000 0.000000 0.364428 2.073633 -1.000000 -1.000000 -1.000000 0.000000 69473.000000 0.000000 0.000000 -1.000000
0 90.031271 10.000000 0.000000 0.395552 2.532111 -1.000000 -1.000000 -1.000000 9942.000000 96866.000000 0.000000 0.000000 -1.000000
0 90.149252 10.000000 0.000000 0.344759 1.922963 -1.000000 -1.000000 -1.000000 761.000000 55764.000000 0.000000 0.000000 -1.000000
0 90.165291 10.000000 0.000000 0.364721 2.160996 -1.000000 -1.000000 -1.000000 12147.000000 104416.000000 0.000000 0.000000 -1.000000
0 90.071734 10.000000 0.000000 0.976245 4.607844 -1.000000 -1.000000 -1.000000 0.000000 306443.000000 0.000000 0.000000 -1.000000
0 90.180136 10.000000 0.000000 0.645052 3.272386 -1.000000 -1.000000 -1.000000 22697.000000 94840.000000 0.000000 0.000000 -1.000000
0 90.187714 10.000000 0.000000 0.474442 2.276391 -1.000000 -1.000000 -1.000000 2281.000000 56002.000000 0.000000 0.000000 -1.000000
0 90.066032 10.000000 0.000000 0.428320 2.031806 -1.000000 -1.000000 -1.000000 1059.000000 73938.000000 0.000000 0.000000 -1.000000
0 90.184558 10.000000 0.000000 0.487349 2.377444 -1.000000 -1.000000 -1.000000 1791.000000 82187.000000 0.000000 0.000000 -1.000000
0 90.069896 10.000000 0.000000 0.443297 2.087396 -1.000000 -1.000000 -1.000000 2288.000000 87212.000000 0.000000 0.000000 -1.000000
0 90.019124 10.000000 0.000000 0.869882 7.466025 -1.000000 -1.000000 -1.000000 384.000000 244292.000000 0.000000 0.000000 -1.000000
0 90.214630 10.000000 0.000000 0.395819 1.761975 -1.000000 -1.000000 -1.000000 3338.000000 52612.000000 0.000000 0.000000 -1.000000
0 90.088984 10.000000 0.000000 0.428696 1.776292 -1.000000 -1.000000 -1.000000 4249.000000 54367.000000 0.000000 0.000000 -1.000000
0 90.010979 10.000000 0.000000 0.546882 2.311140 -1.000000 -1.000000 -1.000000 257.000000 101553.000000 0.000000 0.000000 -1.000000
0 90.063221 10.000000 0.000000 0.381041 1.849150 -1.000000 -1.000000 -1.000000 7053.000000 53760.000000 0.000000 0.000000 -1.000000
0 90.512666 10.000000 0.000000 0.427188 2.289085 -1.000000 -1.000000 -1.000000 1432.000000 25225.000000 0.000000 0.000000 -1.000000
0 90.079765 10.000000 0.000000 0.699527 3.736528 -1.000000 -1.000000 -1.000000 36437.000000 187970.000000 0.000000 0.000000 -1.000000
0 90.340408 10.000000 0.000000 0.648365 2.891582 -1.000000 -1.000000 -1.000000 17.000000 109197.000000 0.000000 0.000000 -1.000000
0 90.138953 10.000000 0.000000 0.427060 2.061796 -1.000000 -1.000000 -1.000000 0.000000 26411.000000 0.000000 0.000000 -1.000000
0 90.495285 10.000000 0.000000 0.386612 1.865549 -1.000000 -1.000000 -1.000000 0.000000 26280.000000 0.000000 0.000000 -1.000000
0 90.087995 10.000000 0.000000 0.453782 2.206539 -1.000000 -1.000000 -1.000000 192.000000 87786.000000 0.000000 0.000000 -1.000000
0 90.047163 10.000000 0.000000 0.512064 2.626964 -1.000000 -1.000000 -1.000000 482.000000 86664.000000 0.000000 0.000000 -1.000000
0 90.005571 10.000000 0.000000 0.506818 2.652912 -1.000000 -1.000000 -1.000000 0.000000 29238.000000 0.000000 0.000000 -1.000000
0 90.143624 10.000000 0.000000 0.354453 1.521833 -1.000000 -1.000000 -1.000000 0.000000 35106.000000 0.000000 0.000000 -1.000000
0 90.130725 10.000000 0.000000 0.401184 2.062397 -1.000000 -1.000000 -1.000000 7620.000000 87941.000000 0.000000 0.000000 -1.000000
0 90.166399 10.000000 0.000000 0.427007 1.955971 -1.000000 -1.000000 -1.000000 6128.000000 67033.000000 0.000000 0.000000 -1.000000
0 90.032225 10.000000 0.000000 0.540441 2.497092 -1.000000 -1.000000 -1.000000 1119.000000 102254.000000 0.000000 0.000000 -1.000000
0 90.312766 10.000000 0.000000 0.492621 2.506947 -1.000000 -1.000000 -1.000000 9361.000000 56888.000000 0.000000 0.000000 -1.000000
0 90.271014 10.000000 0.000000 0.698620 3.586209 -1.000000 -1.000000 -1.000000 851.000000 213138.000000 0.000000 0.000000 -1.000000
0 90.090551 10.000000 0.000000 0.339103 1.651417 -1.000000 -1.000000 -1.000000 20.000000 41042.000000 0.000000 0.000000 -1.000000
0 90.037131 10.000000 0.000000 0.483695 1.932723 -1.000000 -1.000000 -1.000000 671.000000 69758.000000 0.000000 0.000000 -1.000000
0 90.176361 10.000000 0.000000 0.370934 1.833476 -1.000000 -1.000000 -1.000000 0.000000 29850.000000 0.000000 0.000000 -1.000000
0 90.248512 10.000000 0.000000 0.353607 1.582415 -1.000000 -1.000000 -1.000000 1562.000000 54200.000000 0.000000 0.000000 -1.000000
0 90.040302 10.000000 0.000000 0.399761 1.893622 -1.000000 -1.000000 -1.000000 0.000000 45881.000000 0.000000 0.000000 -1.000000
0 90.071974 10.000000 0.000000 0.447351 2.704396 -1.000000 -1.000000 -1.000000 0.000000 48138.000000 0.000000 0.000000 -1.000000
0 90.156311 10.000000 0.000000 0.368920 1.809671 -1.000000 -1.000000 -1.000000 730.000000 54458.000000 0.000000 0.000000 -1.000000
0 90.093861 10.000000 0.000000 0.656352 3.294872 -1.000000 -1.000000 -1.000000 134.000000 124307.000000 0.000000 0.000000 -1.000000
0 90.442285 10.000000 0.000000 0.412042 1.929117 -1.000000 -1.000000 -1.000000 0.000000 29936.000000 0.000000 0.000000 -1.000000
0 90.128818 10.000000 0.000000 0.531298 2.112635 -1.000000 -1.000000 -1.000000 6164.000000 98660.000000 0.000000 0.000000 -1.000000
0 90.072049 10.000000 0.000000 1.038850 5.019083 -1.000000 -1.000000 -1.000000 24676.000000 251958.000000 0.000000 0.000000 -1.000000
0 90.357444 10.000000 0.000000 0.413060 2.110165 -1.000000 -1.000000 -1.000000 6240.000000 66820.000000 0.000000 0.000000 -1.000000
0 90.197517 10.000000 0.000000 0.523614 2.413811 -1.000000 -1.000000 -1.000000 514.000000 73623.000000 0.000000 0.000000 -1.000000
0 90.018967 10.000000 0.000000 0.698518 3.083438 -1.000000 -1.000000 -1.000000 16967.000000 157911.000000 0.000000 0.000000 -1.000000
0 90.265855 10.000000 0.000000 0.396702 1.916201 -1.000000 -1.000000 -1.000000 1180.000000 75938.000000 0.000000 0.000000 -1.000000
0 90.026068 10.000000 0.000000 0.425440 2.097797 -1.000000 -1.000000 -1.000000 4442.000000 62413.000000 0.000000 0.000000 -1.000000
0 90.146307 10.000000 0.000000 0.552724 2.869829 -1.000000 -1.000000 -1.000000 2681.000000 36812.000000 0.000000 0.000000 -1.000000
0 90.062071 10.000000 0.000000 0.425039 1.983343 -1.000000 -1.000000 -1.000000 11327.000000 76711.000000 0.000000 0.000000 -1.000000
