1 0.756232 1.000000 0.755079 0.000138 0.000605 0.000009 3.000000 5.000000 0.000000 3.000000 0.000000 0.000000 11.528289
1 0.683510 1.000000 0.682343 0.000147 0.000594 0.000010 3.000000 5.000000 0.000000 0.000000 0.000000 0.000000 14.336406
0 75.752709 1.000000 0.668639 0.478615 4.060411 0.000013 4.000000 5.000000 0.000000 176299.000000 0.000000 0.000000 -1.000000
1 1.281661 1.000000 1.279140 0.000291 0.001286 0.000022 4.000000 5.000000 0.000000 0.000000 0.000000 0.000000 15.383919
1 1.288045 1.000000 1.283580 0.000263 0.003321 0.000015 2.000000 5.000000 0.000000 4.000000 0.000000 0.000000 9.640016
1 1.276711 1.000000 1.272988 0.000342 0.002373 0.000018 4.000000 5.000000 0.000000 11.000000 0.000000 0.000000 12.608118
1 0.733245 1.000000 0.731746 0.000144 0.000839 0.000014 4.000000 5.000000 0.000000 1.000000 0.000000 0.000000 12.308971
1 0.802413 1.000000 0.799873 0.000249 0.001271 0.000022 4.000000 5.000000 0.000000 0.000000 0.000000 0.000000 14.729252
1 0.789900 1.000000 0.787729 0.000232 0.001128 0.000012 3.000000 5.000000 0.000000 5.000000 0.000000 0.000000 14.043734
1 0.715264 1.000000 0.714110 0.000133 0.000568 0.000010 3.000000 5.000000 0.000000 0.000000 0.000000 0.000000 10.517763
1 0.696302 1.000000 0.694444 0.000206 0.001060 0.000009 3.000000 5.000000 0.000000 15.000000 0.000000 0.000000 11.450299
1 1.188661 1.000000 1.186430 0.000293 0.001219 0.000016 3.000000 5.000000 0.000000 9.000000 0.000000 0.000000 12.233928
1 1.463359 1.000000 1.462094 0.000112 0.000784 0.000017 3.000000 5.000000 0.000000 0.000000 0.000000 0.000000 10.361798
1 1.324621 1.000000 1.323125 0.000197 0.000752 0.000018 3.000000 5.000000 0.000000 0.000000 0.000000 0.000000 10.134103
1 0.745723 1.000000 0.744033 0.000189 0.000873 0.000009 3.000000 5.000000 0.000000 2.000000 0.000000 0.000000 13.287176
1 1.595262 1.000000 1.594142 0.000128 0.000550 0.000012 4.000000 5.000000 0.000000 0.000000 0.000000 0.000000 11.511625
1 0.670938 1.000000 0.669856 0.000142 0.000546 0.000010 3.000000 5.000000 0.000000 0.000000 0.000000 0.000000 11.479482
1 0.727400 1.000000 0.725589 0.000215 0.000944 0.000012 3.000000 5.000000 0.000000 3.000000 0.000000 0.000000 14.726859
1 1.261321 1.000000 1.256547 0.000460 0.002393 0.000048 4.000000 5.000000 0.000000 0.000000 0.000000 0.000000 15.939421
1 1.383812 1.000000 1.380982 0.000351 0.001437 0.000027 4.000000 5.000000 0.000000 0.000000 0.000000 0.000000 15.768407
1 1.343205 1.000000 1.338657 0.000487 0.002509 0.000024 3.000000 5.000000 0.000000 14.000000 0.000000 0.000000 13.566078
1 0.903427 1.000000 0.899528 0.000386 0.002416 0.000011 3.000000 5.000000 0.000000 16.000000 0.000000 0.000000 11.507511
1 0.744575 1.000000 0.742249 0.000246 0.001219 0.000013 3.000000 5.000000 0.000000 8.000000 0.000000 0.000000 13.150056
1 0.763768 1.000000 0.760540 0.000351 0.001853 0.000014 3.000000 5.000000 0.000000 6.000000 0.000000 0.000000 12.920261
1 0.911362 1.000000 0.908272 0.000295 0.002024 0.000015 4.000000 5.000000 0.000000 9.000000 0.000000 0.000000 15.905336
1 1.136238 1.000000 1.133847 0.000274 0.001188 0.000019 3.000000 5.000000 0.000000 0.000000 0.000000 0.000000 13.907903
1 1.378882 1.000000 1.377401 0.000165 0.000768 0.000019 4.000000 5.000000 0.000000 0.000000 0.000000 0.000000 15.786873
1 2.274511 1.000000 2.272006 0.000251 0.001214 0.000017 4.000000 5.000000 0.000000 0.000000 0.000000 0.000000 14.480916
1 0.738431 1.000000 0.737091 0.000161 0.000645 0.000013 3.000000 5.000000 0.000000 0.000000 0.000000 0.000000 11.229779
1 0.834227 1.000000 0.832518 0.000187 0.000871 0.000026 4.000000 5.000000 0.000000 0.000000 0.000000 0.000000 12.237487
1 0.780323 1.000000 0.777944 0.000219 0.001440 0.000014 5.000000 5.000000 0.000000 1.000000 0.000000 0.000000 13.603601
1 0.694089 1.000000 0.692546 0.000159 0.000968 0.000012 4.000000 5.000000 0.000000 0.000000 0.000000 0.000000 13.307212
1 0.706676 1.000000 0.705468 0.000163 0.000598 0.000010 3.000000 5.000000 0.000000 0.000000 0.000000 0.000000 10.412914
1 1.166209 1.000000 1.164417 0.000246 0.000901 0.000021 3.000000 5.000000 0.000000 0.000000 0.000000 0.000000 10.705386
1 2.818589 1.000000 2.816839 0.000199 0.000866 0.000022 4.000000 5.000000 0.000000 0.000000 0.000000 0.000000 11.261320
1 0.813820 1.000000 0.811096 0.000237 0.001539 0.000025 4.000000 5.000000 0.000000 0.000000 0.000000 0.000000 13.518280
1 0.705037 1.000000 0.702706 0.000194 0.001524 0.000012 3.000000 5.000000 0.000000 11.000000 0.000000 0.000000 11.223611
1 0.713772 1.000000 0.712288 0.000178 0.000769 0.000012 4.000000 5.000000 0.000000 4.000000 0.000000 0.000000 13.046295
1 0.707955 1.000000 0.706878 0.000124 0.000539 0.000010 3.000000 5.000000 0.000000 0.000000 0.000000 0.000000 13.083246
1 1.263161 1.000000 1.259328 0.000432 0.001896 0.000017 3.000000 5.000000 0.000000 0.000000 0.000000 0.000000 13.505711
1 1.267552 1.000000 1.263126 0.000517 0.002392 0.000019 3.000000 5.000000 0.000000 7.000000 0.000000 0.000000 13.325959
1 1.248838 1.000000 1.246430 0.000291 0.001337 0.000020 3.000000 5.000000 0.000000 0.000000 0.000000 0.000000 12.697560
1 1.224044 1.000000 1.222299 0.000203 0.000854 0.000014 2.000000 5.000000 0.000000 0.000000 0.000000 0.000000 9.448112
1 0.870445 1.000000 0.869087 0.000156 0.000686 0.000014 4.000000 5.000000 0.000000 0.000000 0.000000 0.000000 13.802753
1 0.855030 1.000000 0.847913 0.000570 0.004788 0.000022 4.000000 5.000000 0.000000 10.000000 0.000000 0.000000 15.078292
1 0.798550 1.000000 0.797405 0.000138 0.000584 0.000014 3.000000 5.000000 0.000000 0.000000 0.000000 0.000000 10.919775
1 1.867870 1.000000 1.866650 0.000148 0.000608 0.000015 4.000000 5.000000 0.000000 0.000000 0.000000 0.000000 11.801815
0 75.809788 1.000000 0.804421 1.105566 5.527946 0.000017 5.000000 5.000000 0.000000 515495.000000 0.000000 0.000000 -1.000000
1 0.807449 1.000000 0.806361 0.000133 0.000528 0.000012 3.000000 5.000000 0.000000 0.000000 0.000000 0.000000 11.454716
1 0.770773 1.000000 0.769154 0.000201 0.000853 0.000011 3.000000 5.000000 0.000000 0.000000 0.000000 0.000000 14.863490
1 0.804803 1.000000 0.803395 0.000176 0.000720 0.000011 3.000000 5.000000 0.000000 0.000000 0.000000 0.000000 12.855102
1 0.839386 1.000000 0.831054 0.000896 0.004387 0.000021 5.000000 5.000000 0.000000 7.000000 0.000000 0.000000 13.814800
1 0.827223 1.000000 0.824265 0.000284 0.001465 0.000012 3.000000 5.000000 0.000000 2.000000 0.000000 0.000000 13.729290
1 0.829788 1.000000 0.828325 0.000173 0.000718 0.000014 4.000000 5.000000 0.000000 0.000000 0.000000 0.000000 12.810067
1 0.805745 1.000000 0.802942 0.000289 0.001514 0.000014 3.000000 5.000000 0.000000 5.000000 0.000000 0.000000 13.906335
1 0.847806 1.000000 0.843403 0.000437 0.002556 0.000016 4.000000 5.000000 0.000000 12.000000 0.000000 0.000000 14.540347
1 0.809070 1.000000 0.807615 0.000181 0.000734 0.000011 3.000000 5.000000 0.000000 0.000000 0.000000 0.000000 13.522927
1 0.829762 1.000000 0.825052 0.000398 0.002838 0.000012 3.000000 5.000000 0.000000 13.000000 0.000000 0.000000 14.216281
1 0.823174 1.000000 0.819541 0.000393 0.002058 0.000011 3.000000 5.000000 0.000000 11.000000 0.000000 0.000000 13.005935
1 0.824474 1.000000 0.822572 0.000210 0.000950 0.000016 4.000000 5.000000 0.000000 0.000000 0.000000 0.000000 15.549534
1 0.887964 2.000000 0.833281 0.005875 0.029491 0.003209 20.000000 5.000000 0.000000 21.000000 0.000000 0.000000 47.930611
1 0.864293 2.000000 0.821644 0.004831 0.022006 0.003771 53.000000 5.000000 0.000000 14.000000 0.000000 0.000000 55.070295
1 0.871644 2.000000 0.840352 0.003278 0.016291 0.003562 73.000000 5.000000 0.000000 31.000000 0.000000 0.000000 44.986102
1 1.473914 2.000000 1.388594 0.008956 0.043839 0.003951 25.000000 5.000000 3.000000 38.000000 0.000000 0.000000 66.252442
1 0.869039 2.000000 0.811112 0.005894 0.028867 0.003976 25.000000 5.000000 8.000000 23.000000 0.000000 0.000000 62.968419
1 1.003293 2.000000 0.631880 0.040081 0.208170 0.003768 25.000000 5.000000 29.000000 282.000000 0.000000 0.000000 44.667603
1 0.714698 2.000000 0.688080 0.002820 0.013195 0.003674 75.000000 5.000000 1.000000 18.000000 0.000000 0.000000 47.105803
1 0.725264 2.000000 0.690460 0.003833 0.016424 0.002548 22.000000 5.000000 0.000000 28.000000 0.000000 0.000000 44.502984
1 0.721353 2.000000 0.688592 0.003290 0.017111 0.003154 55.000000 5.000000 0.000000 30.000000 0.000000 0.000000 53.189595
1 0.737840 2.000000 0.664584 0.008097 0.037027 0.005771 103.000000 5.000000 12.000000 19.000000 0.000000 0.000000 64.991520
1 1.427848 2.000000 0.676437 0.076342 0.420586 0.003519 45.000000 5.000000 34.000000 233.000000 0.000000 0.000000 41.291405
1 0.851431 2.000000 0.679913 0.019273 0.094730 0.006103 41.000000 5.000000 73.000000 123.000000 0.000000 0.000000 57.088958
0 75.882448 2.000000 0.685676 6.472770 36.652235 0.052294 258.000000 5.000000 61.000000 14730.000000 0.000000 0.000000 -1.000000
1 3.025715 2.000000 2.992811 0.002955 0.014169 0.004161 36.000000 5.000000 5.000000 13.000000 0.000000 0.000000 45.929162
1 0.634037 2.000000 0.595963 0.003990 0.020523 0.002589 18.000000 5.000000 3.000000 26.000000 0.000000 0.000000 44.326829
1 1.273789 2.000000 1.040288 0.022811 0.123763 0.004465 60.000000 5.000000 24.000000 203.000000 0.000000 0.000000 56.041364
0 75.722728 2.000000 0.589647 0.572803 1.809438 0.001825 16.000000 5.000000 0.000000 105290.000000 0.000000 0.000000 -1.000000
1 0.747572 2.000000 0.628352 0.014626 0.063499 0.002491 19.000000 5.000000 0.000000 59.000000 0.000000 0.000000 37.183970
1 1.112476 2.000000 1.070109 0.004484 0.020565 0.002998 23.000000 5.000000 0.000000 40.000000 0.000000 0.000000 40.556750
1 0.817510 2.000000 0.617903 0.021658 0.111751 0.003868 40.000000 5.000000 15.000000 209.000000 0.000000 0.000000 53.283432
1 1.150730 2.000000 0.622188 0.061416 0.286727 0.003046 26.000000 5.000000 10.000000 318.000000 0.000000 0.000000 42.697191
1 2.201280 2.000000 2.057374 0.016993 0.071392 0.005908 24.000000 5.000000 2.000000 85.000000 0.000000 0.000000 45.989837
1 2.002253 2.000000 1.268646 0.075544 0.415443 0.006131 77.000000 5.000000 24.000000 207.000000 0.000000 0.000000 76.943674
1 0.781052 2.000000 0.738894 0.004693 0.019940 0.004704 146.000000 5.000000 21.000000 15.000000 0.000000 0.000000 41.764820
1 2.063963 2.000000 1.631746 0.044719 0.236176 0.004943 36.000000 5.000000 94.000000 224.000000 0.000000 0.000000 47.185270
1 0.881730 2.000000 0.713681 0.021276 0.091778 0.003911 26.000000 5.000000 12.000000 65.000000 0.000000 0.000000 44.034429
1 0.773823 2.000000 0.633802 0.015249 0.076384 0.002641 24.000000 5.000000 0.000000 97.000000 0.000000 0.000000 45.368599
1 3.167972 2.000000 1.084310 0.211416 1.097089 0.032558 2199.000000 5.000000 392.000000 1225.000000 0.000000 0.000000 61.900218
1 1.265833 2.000000 0.724210 0.062756 0.295534 0.004095 27.000000 5.000000 59.000000 255.000000 0.000000 0.000000 41.385674
1 0.810721 2.000000 0.693605 0.012210 0.058059 0.005011 57.000000 5.000000 2.000000 48.000000 0.000000 0.000000 57.153891
1 1.214368 2.000000 1.180104 0.003091 0.017770 0.002716 22.000000 5.000000 0.000000 63.000000 0.000000 0.000000 38.836111
1 1.147493 2.000000 1.133626 0.001384 0.006188 0.001826 15.000000 5.000000 0.000000 13.000000 0.000000 0.000000 37.303459
1 0.675920 2.000000 0.629367 0.004339 0.023842 0.002819 22.000000 5.000000 18.000000 73.000000 0.000000 0.000000 39.821380
1 0.678629 2.000000 0.636761 0.004726 0.021882 0.002735 24.000000 5.000000 11.000000 50.000000 0.000000 0.000000 43.569573
1 2.194818 2.000000 0.608778 0.143870 0.811633 0.006450 238.000000 5.000000 155.000000 513.000000 0.000000 0.000000 48.590265
1 0.807743 2.000000 0.702706 0.010773 0.057925 0.003429 25.000000 5.000000 5.000000 71.000000 0.000000 0.000000 37.105823
1 0.807111 2.000000 0.705781 0.011351 0.052865 0.004802 61.000000 5.000000 0.000000 32.000000 0.000000 0.000000 78.763780
1 1.304338 2.000000 0.727769 0.067114 0.316006 0.002697 18.000000 5.000000 0.000000 321.000000 0.000000 0.000000 51.222601
1 0.861969 2.000000 0.696572 0.016982 0.098930 0.003690 25.000000 5.000000 22.000000 100.000000 0.000000 0.000000 51.176510
1 0.714990 2.000000 0.652614 0.005993 0.034393 0.002336 18.000000 5.000000 3.000000 61.000000 0.000000 0.000000 43.951602
1 0.687701 2.000000 0.616560 0.007549 0.035728 0.003534 37.000000 5.000000 3.000000 33.000000 0.000000 0.000000 46.657299
1 0.750023 2.000000 0.630707 0.014302 0.063299 0.005562 204.000000 5.000000 5.000000 94.000000 0.000000 0.000000 57.239633
1 1.771227 2.000000 1.746612 0.002193 0.011189 0.003855 131.000000 5.000000 0.000000 19.000000 0.000000 0.000000 41.245437
1 0.754749 2.000000 0.675531 0.009775 0.043977 0.002984 24.000000 5.000000 26.000000 37.000000 0.000000 0.000000 40.256863
1 2.518806 2.000000 2.280818 0.022398 0.122429 0.014694 256.000000 5.000000 0.000000 113.000000 0.000000 0.000000 65.815735
1 0.751855 2.000000 0.698269 0.005129 0.030451 0.002405 18.000000 5.000000 1.000000 43.000000 0.000000 0.000000 43.907248
1 1.820338 2.000000 1.325701 0.052189 0.275098 0.009827 61.000000 5.000000 9.000000 181.000000 0.000000 0.000000 70.725200
1 4.574184 2.000000 1.468829 0.295369 1.677494 0.007309 29.000000 5.000000 119.000000 486.000000 0.000000 0.000000 44.801636
1 1.742243 2.000000 1.234725 0.056783 0.292181 0.007410 33.000000 5.000000 15.000000 222.000000 0.000000 0.000000 34.941208
1 0.988019 2.000000 0.798837 0.023767 0.102112 0.003434 19.000000 5.000000 49.000000 67.000000 0.000000 0.000000 39.581135
1 0.897859 2.000000 0.809407 0.010228 0.045734 0.003094 22.000000 5.000000 1.000000 38.000000 0.000000 0.000000 51.957554
1 0.730561 2.000000 0.711890 0.002016 0.008180 0.003004 33.000000 5.000000 10.000000 4.000000 0.000000 0.000000 45.976271
1 0.783848 2.000000 0.701047 0.008626 0.044127 0.002968 29.000000 5.000000 10.000000 78.000000 0.000000 0.000000 46.196196
1 0.747048 2.000000 0.670997 0.008665 0.041969 0.002837 73.000000 5.000000 0.000000 37.000000 0.000000 0.000000 43.347494
1 0.737858 2.000000 0.617644 0.012560 0.067085 0.002396 24.000000 5.000000 15.000000 75.000000 0.000000 0.000000 39.986116
1 0.731579 2.000000 0.619046 0.012408 0.059172 0.002934 21.000000 5.000000 10.000000 29.000000 0.000000 0.000000 51.659974
1 1.297771 2.000000 0.628652 0.063835 0.364985 0.003664 69.000000 5.000000 130.000000 374.000000 0.000000 0.000000 44.249784
1 2.212232 2.000000 2.164427 0.003430 0.026526 0.004430 29.000000 5.000000 4.000000 25.000000 0.000000 0.000000 45.284434
1 0.919417 2.000000 0.731600 0.021252 0.098481 0.007301 148.000000 5.000000 10.000000 61.000000 0.000000 0.000000 71.928579
1 2.257835 4.000000 1.646428 0.051894 0.307560 0.064832 153.000000 5.000000 81.000000 336.000000 0.000000 0.000000 62.181465
1 1.640702 4.000000 1.471150 0.016940 0.085469 0.021391 49.000000 5.000000 31.000000 49.000000 0.000000 0.000000 66.748689
1 1.274685 4.000000 1.075406 0.018703 0.098047 0.027134 69.000000 5.000000 28.000000 84.000000 0.000000 0.000000 52.783687
1 1.388811 4.000000 1.141827 0.025457 0.125639 0.027608 65.000000 5.000000 24.000000 86.000000 0.000000 0.000000 48.481038
1 1.378982 4.000000 1.229193 0.014750 0.072953 0.018375 41.000000 5.000000 3.000000 57.000000 0.000000 0.000000 42.843588
1 1.581011 4.000000 1.217355 0.038706 0.193926 0.028958 62.000000 5.000000 21.000000 133.000000 0.000000 0.000000 51.927217
1 1.237476 4.000000 1.085248 0.014936 0.080321 0.013683 43.000000 5.000000 0.000000 154.000000 0.000000 0.000000 38.284930
1 1.394357 4.000000 1.080710 0.030246 0.166355 0.030641 74.000000 5.000000 49.000000 172.000000 0.000000 0.000000 44.617879
1 1.960649 4.000000 1.478761 0.051727 0.260842 0.027265 74.000000 5.000000 48.000000 190.000000 0.000000 0.000000 44.592878
1 0.711118 4.000000 0.623728 0.007990 0.046396 0.010714 30.000000 5.000000 0.000000 77.000000 0.000000 0.000000 32.982252
1 1.209869 4.000000 1.045303 0.015536 0.094067 0.013104 35.000000 5.000000 10.000000 100.000000 0.000000 0.000000 40.680771
1 1.287053 4.000000 1.046660 0.025103 0.127287 0.022523 60.000000 5.000000 1.000000 114.000000 0.000000 0.000000 54.438305
1 1.389466 4.000000 1.050133 0.037057 0.175473 0.027919 76.000000 5.000000 33.000000 227.000000 0.000000 0.000000 47.406518
1 2.070135 4.000000 1.083776 0.105120 0.517906 0.071237 175.000000 5.000000 40.000000 333.000000 0.000000 0.000000 54.122380
1 0.953140 4.000000 0.638496 0.031782 0.177312 0.027764 57.000000 5.000000 7.000000 214.000000 0.000000 0.000000 47.872288
1 2.252941 4.000000 1.259851 0.110120 0.550054 0.054404 78.000000 5.000000 89.000000 505.000000 0.000000 0.000000 39.628374
1 3.501537 4.000000 2.502540 0.101421 0.517739 0.078874 144.000000 5.000000 125.000000 286.000000 0.000000 0.000000 73.049965
1 1.265012 4.000000 1.179577 0.007565 0.037191 0.017697 42.000000 5.000000 17.000000 20.000000 0.000000 0.000000 42.018948
1 1.448065 4.000000 1.191135 0.026284 0.127133 0.029455 72.000000 5.000000 6.000000 111.000000 0.000000 0.000000 50.270072
1 1.493895 4.000000 1.073573 0.046133 0.221167 0.026417 66.000000 5.000000 23.000000 89.000000 0.000000 0.000000 66.161605
1 1.270548 4.000000 1.086187 0.016882 0.102962 0.014302 41.000000 5.000000 20.000000 106.000000 0.000000 0.000000 51.316160
1 1.358224 4.000000 1.195805 0.014794 0.084584 0.016141 41.000000 5.000000 4.000000 106.000000 0.000000 0.000000 46.210275
1 0.924090 4.000000 0.719774 0.019680 0.103300 0.023198 56.000000 5.000000 5.000000 142.000000 0.000000 0.000000 42.288270
1 1.507361 4.000000 0.723362 0.080569 0.422577 0.057562 134.000000 5.000000 96.000000 260.000000 0.000000 0.000000 66.786637
1 1.797868 4.000000 1.681669 0.010234 0.049688 0.026506 31.000000 5.000000 11.000000 14.000000 0.000000 0.000000 38.166203
1 2.798437 4.000000 2.544515 0.023399 0.132212 0.034675 39.000000 5.000000 7.000000 72.000000 0.000000 0.000000 41.510138
1 3.767579 4.000000 3.554004 0.018012 0.088782 0.050883 62.000000 5.000000 7.000000 46.000000 0.000000 0.000000 51.238989
1 1.812055 4.000000 1.470668 0.031981 0.175202 0.028688 59.000000 5.000000 15.000000 188.000000 0.000000 0.000000 47.133258
1 2.390894 4.000000 1.654724 0.073645 0.397808 0.052348 106.000000 5.000000 32.000000 207.000000 0.000000 0.000000 57.057895
1 1.504384 4.000000 1.445445 0.004489 0.024328 0.015435 38.000000 5.000000 0.000000 21.000000 0.000000 0.000000 43.696042
1 0.853671 4.000000 0.626563 0.025417 0.121683 0.017844 51.000000 5.000000 67.000000 98.000000 0.000000 0.000000 54.057493
1 1.603320 4.000000 1.440513 0.013988 0.080526 0.025658 68.000000 5.000000 5.000000 111.000000 0.000000 0.000000 48.740677
1 1.391704 4.000000 1.202369 0.020941 0.093310 0.022619 50.000000 5.000000 5.000000 52.000000 0.000000 0.000000 51.234551
1 1.325138 4.000000 1.234097 0.008224 0.041290 0.014748 34.000000 5.000000 2.000000 28.000000 0.000000 0.000000 46.483225
1 1.461172 4.000000 1.203920 0.026947 0.133068 0.029137 72.000000 5.000000 26.000000 98.000000 0.000000 0.000000 53.805885
1 2.175441 4.000000 1.817309 0.033268 0.154435 0.068132 185.000000 5.000000 30.000000 78.000000 0.000000 0.000000 97.106642
1 1.270006 4.000000 1.096570 0.015115 0.090684 0.018030 49.000000 5.000000 0.000000 122.000000 0.000000 0.000000 48.288336
1 1.933744 4.000000 1.619544 0.028419 0.150181 0.045846 88.000000 5.000000 15.000000 111.000000 0.000000 0.000000 73.204240
1 1.409069 4.000000 1.210264 0.020405 0.094835 0.027841 66.000000 5.000000 24.000000 82.000000 0.000000 0.000000 47.880270
1 1.897724 4.000000 1.412090 0.045393 0.260744 0.042177 53.000000 5.000000 51.000000 140.000000 0.000000 0.000000 38.815850
1 3.265954 4.000000 2.509646 0.070063 0.408638 0.066553 79.000000 5.000000 25.000000 195.000000 0.000000 0.000000 49.645364
1 2.695581 4.000000 2.148492 0.052278 0.296384 0.045359 64.000000 5.000000 16.000000 349.000000 0.000000 0.000000 41.405193
1 2.116170 4.000000 1.795055 0.031899 0.160386 0.035699 68.000000 5.000000 38.000000 110.000000 0.000000 0.000000 49.927656
1 1.047315 4.000000 0.752565 0.031304 0.155881 0.024093 62.000000 5.000000 51.000000 154.000000 0.000000 0.000000 43.455946
1 2.731618 4.000000 1.661969 0.111985 0.536731 0.060324 104.000000 5.000000 38.000000 196.000000 0.000000 0.000000 61.867893
1 3.600533 4.000000 3.432858 0.013898 0.071245 0.034204 71.000000 5.000000 6.000000 33.000000 0.000000 0.000000 55.827913
1 1.999160 4.000000 1.646804 0.029506 0.171003 0.063092 129.000000 5.000000 63.000000 143.000000 0.000000 0.000000 44.751896
1 1.962565 4.000000 1.218636 0.080349 0.376947 0.061774 156.000000 5.000000 19.000000 249.000000 0.000000 0.000000 63.535640
1 1.370937 4.000000 1.076573 0.031257 0.149780 0.020637 56.000000 5.000000 36.000000 70.000000 0.000000 0.000000 42.721428
1 1.258618 4.000000 1.077511 0.017898 0.095385 0.016045 43.000000 5.000000 1.000000 229.000000 0.000000 0.000000 55.684869
1 0.910511 4.000000 0.634912 0.027360 0.151898 0.023462 65.000000 5.000000 34.000000 203.000000 0.000000 0.000000 55.111920
1 1.541748 4.000000 1.392327 0.012326 0.073793 0.018731 53.000000 5.000000 40.000000 60.000000 0.000000 0.000000 43.216277
1 1.491274 4.000000 1.026294 0.047538 0.238919 0.044059 120.000000 5.000000 105.000000 262.000000 0.000000 0.000000 54.686733
1 1.286300 4.000000 1.023123 0.024486 0.138998 0.023796 63.000000 5.000000 16.000000 221.000000 0.000000 0.000000 46.478913
1 1.257458 4.000000 1.077375 0.017327 0.090985 0.018807 52.000000 5.000000 9.000000 51.000000 0.000000 0.000000 39.633861
1 1.175293 4.000000 1.081111 0.009186 0.043609 0.015843 43.000000 5.000000 5.000000 28.000000 0.000000 0.000000 50.752313
1 1.034788 4.000000 0.642912 0.045696 0.208244 0.026597 72.000000 5.000000 35.000000 122.000000 0.000000 0.000000 54.794958
1 0.829895 4.000000 0.626952 0.019042 0.109301 0.021914 62.000000 5.000000 34.000000 144.000000 0.000000 0.000000 41.431945
1 1.378930 4.000000 1.038698 0.034536 0.179536 0.030061 81.000000 5.000000 61.000000 238.000000 0.000000 0.000000 44.910456
1 0.740320 4.000000 0.624041 0.012101 0.058043 0.016505 47.000000 5.000000 15.000000 40.000000 0.000000 0.000000 53.200523
1 1.789263 6.000000 1.064734 0.064662 0.345222 0.115557 185.000000 5.000000 31.000000 251.000000 0.000000 0.000000 70.795123
1 0.973087 6.000000 0.675627 0.029726 0.147292 0.037706 61.000000 5.000000 26.000000 70.000000 0.000000 0.000000 48.131463
1 5.119704 6.000000 1.456206 0.360227 1.946079 0.207050 224.000000 5.000000 81.000000 589.000000 0.000000 0.000000 54.896048
1 2.205162 6.000000 1.834658 0.032246 0.189956 0.063240 85.000000 5.000000 4.000000 95.000000 0.000000 0.000000 53.503854
1 3.126459 6.000000 0.734613 0.246093 1.274570 0.142341 211.000000 5.000000 200.000000 894.000000 0.000000 0.000000 64.318768
1 1.778140 6.000000 1.066511 0.058027 0.298185 0.190574 224.000000 5.000000 114.000000 176.000000 0.000000 0.000000 56.113147
1 0.923054 6.000000 0.660116 0.024347 0.137309 0.036743 60.000000 5.000000 8.000000 124.000000 0.000000 0.000000 52.055503
1 3.486241 6.000000 1.838431 0.153923 0.792617 0.222881 259.000000 5.000000 39.000000 429.000000 0.000000 0.000000 65.064909
1 3.404160 6.000000 1.657306 0.163217 0.935853 0.116326 182.000000 5.000000 10.000000 466.000000 0.000000 0.000000 47.402265
1 1.998376 6.000000 1.094477 0.083535 0.483780 0.080372 117.000000 5.000000 194.000000 305.000000 0.000000 0.000000 51.471856
1 2.022411 6.000000 1.188289 0.076060 0.433717 0.095855 125.000000 5.000000 30.000000 333.000000 0.000000 0.000000 59.782258
1 1.526766 6.000000 0.737306 0.083324 0.422755 0.061374 93.000000 5.000000 42.000000 301.000000 0.000000 0.000000 62.948963
1 3.426643 6.000000 1.812386 0.142922 0.788957 0.262811 169.000000 5.000000 81.000000 364.000000 0.000000 0.000000 56.026171
1 5.299273 6.000000 4.317066 0.069331 0.436464 0.231374 172.000000 5.000000 41.000000 206.000000 0.000000 0.000000 52.493462
1 2.041431 6.000000 1.667306 0.030021 0.183780 0.069726 86.000000 5.000000 8.000000 137.000000 0.000000 0.000000 46.796740
1 1.695392 6.000000 1.458898 0.017401 0.109083 0.049983 77.000000 5.000000 17.000000 77.000000 0.000000 0.000000 47.372720
1 1.361187 6.000000 1.073450 0.025178 0.140071 0.047240 76.000000 5.000000 8.000000 119.000000 0.000000 0.000000 53.277868
1 4.331632 6.000000 1.433475 0.320195 1.498704 0.218575 326.000000 5.000000 124.000000 956.000000 0.000000 0.000000 65.664843
1 6.347419 6.000000 1.096467 0.543546 2.886195 0.321850 394.000000 5.000000 156.000000 1349.000000 0.000000 0.000000 56.191933
1 1.889038 6.000000 1.429102 0.048031 0.233557 0.048117 69.000000 5.000000 25.000000 152.000000 0.000000 0.000000 48.153973
1 2.455738 6.000000 1.655102 0.070541 0.393973 0.099789 131.000000 5.000000 126.000000 380.000000 0.000000 0.000000 45.948608
1 5.075073 6.000000 2.252091 0.219826 1.287920 0.578748 648.000000 5.000000 207.000000 767.000000 0.000000 0.000000 53.430367
1 1.584235 6.000000 1.107781 0.047529 0.244406 0.066338 106.000000 5.000000 79.000000 147.000000 0.000000 0.000000 61.483047
1 2.358180 6.000000 1.042681 0.135510 0.692279 0.124093 203.000000 5.000000 75.000000 555.000000 0.000000 0.000000 44.190509
1 2.696047 6.000000 1.410475 0.121593 0.676762 0.115188 170.000000 5.000000 22.000000 687.000000 0.000000 0.000000 54.320529
1 2.634285 6.000000 1.465150 0.117550 0.567363 0.158326 244.000000 5.000000 29.000000 522.000000 0.000000 0.000000 69.159145
1 4.185094 6.000000 2.871736 0.120181 0.666881 0.177187 136.000000 5.000000 11.000000 310.000000 0.000000 0.000000 52.719118
1 2.890151 6.000000 1.902951 0.090211 0.485055 0.137718 150.000000 5.000000 54.000000 234.000000 0.000000 0.000000 51.963644
1 1.725612 6.000000 1.295207 0.046964 0.205593 0.068134 107.000000 5.000000 18.000000 116.000000 0.000000 0.000000 45.244095
1 2.154528 6.000000 1.451428 0.022666 0.124660 0.490341 436.000000 5.000000 76.000000 55.000000 0.000000 0.000000 51.220373
1 0.963736 6.000000 0.678370 0.024792 0.128408 0.060206 94.000000 5.000000 12.000000 145.000000 0.000000 0.000000 53.714280
1 2.977485 6.000000 1.641776 0.113331 0.649912 0.217941 245.000000 5.000000 173.000000 515.000000 0.000000 0.000000 47.540321
1 3.462770 6.000000 1.435146 0.205461 1.060994 0.193311 130.000000 5.000000 4.000000 315.000000 0.000000 0.000000 53.884390
1 3.443618 6.000000 2.347530 0.109662 0.593684 0.102444 84.000000 5.000000 144.000000 236.000000 0.000000 0.000000 43.998289
1 1.975028 6.000000 1.300074 0.062991 0.350887 0.092679 75.000000 5.000000 50.000000 124.000000 0.000000 0.000000 38.000479
1 2.264496 6.000000 1.323766 0.100624 0.494121 0.084995 121.000000 5.000000 92.000000 434.000000 0.000000 0.000000 53.115108
1 2.972736 6.000000 1.661156 0.131730 0.617000 0.165296 241.000000 5.000000 21.000000 227.000000 0.000000 0.000000 64.108224
1 2.013954 6.000000 1.450727 0.049015 0.266691 0.096747 152.000000 5.000000 23.000000 287.000000 0.000000 0.000000 57.040830
1 1.398451 6.000000 0.651846 0.077213 0.388422 0.063382 95.000000 5.000000 42.000000 388.000000 0.000000 0.000000 55.668572
1 2.015812 6.000000 1.669671 0.024449 0.155492 0.085791 112.000000 5.000000 36.000000 111.000000 0.000000 0.000000 45.962499
1 3.954274 6.000000 2.807643 0.092841 0.535022 0.212161 128.000000 5.000000 44.000000 150.000000 0.000000 0.000000 49.305540
1 5.269606 6.000000 3.105072 0.186628 0.984955 0.393372 281.000000 5.000000 105.000000 242.000000 0.000000 0.000000 80.130961
1 2.628293 6.000000 1.457084 0.112981 0.643482 0.111857 131.000000 5.000000 116.000000 354.000000 0.000000 0.000000 59.997964
1 2.269950 6.000000 1.953235 0.026796 0.146445 0.063631 76.000000 5.000000 13.000000 82.000000 0.000000 0.000000 50.005172
1 3.625942 6.000000 1.404916 0.220829 1.120577 0.237746 282.000000 5.000000 28.000000 890.000000 0.000000 0.000000 53.095008
1 3.773287 6.000000 2.303096 0.107814 0.625321 0.372979 341.000000 5.000000 58.000000 428.000000 0.000000 0.000000 72.263243
1 1.873578 6.000000 1.427847 0.037247 0.222803 0.075527 102.000000 5.000000 30.000000 136.000000 0.000000 0.000000 47.839083
1 4.012579 6.000000 0.636943 0.363092 1.828181 0.172777 282.000000 5.000000 477.000000 1225.000000 0.000000 0.000000 55.707665
0 76.161343 6.000000 1.026306 0.906488 2.318806 0.053353 88.000000 5.000000 25.000000 74739.000000 0.000000 0.000000 -1.000000
1 4.249564 6.000000 1.080041 0.344249 1.610930 0.290386 294.000000 5.000000 219.000000 809.000000 0.000000 0.000000 62.842505
0 77.488584 6.000000 2.423871 0.996787 2.846502 0.152208 185.000000 5.000000 108.000000 59236.000000 0.000000 0.000000 -1.000000
1 1.789612 6.000000 1.108119 0.064810 0.328217 0.104045 162.000000 5.000000 76.000000 265.000000 0.000000 0.000000 57.006404
1 1.230917 6.000000 1.097217 0.010704 0.060014 0.030663 47.000000 5.000000 3.000000 39.000000 0.000000 0.000000 45.419784
1 3.301107 6.000000 1.166998 0.211744 1.094474 0.258268 201.000000 5.000000 54.000000 334.000000 0.000000 0.000000 50.190446
1 2.596064 6.000000 2.034724 0.049282 0.288076 0.078836 101.000000 5.000000 17.000000 234.000000 0.000000 0.000000 52.585319
1 7.123852 6.000000 2.048554 0.459374 2.474118 0.711229 598.000000 5.000000 255.000000 796.000000 0.000000 0.000000 72.195532
1 3.097705 6.000000 1.905749 0.103143 0.565431 0.193776 218.000000 5.000000 135.000000 258.000000 0.000000 0.000000 47.379220
1 3.550262 8.000000 1.461438 0.200664 1.140708 0.203414 192.000000 5.000000 71.000000 675.000000 0.000000 0.000000 47.464524
1 5.935878 8.000000 1.892209 0.344538 1.909169 0.715177 585.000000 5.000000 338.000000 743.000000 0.000000 0.000000 62.191672
1 2.784640 8.000000 1.536344 0.097754 0.556107 0.274374 277.000000 5.000000 36.000000 438.000000 0.000000 0.000000 56.760596
1 4.820237 8.000000 1.198979 0.314682 1.917921 0.471769 464.000000 5.000000 119.000000 2145.000000 0.000000 0.000000 57.234138
1 3.191043 8.000000 1.891992 0.111413 0.623019 0.238787 233.000000 5.000000 38.000000 501.000000 0.000000 0.000000 56.766773
1 2.548430 8.000000 1.641983 0.082556 0.436153 0.144095 141.000000 5.000000 44.000000 149.000000 0.000000 0.000000 55.492754
1 3.173190 8.000000 0.811624 0.202315 1.194791 0.332452 367.000000 5.000000 62.000000 904.000000 0.000000 0.000000 73.063231
1 2.533194 8.000000 1.150808 0.113769 0.733196 0.191619 228.000000 5.000000 56.000000 682.000000 0.000000 0.000000 62.667926
1 3.633140 8.000000 1.526772 0.175352 1.096056 0.300062 303.000000 5.000000 93.000000 905.000000 0.000000 0.000000 50.367367
1 2.388170 8.000000 1.558831 0.068231 0.397008 0.154469 183.000000 5.000000 67.000000 261.000000 0.000000 0.000000 53.946289
1 3.080485 8.000000 1.123125 0.164350 0.949934 0.349682 378.000000 5.000000 138.000000 639.000000 0.000000 0.000000 75.272106
0 78.232485 8.000000 3.120218 1.003156 3.781705 0.454806 427.000000 5.000000 0.000000 43500.000000 0.000000 0.000000 -1.000000
1 32.810924 8.000000 1.138413 3.235929 16.769514 2.055304 1388.000000 5.000000 451.000000 5838.000000 0.000000 0.000000 83.031673
1 3.608059 8.000000 2.199743 0.120333 0.663011 0.270597 162.000000 5.000000 51.000000 327.000000 0.000000 0.000000 45.946653
1 3.516759 8.000000 2.320906 0.112963 0.639246 0.136101 156.000000 5.000000 100.000000 445.000000 0.000000 0.000000 46.991937
1 11.546422 8.000000 1.093732 1.053000 5.552092 0.803197 1057.000000 5.000000 1276.000000 3684.000000 0.000000 0.000000 63.227721
1 3.316125 8.000000 1.758418 0.105157 0.620161 0.461713 454.000000 5.000000 91.000000 474.000000 0.000000 0.000000 71.118601
1 2.418407 8.000000 0.684695 0.163734 0.931312 0.167838 244.000000 5.000000 41.000000 886.000000 0.000000 0.000000 53.647499
1 2.573074 8.000000 1.098298 0.125055 0.721007 0.254118 290.000000 5.000000 45.000000 569.000000 0.000000 0.000000 55.548482
1 4.416033 8.000000 1.063379 0.303273 1.779654 0.298566 381.000000 5.000000 238.000000 1647.000000 0.000000 0.000000 44.079384
1 3.307617 8.000000 1.088374 0.196471 1.083457 0.331510 389.000000 5.000000 171.000000 964.000000 0.000000 0.000000 69.923483
1 7.005120 8.000000 1.936271 0.350776 2.324650 1.108255 949.000000 5.000000 164.000000 2491.000000 0.000000 0.000000 48.730853
1 6.976547 8.000000 2.894404 0.328404 1.963738 0.804924 420.000000 5.000000 135.000000 904.000000 0.000000 0.000000 61.326571
1 9.638682 8.000000 2.252192 0.632207 3.963414 0.772276 464.000000 5.000000 159.000000 1770.000000 0.000000 0.000000 51.225892
0 77.211096 8.000000 2.209169 14.888560 17.825583 0.535241 331.000000 5.000000 163.000000 1103259.000000 0.000000 0.000000 -1.000000
1 2.622117 8.000000 1.533350 0.091507 0.515069 0.219315 240.000000 5.000000 124.000000 341.000000 0.000000 0.000000 53.545753
1 2.985568 8.000000 1.296621 0.147647 0.840541 0.250101 229.000000 5.000000 217.000000 579.000000 0.000000 0.000000 50.870412
1 2.228110 8.000000 1.201416 0.098939 0.525244 0.109768 134.000000 5.000000 9.000000 373.000000 0.000000 0.000000 47.127990
1 4.056236 8.000000 2.015471 0.153509 0.913359 0.468604 409.000000 5.000000 59.000000 718.000000 0.000000 0.000000 64.641713
1 3.302170 8.000000 1.111982 0.193292 1.043309 0.389807 204.000000 5.000000 64.000000 416.000000 0.000000 0.000000 60.092681
1 8.692147 8.000000 2.448439 0.570683 3.278534 0.634835 457.000000 5.000000 225.000000 1419.000000 0.000000 0.000000 53.828386
0 75.794757 8.000000 0.793430 14.044164 29.151423 0.142654 175.000000 5.000000 61.000000 1193613.000000 0.000000 0.000000 -1.000000
1 10.414610 8.000000 1.451046 0.874307 4.867507 0.726143 697.000000 5.000000 684.000000 2884.000000 0.000000 0.000000 61.669383
1 4.848004 8.000000 1.689525 0.273646 1.693581 0.403848 443.000000 5.000000 7.000000 948.000000 0.000000 0.000000 55.520828
1 2.237247 8.000000 1.145552 0.108963 0.556047 0.143823 162.000000 5.000000 126.000000 481.000000 0.000000 0.000000 41.338329
1 4.710593 8.000000 1.289008 0.292355 1.748991 0.472684 486.000000 5.000000 222.000000 1425.000000 0.000000 0.000000 84.697420
1 2.420683 8.000000 1.147889 0.102946 0.651466 0.194730 238.000000 5.000000 174.000000 532.000000 0.000000 0.000000 47.113397
1 4.067905 8.000000 1.712732 0.193374 1.103926 0.447760 405.000000 5.000000 158.000000 994.000000 0.000000 0.000000 63.732626
1 4.575333 8.000000 2.092656 0.187487 1.104672 0.557584 539.000000 5.000000 65.000000 600.000000 0.000000 0.000000 72.236313
1 18.424500 8.000000 2.408596 1.166182 7.430370 2.890295 1694.000000 5.000000 381.000000 2826.000000 0.000000 0.000000 73.729404
1 4.397366 8.000000 3.105515 0.089657 0.545036 0.353200 370.000000 5.000000 58.000000 403.000000 0.000000 0.000000 72.911348
1 9.280994 8.000000 1.488482 0.722701 3.742412 1.209075 919.000000 5.000000 434.000000 2393.000000 0.000000 0.000000 67.607442
1 5.941906 8.000000 2.099331 0.273852 1.812302 0.794819 544.000000 5.000000 60.000000 858.000000 0.000000 0.000000 75.128457
1 3.720984 8.000000 1.929446 0.148016 0.851722 0.321094 304.000000 5.000000 264.000000 507.000000 0.000000 0.000000 52.935120
1 3.655660 8.000000 1.881807 0.139783 0.822718 0.369474 210.000000 5.000000 40.000000 318.000000 0.000000 0.000000 59.052521
1 8.856845 8.000000 2.465888 0.567065 3.355415 0.684021 749.000000 5.000000 341.000000 2083.000000 0.000000 0.000000 70.675531
1 7.705905 8.000000 1.604271 0.600347 3.142903 0.627376 597.000000 5.000000 136.000000 1623.000000 0.000000 0.000000 56.897483
1 9.031200 8.000000 1.255757 0.654952 4.030790 0.915660 917.000000 5.000000 371.000000 3111.000000 0.000000 0.000000 64.094013
1 15.017159 8.000000 1.698317 1.132969 6.972821 1.341989 1559.000000 5.000000 635.000000 6706.000000 0.000000 0.000000 58.973013
1 3.486255 8.000000 1.436648 0.184990 1.032736 0.236447 284.000000 5.000000 40.000000 825.000000 0.000000 0.000000 49.480128
1 3.702955 8.000000 1.122988 0.223962 1.281856 0.381774 402.000000 5.000000 97.000000 1239.000000 0.000000 0.000000 56.385994
1 12.501297 8.000000 1.110573 1.116734 5.992845 0.924707 697.000000 5.000000 478.000000 2981.000000 0.000000 0.000000 63.569120
1 2.618303 8.000000 1.229693 0.117299 0.710386 0.193237 182.000000 5.000000 42.000000 495.000000 0.000000 0.000000 57.311564
1 8.631519 8.000000 2.356473 0.459795 2.672957 1.653756 1007.000000 5.000000 195.000000 1688.000000 0.000000 0.000000 65.675267
1 11.205104 10.000000 2.537865 0.626596 3.649434 2.290711 1244.000000 5.000000 121.000000 1689.000000 0.000000 0.000000 54.588751
0 76.661738 10.000000 1.558480 2.250359 7.585619 0.676105 599.000000 5.000000 233.000000 77337.000000 0.000000 0.000000 -1.000000
1 6.840889 10.000000 2.157321 0.368368 2.185094 0.958716 728.000000 5.000000 137.000000 1973.000000 0.000000 0.000000 61.528257
0 76.853088 10.000000 1.844582 3.534725 12.156189 0.800619 668.000000 5.000000 179.000000 176237.000000 0.000000 0.000000 -1.000000
1 16.206577 10.000000 8.944116 0.495651 3.105402 1.800781 974.000000 5.000000 82.000000 2062.000000 0.000000 0.000000 59.657461
1 7.628109 10.000000 1.648479 0.519239 2.911177 0.964370 712.000000 5.000000 93.000000 2098.000000 0.000000 0.000000 67.125536
1 2.123017 10.000000 1.616571 0.036028 0.196986 0.152059 138.000000 5.000000 64.000000 152.000000 0.000000 0.000000 48.360801
1 10.371973 10.000000 1.404959 0.912447 4.939152 0.504556 322.000000 5.000000 367.000000 1396.000000 0.000000 0.000000 43.897371
1 17.371842 10.000000 2.693013 1.260808 7.235321 1.820939 1188.000000 5.000000 624.000000 3450.000000 0.000000 0.000000 48.004945
1 3.654698 10.000000 1.563312 0.181057 0.969163 0.367680 332.000000 5.000000 61.000000 1407.000000 0.000000 0.000000 62.453188
1 12.452358 10.000000 1.952008 0.844759 4.895068 2.109913 1143.000000 5.000000 63.000000 3148.000000 0.000000 0.000000 55.834122
1 13.073428 10.000000 2.231821 1.082029 5.809321 0.979356 645.000000 5.000000 711.000000 2711.000000 0.000000 0.000000 55.587273
1 8.498571 10.000000 1.505808 0.652130 3.579188 0.707353 623.000000 5.000000 258.000000 1800.000000 0.000000 0.000000 64.974098
1 10.702065 10.000000 3.002356 0.629183 3.690714 1.250216 833.000000 5.000000 680.000000 1832.000000 0.000000 0.000000 74.606362
1 3.413251 10.000000 1.200322 0.210112 1.099973 0.307968 282.000000 5.000000 67.000000 563.000000 0.000000 0.000000 51.259645
1 2.385861 10.000000 1.605567 0.055185 0.352409 0.195306 165.000000 5.000000 106.000000 301.000000 0.000000 0.000000 44.017149
1 25.314868 10.000000 1.236723 2.349065 12.955244 2.128063 1424.000000 5.000000 556.000000 5271.000000 0.000000 0.000000 69.993654
1 8.850296 10.000000 3.845534 0.352793 2.073207 1.391694 521.000000 5.000000 71.000000 622.000000 0.000000 0.000000 65.606420
1 6.872026 10.000000 1.368061 0.497932 2.725008 0.711757 612.000000 5.000000 275.000000 1731.000000 0.000000 0.000000 41.573431
1 4.898123 10.000000 2.087732 0.188339 1.115813 0.881674 468.000000 5.000000 75.000000 647.000000 0.000000 0.000000 60.581838
1 4.716723 10.000000 1.228155 0.284709 1.736816 0.527591 498.000000 5.000000 102.000000 1324.000000 0.000000 0.000000 50.746460
1 4.678777 10.000000 1.188518 0.346693 1.849021 0.321173 333.000000 5.000000 95.000000 1036.000000 0.000000 0.000000 51.622706
1 20.046435 10.000000 1.232800 1.837508 10.169800 1.520179 760.000000 5.000000 476.000000 3107.000000 0.000000 0.000000 44.657513
1 4.099272 10.000000 2.064251 0.154201 0.869602 0.501860 329.000000 5.000000 66.000000 477.000000 0.000000 0.000000 45.401080
1 7.361502 10.000000 1.585555 0.533506 2.995887 0.667548 456.000000 5.000000 147.000000 1857.000000 0.000000 0.000000 51.900231
1 13.773663 10.000000 4.335553 0.454695 2.863981 4.470366 1462.000000 5.000000 211.000000 1097.000000 0.000000 0.000000 94.772520
1 13.737060 10.000000 1.596074 0.999919 5.818718 1.911565 1322.000000 5.000000 689.000000 3397.000000 0.000000 0.000000 71.307679
1 2.186349 10.000000 1.600398 0.045994 0.257356 0.136874 105.000000 5.000000 16.000000 208.000000 0.000000 0.000000 37.182362
1 3.103902 10.000000 1.161093 0.165319 0.985533 0.292986 266.000000 5.000000 176.000000 593.000000 0.000000 0.000000 53.535079
1 3.011298 10.000000 1.188951 0.183602 0.929451 0.210776 208.000000 5.000000 146.000000 706.000000 0.000000 0.000000 49.660670
1 3.176611 10.000000 1.543060 0.130928 0.799972 0.256757 233.000000 5.000000 52.000000 556.000000 0.000000 0.000000 42.302877
1 5.166688 10.000000 1.550563 0.289159 1.921817 0.375711 334.000000 5.000000 86.000000 1391.000000 0.000000 0.000000 47.851075
0 76.354112 10.000000 1.169706 6.949083 37.198284 7.261282 4426.000000 5.000000 1565.000000 24265.000000 0.000000 0.000000 -1.000000
1 3.270195 10.000000 1.203689 0.190272 1.042345 0.285055 242.000000 5.000000 108.000000 556.000000 0.000000 0.000000 58.945645
1 3.395269 10.000000 1.525367 0.137132 0.876053 0.381830 332.000000 5.000000 44.000000 809.000000 0.000000 0.000000 45.955235
1 4.269831 10.000000 1.837500 0.161578 0.957302 0.738007 600.000000 5.000000 57.000000 612.000000 0.000000 0.000000 60.206578
1 2.365196 10.000000 1.549664 0.062982 0.348609 0.186104 157.000000 5.000000 39.000000 172.000000 0.000000 0.000000 59.428396
1 2.804804 10.000000 1.514467 0.110946 0.609750 0.232694 227.000000 5.000000 7.000000 375.000000 0.000000 0.000000 56.075665
1 16.066650 10.000000 1.556266 1.229035 6.865638 2.379030 1397.000000 5.000000 360.000000 3103.000000 0.000000 0.000000 84.310966
1 13.618518 10.000000 3.155411 0.828087 4.893242 2.071816 895.000000 5.000000 113.000000 2377.000000 0.000000 0.000000 72.775438
1 13.540652 10.000000 6.584799 0.395644 2.429210 2.590426 1221.000000 5.000000 211.000000 1498.000000 0.000000 0.000000 67.403543
1 14.333318 10.000000 2.078301 0.846347 4.721022 3.995772 2040.000000 5.000000 235.000000 2999.000000 0.000000 0.000000 85.231213
1 9.101765 10.000000 1.838507 0.570869 3.244195 1.573965 1122.000000 5.000000 61.000000 2379.000000 0.000000 0.000000 65.724297
1 3.754154 10.000000 1.180622 0.249744 1.350555 0.235651 226.000000 5.000000 53.000000 681.000000 0.000000 0.000000 41.628756
1 21.465078 10.000000 6.504177 1.210787 7.543576 2.388778 1381.000000 5.000000 118.000000 4225.000000 0.000000 0.000000 69.887134
1 4.112469 10.000000 1.853384 0.159799 0.944592 0.588471 450.000000 5.000000 121.000000 631.000000 0.000000 0.000000 48.793297
1 39.686160 10.000000 1.200606 3.366714 18.614941 4.667575 3947.000000 5.000000 3007.000000 12351.000000 0.000000 0.000000 67.573829
1 11.475593 10.000000 1.965224 0.745507 4.498463 1.904805 1478.000000 5.000000 259.000000 2533.000000 0.000000 0.000000 75.923387
1 6.859695 10.000000 2.128533 0.353529 1.898280 1.345716 808.000000 5.000000 69.000000 1111.000000 0.000000 0.000000 60.802617
1 17.108624 10.000000 1.255004 1.497013 8.695950 1.238488 900.000000 5.000000 356.000000 4459.000000 0.000000 0.000000 52.592430
1 3.899231 10.000000 1.171314 0.246138 1.393264 0.402947 380.000000 5.000000 101.000000 935.000000 0.000000 0.000000 49.972114
1 11.010057 10.000000 1.551132 0.853594 4.895990 0.888709 617.000000 5.000000 273.000000 2095.000000 0.000000 0.000000 59.043664
1 4.572518 10.000000 2.169587 0.179788 1.029561 0.607299 447.000000 5.000000 154.000000 743.000000 0.000000 0.000000 55.570654
1 73.854325 10.000000 1.949371 5.678850 34.928689 8.525397 5742.000000 5.000000 487.000000 27581.000000 0.000000 0.000000 73.978164
1 9.288389 10.000000 2.856727 0.599375 3.254164 0.873765 491.000000 5.000000 176.000000 1672.000000 0.000000 0.000000 49.150420
1 10.731182 10.000000 1.608354 0.856969 4.806032 0.955036 854.000000 5.000000 119.000000 3005.000000 0.000000 0.000000 68.029689
1 7.998041 10.000000 2.146373 0.531849 3.089327 0.722322 383.000000 5.000000 374.000000 1576.000000 0.000000 0.000000 42.728339
1 6.009028 10.000000 2.265411 0.243581 1.552631 1.034204 747.000000 5.000000 71.000000 1213.000000 0.000000 0.000000 73.680027
