1 0.697162 1.000000 0.691779 0.003127 0.000979 -1.000000 -1.000000 -1.000000 0.000000 8.000000 -1.000000 1.000000 20.976524
1 0.693736 1.000000 0.688427 0.003107 0.000988 -1.000000 -1.000000 -1.000000 0.000000 7.000000 -1.000000 1.000000 32.909732
1 0.707733 1.000000 0.699544 0.004954 0.001595 -1.000000 -1.000000 -1.000000 0.000000 29.000000 -1.000000 1.000000 13.593821
1 0.752178 1.000000 0.742760 0.005762 0.001724 -1.000000 -1.000000 -1.000000 0.000000 20.000000 -1.000000 1.000000 21.179950
1 1.196938 1.000000 1.191717 0.003136 0.000968 -1.000000 -1.000000 -1.000000 0.000000 2.000000 -1.000000 1.000000 15.637572
1 1.266230 1.000000 1.261145 0.003157 0.000913 -1.000000 -1.000000 -1.000000 0.000000 3.000000 -1.000000 1.000000 17.458889
1 1.264887 1.000000 1.262590 0.001381 0.000366 -1.000000 -1.000000 -1.000000 0.000000 0.000000 -1.000000 1.000000 12.924270
1 0.833165 1.000000 0.711588 0.066074 0.022289 -1.000000 -1.000000 -1.000000 0.000000 200.000000 -1.000000 1.000000 94.016363
1 0.757033 1.000000 0.743986 0.007912 0.002514 -1.000000 -1.000000 -1.000000 0.000000 16.000000 -1.000000 1.000000 34.297907
1 0.727662 1.000000 0.721360 0.003946 0.001067 -1.000000 -1.000000 -1.000000 0.000000 7.000000 -1.000000 1.000000 12.219072
1 0.706917 1.000000 0.699037 0.004717 0.001496 -1.000000 -1.000000 -1.000000 0.000000 23.000000 -1.000000 1.000000 17.810855
1 0.708972 1.000000 0.706927 0.001232 0.000343 -1.000000 -1.000000 -1.000000 0.000000 0.000000 -1.000000 1.000000 15.559139
1 1.232906 1.000000 1.227798 0.002960 0.000932 -1.000000 -1.000000 -1.000000 0.000000 0.000000 -1.000000 1.000000 15.391988
1 1.258155 1.000000 1.236466 0.013027 0.003988 -1.000000 -1.000000 -1.000000 0.000000 19.000000 -1.000000 1.000000 19.101023
1 1.295067 1.000000 1.285198 0.005737 0.002060 -1.000000 -1.000000 -1.000000 0.000000 7.000000 -1.000000 1.000000 27.417828
1 1.336108 1.000000 1.332792 0.001917 0.000565 -1.000000 -1.000000 -1.000000 0.000000 0.000000 -1.000000 1.000000 22.249135
1 0.713462 1.000000 0.709713 0.002395 0.000660 -1.000000 -1.000000 -1.000000 0.000000 11.000000 -1.000000 1.000000 11.550894
1 0.711740 1.000000 0.707969 0.002361 0.000647 -1.000000 -1.000000 -1.000000 0.000000 9.000000 -1.000000 1.000000 14.340756
1 1.207307 1.000000 1.204071 0.001944 0.000579 -1.000000 -1.000000 -1.000000 0.000000 5.000000 -1.000000 1.000000 12.870734
1 1.301310 1.000000 1.297443 0.002421 0.000623 -1.000000 -1.000000 -1.000000 0.000000 0.000000 -1.000000 1.000000 16.522316
1 1.262567 1.000000 1.252718 0.005753 0.001958 -1.000000 -1.000000 -1.000000 0.000000 8.000000 -1.000000 1.000000 22.763731
1 2.280784 1.000000 2.274838 0.003558 0.001013 -1.000000 -1.000000 -1.000000 0.000000 13.000000 -1.000000 1.000000 11.550556
1 0.717680 1.000000 0.708408 0.005674 0.001845 -1.000000 -1.000000 -1.000000 0.000000 47.000000 -1.000000 1.000000 14.786948
1 0.732254 1.000000 0.728251 0.002363 0.000712 -1.000000 -1.000000 -1.000000 0.000000 6.000000 -1.000000 1.000000 15.782389
1 0.764093 1.000000 0.759474 0.002739 0.000844 -1.000000 -1.000000 -1.000000 0.000000 9.000000 -1.000000 1.000000 31.557537
1 2.339025 1.000000 2.333840 0.003288 0.000762 -1.000000 -1.000000 -1.000000 0.000000 0.000000 -1.000000 1.000000 12.080393
1 1.260213 1.000000 1.256126 0.002429 0.000720 -1.000000 -1.000000 -1.000000 0.000000 0.000000 -1.000000 1.000000 18.162737
1 1.702894 1.000000 1.691721 0.006651 0.002208 -1.000000 -1.000000 -1.000000 0.000000 15.000000 -1.000000 1.000000 16.060170
1 0.739635 1.000000 0.736266 0.002065 0.000628 -1.000000 -1.000000 -1.000000 0.000000 7.000000 -1.000000 1.000000 14.169912
1 0.704197 1.000000 0.701844 0.001424 0.000363 -1.000000 -1.000000 -1.000000 0.000000 0.000000 -1.000000 1.000000 11.309339
1 0.720393 1.000000 0.714432 0.003537 0.001121 -1.000000 -1.000000 -1.000000 0.000000 15.000000 -1.000000 1.000000 16.125115
1 2.212027 1.000000 2.198406 0.007773 0.002498 -1.000000 -1.000000 -1.000000 0.000000 14.000000 -1.000000 1.000000 12.649791
1 2.202442 1.000000 2.198815 0.002193 0.000567 -1.000000 -1.000000 -1.000000 0.000000 0.000000 -1.000000 1.000000 12.112076
1 1.020488 1.000000 1.016539 0.002259 0.000736 -1.000000 -1.000000 -1.000000 0.000000 2.000000 -1.000000 1.000000 31.611561
1 0.730356 1.000000 0.728328 0.001193 0.000328 -1.000000 -1.000000 -1.000000 0.000000 0.000000 -1.000000 1.000000 15.491045
1 0.723246 1.000000 0.707536 0.008598 0.003195 -1.000000 -1.000000 -1.000000 0.000000 19.000000 -1.000000 1.000000 13.775750
1 0.750707 1.000000 0.734243 0.009688 0.003093 -1.000000 -1.000000 -1.000000 0.000000 20.000000 -1.000000 1.000000 32.577198
1 0.722542 1.000000 0.718647 0.002392 0.000626 -1.000000 -1.000000 -1.000000 0.000000 4.000000 -1.000000 1.000000 17.526800
1 0.905456 1.000000 0.900221 0.003315 0.000890 -1.000000 -1.000000 -1.000000 0.000000 2.000000 -1.000000 1.000000 14.303300
1 1.209262 1.000000 1.200302 0.005410 0.001614 -1.000000 -1.000000 -1.000000 0.000000 7.000000 -1.000000 1.000000 16.007945
1 1.308252 1.000000 1.290199 0.010903 0.003425 -1.000000 -1.000000 -1.000000 0.000000 31.000000 -1.000000 1.000000 19.510055
1 1.089725 1.000000 1.083908 0.003402 0.001066 -1.000000 -1.000000 -1.000000 0.000000 6.000000 -1.000000 1.000000 13.843411
1 0.826194 1.000000 0.724238 0.055827 0.018890 -1.000000 -1.000000 -1.000000 0.000000 167.000000 -1.000000 1.000000 15.763811
1 0.724562 1.000000 0.719998 0.002690 0.000837 -1.000000 -1.000000 -1.000000 0.000000 13.000000 -1.000000 1.000000 13.532101
1 0.734590 1.000000 0.727973 0.004023 0.001334 -1.000000 -1.000000 -1.000000 0.000000 10.000000 -1.000000 1.000000 20.716903
1 1.966517 1.000000 1.958451 0.004824 0.001409 -1.000000 -1.000000 -1.000000 0.000000 15.000000 -1.000000 1.000000 19.642643
1 0.656100 1.000000 0.652323 0.002314 0.000822 -1.000000 -1.000000 -1.000000 0.000000 6.000000 -1.000000 1.000000 15.412450
1 0.685840 1.000000 0.679908 0.003714 0.001028 -1.000000 -1.000000 -1.000000 0.000000 16.000000 -1.000000 1.000000 16.182212
1 0.688713 1.000000 0.675220 0.008268 0.002542 -1.000000 -1.000000 -1.000000 0.000000 33.000000 -1.000000 1.000000 20.778487
1 0.671606 1.000000 0.665613 0.003717 0.001113 -1.000000 -1.000000 -1.000000 0.000000 25.000000 -1.000000 1.000000 21.075737
1 0.695727 1.000000 0.690559 0.003098 0.000995 -1.000000 -1.000000 -1.000000 0.000000 9.000000 -1.000000 1.000000 27.567242
1 0.719412 1.000000 0.713113 0.003704 0.001211 -1.000000 -1.000000 -1.000000 0.000000 12.000000 -1.000000 1.000000 15.587828
1 0.725495 1.000000 0.720655 0.002947 0.000972 -1.000000 -1.000000 -1.000000 0.000000 14.000000 -1.000000 1.000000 13.952977
1 0.743876 1.000000 0.731064 0.007403 0.002393 -1.000000 -1.000000 -1.000000 0.000000 22.000000 -1.000000 1.000000 15.825575
1 2.982949 1.000000 2.972454 0.006080 0.002171 -1.000000 -1.000000 -1.000000 0.000000 6.000000 -1.000000 1.000000 12.268051
1 1.501512 1.000000 1.492968 0.005133 0.001525 -1.000000 -1.000000 -1.000000 0.000000 6.000000 -1.000000 1.000000 14.107458
1 1.392404 1.000000 1.386414 0.003510 0.001049 -1.000000 -1.000000 -1.000000 0.000000 5.000000 -1.000000 1.000000 14.218981
1 1.273986 1.000000 1.265682 0.004989 0.001572 -1.000000 -1.000000 -1.000000 0.000000 9.000000 -1.000000 1.000000 18.044785
1 1.278886 1.000000 1.275640 0.002086 0.000519 -1.000000 -1.000000 -1.000000 0.000000 8.000000 -1.000000 1.000000 14.053789
1 1.090685 1.000000 1.085087 0.003493 0.001084 -1.000000 -1.000000 -1.000000 0.000000 48.000000 -1.000000 1.000000 17.157128
1 0.961246 2.000000 0.701217 0.142045 0.051619 -1.000000 -1.000000 -1.000000 214.000000 429.000000 -1.000000 1.000000 70.365115
0 45.820937 2.000000 0.723788 18.712653 5.872144 -1.000000 -1.000000 -1.000000 933.000000 26259.000000 -1.000000 1.000000 -1.000000
1 1.628621 2.000000 1.550467 0.043320 0.015743 -1.000000 -1.000000 -1.000000 23.000000 108.000000 -1.000000 1.000000 53.285324
1 1.349138 2.000000 1.190730 0.087898 0.031250 -1.000000 -1.000000 -1.000000 91.000000 274.000000 -1.000000 1.000000 61.821511
0 46.359318 2.000000 1.221852 18.804713 5.753116 -1.000000 -1.000000 -1.000000 988.000000 30062.000000 -1.000000 1.000000 -1.000000
0 47.259332 2.000000 2.143171 16.533855 5.613649 -1.000000 -1.000000 -1.000000 3694.000000 29268.000000 -1.000000 1.000000 -1.000000
0 45.764174 2.000000 0.641534 19.097925 6.266590 -1.000000 -1.000000 -1.000000 2328.000000 28685.000000 -1.000000 1.000000 -1.000000
0 46.288152 2.000000 1.270102 19.120187 6.442320 -1.000000 -1.000000 -1.000000 1579.000000 28934.000000 -1.000000 1.000000 -1.000000
0 46.549223 2.000000 1.530173 20.002494 5.859193 -1.000000 -1.000000 -1.000000 702.000000 29360.000000 -1.000000 1.000000 -1.000000
1 1.017704 2.000000 0.745780 0.154239 0.050567 -1.000000 -1.000000 -1.000000 48.000000 144.000000 -1.000000 1.000000 48.471720
0 46.568680 2.000000 1.512925 18.555682 6.176882 -1.000000 -1.000000 -1.000000 795.000000 27309.000000 -1.000000 1.000000 -1.000000
0 47.475682 2.000000 2.400311 20.262809 6.492856 -1.000000 -1.000000 -1.000000 554.000000 26222.000000 -1.000000 1.000000 -1.000000
0 46.309588 2.000000 1.246519 18.948406 6.352765 -1.000000 -1.000000 -1.000000 1117.000000 28750.000000 -1.000000 1.000000 -1.000000
1 1.938154 2.000000 1.824365 0.059813 0.019424 -1.000000 -1.000000 -1.000000 61.000000 86.000000 -1.000000 1.000000 58.822744
1 2.307860 2.000000 2.216106 0.048723 0.016264 -1.000000 -1.000000 -1.000000 2.000000 133.000000 -1.000000 1.000000 48.094710
1 1.591644 2.000000 1.542004 0.027561 0.009293 -1.000000 -1.000000 -1.000000 0.000000 89.000000 -1.000000 1.000000 47.837083
1 1.711448 2.000000 1.625940 0.046078 0.015339 -1.000000 -1.000000 -1.000000 25.000000 98.000000 -1.000000 1.000000 52.720940
0 45.818080 2.000000 0.690000 18.360920 6.186158 -1.000000 -1.000000 -1.000000 965.000000 30313.000000 -1.000000 1.000000 -1.000000
1 1.814887 2.000000 1.300266 0.282103 0.100306 -1.000000 -1.000000 -1.000000 155.000000 252.000000 -1.000000 1.000000 74.224542
1 2.300209 2.000000 2.071132 0.127794 0.043129 -1.000000 -1.000000 -1.000000 73.000000 104.000000 -1.000000 1.000000 46.044231
1 1.713363 2.000000 1.643203 0.038679 0.014456 -1.000000 -1.000000 -1.000000 28.000000 82.000000 -1.000000 1.000000 64.878856
0 46.732436 2.000000 1.694836 20.328268 6.350121 -1.000000 -1.000000 -1.000000 819.000000 28152.000000 -1.000000 1.000000 -1.000000
0 45.740737 2.000000 0.648291 18.249135 5.783680 -1.000000 -1.000000 -1.000000 1617.000000 30992.000000 -1.000000 1.000000 -1.000000
1 1.495642 2.000000 1.415071 0.045514 0.014662 -1.000000 -1.000000 -1.000000 5.000000 122.000000 -1.000000 1.000000 54.690189
1 0.932256 2.000000 0.846326 0.047009 0.017785 -1.000000 -1.000000 -1.000000 34.000000 41.000000 -1.000000 1.000000 60.366320
1 0.978359 2.000000 0.823460 0.087422 0.029095 -1.000000 -1.000000 -1.000000 47.000000 142.000000 -1.000000 1.000000 41.858928
1 1.292267 2.000000 0.821253 0.252926 0.091540 -1.000000 -1.000000 -1.000000 88.000000 439.000000 -1.000000 1.000000 80.294283
0 47.102792 2.000000 1.967997 19.537970 6.133792 -1.000000 -1.000000 -1.000000 494.000000 31184.000000 -1.000000 1.000000 -1.000000
0 45.877048 2.000000 0.734553 18.261783 5.889795 -1.000000 -1.000000 -1.000000 1343.000000 29735.000000 -1.000000 1.000000 -1.000000
1 1.398381 2.000000 1.276323 0.069408 0.022541 -1.000000 -1.000000 -1.000000 73.000000 126.000000 -1.000000 1.000000 54.222507
1 1.008070 2.000000 0.724099 0.157709 0.055566 -1.000000 -1.000000 -1.000000 163.000000 195.000000 -1.000000 1.000000 62.413572
1 1.091315 2.000000 0.723605 0.200223 0.072598 -1.000000 -1.000000 -1.000000 286.000000 502.000000 -1.000000 1.000000 58.095022
1 1.100200 2.000000 0.956844 0.082289 0.026970 -1.000000 -1.000000 -1.000000 24.000000 131.000000 -1.000000 1.000000 78.550095
1 2.039211 2.000000 1.307878 0.400226 0.133423 -1.000000 -1.000000 -1.000000 152.000000 478.000000 -1.000000 1.000000 63.021274
0 46.354522 2.000000 1.218428 17.963491 5.344202 -1.000000 -1.000000 -1.000000 426.000000 29007.000000 -1.000000 1.000000 -1.000000
1 0.757149 2.000000 0.677678 0.046768 0.015166 -1.000000 -1.000000 -1.000000 3.000000 167.000000 -1.000000 1.000000 54.676073
0 46.253203 2.000000 1.166423 18.779203 5.708912 -1.000000 -1.000000 -1.000000 1110.000000 30271.000000 -1.000000 1.000000 -1.000000
0 46.172869 2.000000 1.155679 18.723519 5.758191 -1.000000 -1.000000 -1.000000 1972.000000 30894.000000 -1.000000 1.000000 -1.000000
1 1.835347 2.000000 1.436338 0.227635 0.073165 -1.000000 -1.000000 -1.000000 1.000000 637.000000 -1.000000 1.000000 91.519909
0 46.440063 2.000000 1.309023 16.105569 4.576972 -1.000000 -1.000000 -1.000000 970.000000 28971.000000 -1.000000 1.000000 -1.000000
0 45.729479 2.000000 0.636855 18.175741 5.981873 -1.000000 -1.000000 -1.000000 2219.000000 27784.000000 -1.000000 1.000000 -1.000000
1 0.947041 2.000000 0.627412 0.174961 0.061409 -1.000000 -1.000000 -1.000000 187.000000 346.000000 -1.000000 1.000000 68.625350
0 45.795811 2.000000 0.671828 19.077890 6.400436 -1.000000 -1.000000 -1.000000 898.000000 29017.000000 -1.000000 1.000000 -1.000000
0 46.140102 2.000000 1.093761 18.952711 5.885014 -1.000000 -1.000000 -1.000000 1803.000000 29089.000000 -1.000000 1.000000 -1.000000
1 0.986117 2.000000 0.825200 0.090974 0.031744 -1.000000 -1.000000 -1.000000 102.000000 87.000000 -1.000000 1.000000 74.229561
0 46.553797 2.000000 1.405485 19.246351 6.016758 -1.000000 -1.000000 -1.000000 1253.000000 30210.000000 -1.000000 1.000000 -1.000000
0 45.977905 2.000000 0.850921 17.624003 5.311066 -1.000000 -1.000000 -1.000000 1069.000000 28604.000000 -1.000000 1.000000 -1.000000
1 1.133812 2.000000 0.635851 0.267017 0.094606 -1.000000 -1.000000 -1.000000 230.000000 377.000000 -1.000000 1.000000 87.068075
0 45.788820 2.000000 0.674726 18.640054 6.421181 -1.000000 -1.000000 -1.000000 1725.000000 30456.000000 -1.000000 1.000000 -1.000000
1 2.120412 2.000000 0.787870 0.696968 0.233248 -1.000000 -1.000000 -1.000000 221.000000 1412.000000 -1.000000 1.000000 117.879123
0 45.796696 2.000000 0.647751 17.562737 5.142066 -1.000000 -1.000000 -1.000000 1856.000000 27546.000000 -1.000000 1.000000 -1.000000
0 45.953306 2.000000 0.938954 18.613959 6.075317 -1.000000 -1.000000 -1.000000 2187.000000 29249.000000 -1.000000 1.000000 -1.000000
1 1.641946 2.000000 1.511149 0.073936 0.023780 -1.000000 -1.000000 -1.000000 18.000000 150.000000 -1.000000 1.000000 65.241733
0 45.761497 2.000000 0.707442 18.966058 6.046194 -1.000000 -1.000000 -1.000000 1237.000000 27759.000000 -1.000000 1.000000 -1.000000
1 1.258806 2.000000 0.824697 0.241798 0.081554 -1.000000 -1.000000 -1.000000 218.000000 328.000000 -1.000000 1.000000 86.096595
0 47.356391 2.000000 2.315647 20.820224 6.407084 -1.000000 -1.000000 -1.000000 1418.000000 29465.000000 -1.000000 1.000000 -1.000000
1 0.926377 2.000000 0.838516 0.049934 0.016954 -1.000000 -1.000000 -1.000000 8.000000 209.000000 -1.000000 1.000000 62.813780
1 1.149375 2.000000 0.822942 0.179002 0.063694 -1.000000 -1.000000 -1.000000 184.000000 205.000000 -1.000000 1.000000 86.513035
0 45.896663 2.000000 0.834189 18.355734 5.454625 -1.000000 -1.000000 -1.000000 816.000000 27632.000000 -1.000000 1.000000 -1.000000
1 0.924748 2.000000 0.652179 0.149009 0.049808 -1.000000 -1.000000 -1.000000 94.000000 271.000000 -1.000000 1.000000 62.875544
0 46.639996 4.000000 1.473313 19.893660 6.230397 -1.000000 -1.000000 -1.000000 1127.000000 32466.000000 -1.000000 1.000000 -1.000000
1 2.808720 4.000000 2.490814 0.175269 0.064765 -1.000000 -1.000000 -1.000000 91.000000 238.000000 -1.000000 1.000000 48.396084
0 47.969492 4.000000 2.918704 19.854851 6.409301 -1.000000 -1.000000 -1.000000 1284.000000 36339.000000 -1.000000 1.000000 -1.000000
0 47.296765 4.000000 2.182403 18.818848 5.975358 -1.000000 -1.000000 -1.000000 1059.000000 31271.000000 -1.000000 1.000000 -1.000000
0 46.577428 4.000000 1.530611 19.828468 6.250379 -1.000000 -1.000000 -1.000000 806.000000 29160.000000 -1.000000 1.000000 -1.000000
0 45.727916 4.000000 0.699891 18.156373 6.043792 -1.000000 -1.000000 -1.000000 2695.000000 29898.000000 -1.000000 1.000000 -1.000000
1 2.288138 4.000000 2.217145 0.038148 0.013846 -1.000000 -1.000000 -1.000000 2.000000 73.000000 -1.000000 1.000000 52.304499
0 45.818025 4.000000 0.697682 17.923506 5.812518 -1.000000 -1.000000 -1.000000 2377.000000 39351.000000 -1.000000 1.000000 -1.000000
0 45.884639 4.000000 0.742802 17.987802 6.011730 -1.000000 -1.000000 -1.000000 1398.000000 33345.000000 -1.000000 1.000000 -1.000000
0 47.188893 4.000000 2.166327 18.485658 6.477312 -1.000000 -1.000000 -1.000000 2988.000000 32907.000000 -1.000000 1.000000 -1.000000
0 46.808896 4.000000 1.642129 18.596487 5.765826 -1.000000 -1.000000 -1.000000 1047.000000 25713.000000 -1.000000 1.000000 -1.000000
0 46.473461 4.000000 1.423332 17.789349 5.488775 -1.000000 -1.000000 -1.000000 1441.000000 30337.000000 -1.000000 1.000000 -1.000000
0 46.194800 4.000000 1.146159 19.772095 5.828114 -1.000000 -1.000000 -1.000000 1747.000000 29509.000000 -1.000000 1.000000 -1.000000
1 1.261971 4.000000 1.166267 0.053155 0.019910 -1.000000 -1.000000 -1.000000 22.000000 121.000000 -1.000000 1.000000 37.248839
1 0.964347 4.000000 0.701955 0.142084 0.049989 -1.000000 -1.000000 -1.000000 178.000000 173.000000 -1.000000 1.000000 40.848077
0 46.242358 4.000000 1.168620 18.653596 6.052184 -1.000000 -1.000000 -1.000000 1412.000000 30152.000000 -1.000000 1.000000 -1.000000
0 46.540665 4.000000 1.506410 20.376539 6.462241 -1.000000 -1.000000 -1.000000 1318.000000 25876.000000 -1.000000 1.000000 -1.000000
1 1.150665 4.000000 0.694359 0.245160 0.094618 -1.000000 -1.000000 -1.000000 323.000000 322.000000 -1.000000 1.000000 55.384707
1 0.872659 4.000000 0.686209 0.102967 0.036126 -1.000000 -1.000000 -1.000000 29.000000 330.000000 -1.000000 1.000000 64.510613
1 1.852589 4.000000 1.618144 0.123201 0.045127 -1.000000 -1.000000 -1.000000 81.000000 284.000000 -1.000000 1.000000 51.977284
0 46.428007 4.000000 1.334135 19.384809 6.146721 -1.000000 -1.000000 -1.000000 1938.000000 27684.000000 -1.000000 1.000000 -1.000000
0 46.269941 4.000000 1.171346 19.528564 6.346160 -1.000000 -1.000000 -1.000000 877.000000 29938.000000 -1.000000 1.000000 -1.000000
0 45.925570 4.000000 0.678883 17.318175 5.609790 -1.000000 -1.000000 -1.000000 2233.000000 28776.000000 -1.000000 1.000000 -1.000000
0 46.718581 4.000000 1.571921 17.828630 5.478375 -1.000000 -1.000000 -1.000000 1761.000000 24975.000000 -1.000000 1.000000 -1.000000
0 45.793148 4.000000 0.751957 18.513807 5.915273 -1.000000 -1.000000 -1.000000 1058.000000 29396.000000 -1.000000 1.000000 -1.000000
0 46.285797 4.000000 1.125235 18.682820 5.867504 -1.000000 -1.000000 -1.000000 484.000000 26262.000000 -1.000000 1.000000 -1.000000
0 45.989757 4.000000 0.835861 18.027897 5.726690 -1.000000 -1.000000 -1.000000 1229.000000 32626.000000 -1.000000 1.000000 -1.000000
0 47.257277 4.000000 2.201749 19.485986 6.149881 -1.000000 -1.000000 -1.000000 896.000000 21626.000000 -1.000000 1.000000 -1.000000
0 46.176641 4.000000 1.092524 18.796403 5.967274 -1.000000 -1.000000 -1.000000 2470.000000 28238.000000 -1.000000 1.000000 -1.000000
1 2.819569 4.000000 2.129871 0.370465 0.143502 -1.000000 -1.000000 -1.000000 206.000000 255.000000 -1.000000 1.000000 54.991223
1 3.085657 4.000000 2.949156 0.073033 0.024973 -1.000000 -1.000000 -1.000000 27.000000 156.000000 -1.000000 1.000000 49.066453
0 48.018993 4.000000 2.992803 20.063196 5.779986 -1.000000 -1.000000 -1.000000 929.000000 22569.000000 -1.000000 1.000000 -1.000000
0 46.977139 4.000000 1.897780 18.757528 5.592525 -1.000000 -1.000000 -1.000000 1188.000000 33690.000000 -1.000000 1.000000 -1.000000
1 2.101776 4.000000 1.882706 0.116882 0.042609 -1.000000 -1.000000 -1.000000 56.000000 379.000000 -1.000000 1.000000 52.330823
1 1.279867 4.000000 1.153176 0.069992 0.026461 -1.000000 -1.000000 -1.000000 23.000000 203.000000 -1.000000 1.000000 45.991725
0 45.811053 4.000000 0.709788 19.972411 6.226960 -1.000000 -1.000000 -1.000000 593.000000 25724.000000 -1.000000 1.000000 -1.000000
1 3.195288 4.000000 2.930324 0.146155 0.050785 -1.000000 -1.000000 -1.000000 23.000000 265.000000 -1.000000 1.000000 50.916760
0 49.313062 4.000000 4.292992 20.419082 6.589013 -1.000000 -1.000000 -1.000000 675.000000 19689.000000 -1.000000 1.000000 -1.000000
1 1.394958 4.000000 1.220442 0.094780 0.035242 -1.000000 -1.000000 -1.000000 15.000000 356.000000 -1.000000 1.000000 62.795263
1 1.733357 4.000000 1.485758 0.129050 0.046532 -1.000000 -1.000000 -1.000000 157.000000 243.000000 -1.000000 1.000000 62.341702
1 1.603445 4.000000 1.512723 0.050057 0.017450 -1.000000 -1.000000 -1.000000 58.000000 189.000000 -1.000000 1.000000 37.372009
0 46.213005 4.000000 1.101364 8.730156 3.309119 -1.000000 -1.000000 -1.000000 3312.000000 21634.000000 -1.000000 1.000000 -1.000000
0 45.711593 4.000000 0.669703 18.214614 5.969660 -1.000000 -1.000000 -1.000000 1288.000000 31787.000000 -1.000000 1.000000 -1.000000
0 46.328756 4.000000 1.220213 18.998348 5.890768 -1.000000 -1.000000 -1.000000 1537.000000 27344.000000 -1.000000 1.000000 -1.000000
0 47.226377 4.000000 2.206949 18.771037 5.961154 -1.000000 -1.000000 -1.000000 1575.000000 29292.000000 -1.000000 1.000000 -1.000000
0 46.229866 4.000000 1.120350 18.727903 6.032293 -1.000000 -1.000000 -1.000000 2747.000000 26012.000000 -1.000000 1.000000 -1.000000
0 48.015536 4.000000 2.980946 19.656318 5.700080 -1.000000 -1.000000 -1.000000 2087.000000 18846.000000 -1.000000 1.000000 -1.000000
0 47.206727 4.000000 2.169586 19.223369 5.995383 -1.000000 -1.000000 -1.000000 1589.000000 28492.000000 -1.000000 1.000000 -1.000000
0 46.591924 4.000000 1.464356 19.222621 6.093954 -1.000000 -1.000000 -1.000000 791.000000 27213.000000 -1.000000 1.000000 -1.000000
1 2.320652 4.000000 2.178251 0.078957 0.028854 -1.000000 -1.000000 -1.000000 12.000000 113.000000 -1.000000 1.000000 41.817103
1 3.207699 4.000000 3.014841 0.104374 0.038358 -1.000000 -1.000000 -1.000000 21.000000 206.000000 -1.000000 1.000000 58.224187
0 48.081099 4.000000 3.013254 20.242137 6.342742 -1.000000 -1.000000 -1.000000 702.000000 20767.000000 -1.000000 1.000000 -1.000000
0 46.375415 4.000000 1.363000 13.616569 4.367421 -1.000000 -1.000000 -1.000000 3244.000000 30467.000000 -1.000000 1.000000 -1.000000
1 0.875151 4.000000 0.721159 0.086470 0.032697 -1.000000 -1.000000 -1.000000 59.000000 194.000000 -1.000000 1.000000 49.774899
0 45.839265 4.000000 0.730478 18.443134 5.773773 -1.000000 -1.000000 -1.000000 2437.000000 31407.000000 -1.000000 1.000000 -1.000000
0 46.642851 4.000000 1.457816 19.829572 6.341009 -1.000000 -1.000000 -1.000000 786.000000 25420.000000 -1.000000 1.000000 -1.000000
0 46.327248 4.000000 1.311491 18.422275 5.469471 -1.000000 -1.000000 -1.000000 1132.000000 32014.000000 -1.000000 1.000000 -1.000000
0 46.270486 4.000000 1.168456 19.943794 6.337709 -1.000000 -1.000000 -1.000000 1006.000000 24410.000000 -1.000000 1.000000 -1.000000
0 48.034578 4.000000 2.977722 18.948962 6.162272 -1.000000 -1.000000 -1.000000 2516.000000 32561.000000 -1.000000 1.000000 -1.000000
0 46.950839 4.000000 1.920807 20.790496 7.163867 -1.000000 -1.000000 -1.000000 1990.000000 32000.000000 -1.000000 1.000000 -1.000000
1 1.840569 6.000000 1.130336 0.375173 0.144138 -1.000000 -1.000000 -1.000000 254.000000 660.000000 -1.000000 1.000000 72.382560
0 46.314526 6.000000 1.182081 17.254276 5.832999 -1.000000 -1.000000 -1.000000 3422.000000 35752.000000 -1.000000 1.000000 -1.000000
0 47.304600 6.000000 2.178339 19.396033 6.122583 -1.000000 -1.000000 -1.000000 2094.000000 29164.000000 -1.000000 1.000000 -1.000000
0 46.116108 6.000000 1.100417 18.091586 6.371059 -1.000000 -1.000000 -1.000000 2613.000000 32585.000000 -1.000000 1.000000 -1.000000
0 45.854959 6.000000 0.748069 17.394059 5.401020 -1.000000 -1.000000 -1.000000 1894.000000 26980.000000 -1.000000 1.000000 -1.000000
0 46.496729 6.000000 1.482051 20.106800 7.077445 -1.000000 -1.000000 -1.000000 1912.000000 33775.000000 -1.000000 1.000000 -1.000000
1 2.145807 6.000000 1.629064 0.279319 0.097257 -1.000000 -1.000000 -1.000000 248.000000 594.000000 -1.000000 1.000000 47.032918
0 46.754434 6.000000 1.706968 19.811450 5.914326 -1.000000 -1.000000 -1.000000 1233.000000 26859.000000 -1.000000 1.000000 -1.000000
0 46.917785 6.000000 1.722767 20.353919 5.976003 -1.000000 -1.000000 -1.000000 525.000000 30178.000000 -1.000000 1.000000 -1.000000
1 2.671989 6.000000 1.721723 0.469851 0.191695 -1.000000 -1.000000 -1.000000 648.000000 688.000000 -1.000000 1.000000 63.415416
0 47.888177 6.000000 2.796937 20.716598 6.836932 -1.000000 -1.000000 -1.000000 644.000000 32565.000000 -1.000000 1.000000 -1.000000
0 47.236306 6.000000 2.125604 20.683946 6.484352 -1.000000 -1.000000 -1.000000 662.000000 27541.000000 -1.000000 1.000000 -1.000000
0 46.348897 6.000000 1.312537 6.615220 2.476441 -1.000000 -1.000000 -1.000000 19673.000000 10472.000000 -1.000000 1.000000 -1.000000
0 47.981387 6.000000 2.931797 20.493717 5.979660 -1.000000 -1.000000 -1.000000 778.000000 26803.000000 -1.000000 1.000000 -1.000000
0 46.384450 6.000000 1.298114 18.964623 6.179309 -1.000000 -1.000000 -1.000000 3001.000000 35986.000000 -1.000000 1.000000 -1.000000
0 46.760856 6.000000 1.661622 21.354244 6.536925 -1.000000 -1.000000 -1.000000 471.000000 28749.000000 -1.000000 1.000000 -1.000000
0 47.698186 6.000000 2.676012 20.160690 6.421210 -1.000000 -1.000000 -1.000000 1227.000000 26945.000000 -1.000000 1.000000 -1.000000
0 46.827350 6.000000 1.749949 19.815760 6.712926 -1.000000 -1.000000 -1.000000 2891.000000 32943.000000 -1.000000 1.000000 -1.000000
0 47.283595 6.000000 2.224447 20.086996 6.409529 -1.000000 -1.000000 -1.000000 1229.000000 27934.000000 -1.000000 1.000000 -1.000000
1 1.969543 6.000000 1.238089 0.390265 0.147505 -1.000000 -1.000000 -1.000000 307.000000 606.000000 -1.000000 1.000000 53.857159
0 47.782763 6.000000 2.663222 20.600080 6.568634 -1.000000 -1.000000 -1.000000 2083.000000 32480.000000 -1.000000 1.000000 -1.000000
0 46.307791 6.000000 1.241759 18.701267 5.640400 -1.000000 -1.000000 -1.000000 847.000000 32084.000000 -1.000000 1.000000 -1.000000
0 46.942064 6.000000 1.865078 21.294371 6.519499 -1.000000 -1.000000 -1.000000 413.000000 28211.000000 -1.000000 1.000000 -1.000000
0 46.668102 6.000000 1.667647 9.963772 3.299152 -1.000000 -1.000000 -1.000000 4253.000000 21828.000000 -1.000000 1.000000 -1.000000
0 45.993930 6.000000 0.763317 19.135043 5.948936 -1.000000 -1.000000 -1.000000 824.000000 28081.000000 -1.000000 1.000000 -1.000000
1 6.574603 6.000000 2.451358 2.006978 0.841439 -1.000000 -1.000000 -1.000000 1446.000000 1665.000000 -1.000000 1.000000 50.400735
1 1.809002 6.000000 1.401521 0.222840 0.078558 -1.000000 -1.000000 -1.000000 99.000000 519.000000 -1.000000 1.000000 59.082847
1 1.223988 6.000000 0.864461 0.193970 0.067543 -1.000000 -1.000000 -1.000000 174.000000 367.000000 -1.000000 1.000000 53.302246
0 46.597813 6.000000 1.470272 18.218314 5.401120 -1.000000 -1.000000 -1.000000 1495.000000 29881.000000 -1.000000 1.000000 -1.000000
0 48.060481 6.000000 3.043161 21.208755 6.449121 -1.000000 -1.000000 -1.000000 516.000000 28454.000000 -1.000000 1.000000 -1.000000
0 48.596726 6.000000 3.506897 20.204892 5.945802 -1.000000 -1.000000 -1.000000 890.000000 25806.000000 -1.000000 1.000000 -1.000000
0 46.219317 6.000000 1.154403 18.952910 5.773002 -1.000000 -1.000000 -1.000000 620.000000 28851.000000 -1.000000 1.000000 -1.000000
0 46.742612 6.000000 1.632207 20.733231 6.908272 -1.000000 -1.000000 -1.000000 929.000000 27971.000000 -1.000000 1.000000 -1.000000
0 46.244717 6.000000 1.132306 19.879376 6.011670 -1.000000 -1.000000 -1.000000 618.000000 31043.000000 -1.000000 1.000000 -1.000000
0 46.530025 6.000000 1.526197 20.048846 6.620149 -1.000000 -1.000000 -1.000000 1810.000000 34527.000000 -1.000000 1.000000 -1.000000
1 1.433017 6.000000 1.226171 0.111300 0.041484 -1.000000 -1.000000 -1.000000 60.000000 158.000000 -1.000000 1.000000 47.991814
0 54.944233 6.000000 9.934638 21.125063 6.886883 -1.000000 -1.000000 -1.000000 595.000000 27628.000000 -1.000000 1.000000 -1.000000
0 46.398983 6.000000 1.284617 11.253112 3.904100 -1.000000 -1.000000 -1.000000 2661.000000 20181.000000 -1.000000 1.000000 -1.000000
0 46.656771 6.000000 1.598413 20.341693 5.561992 -1.000000 -1.000000 -1.000000 950.000000 19546.000000 -1.000000 1.000000 -1.000000
0 47.193422 6.000000 2.181303 20.789145 6.580407 -1.000000 -1.000000 -1.000000 1014.000000 21028.000000 -1.000000 1.000000 -1.000000
0 48.050519 6.000000 3.001199 20.574473 7.069051 -1.000000 -1.000000 -1.000000 1276.000000 28114.000000 -1.000000 1.000000 -1.000000
0 46.143226 6.000000 1.119563 18.852977 5.783869 -1.000000 -1.000000 -1.000000 1037.000000 25326.000000 -1.000000 1.000000 -1.000000
0 48.022829 6.000000 2.945839 20.527827 5.818549 -1.000000 -1.000000 -1.000000 726.000000 17573.000000 -1.000000 1.000000 -1.000000
0 47.204121 6.000000 2.200058 20.040214 6.422948 -1.000000 -1.000000 -1.000000 697.000000 27975.000000 -1.000000 1.000000 -1.000000
0 46.989261 6.000000 1.953386 20.067304 6.297306 -1.000000 -1.000000 -1.000000 1425.000000 30567.000000 -1.000000 1.000000 -1.000000
1 2.223997 6.000000 1.955607 0.142499 0.051536 -1.000000 -1.000000 -1.000000 157.000000 265.000000 -1.000000 1.000000 46.823408
0 47.270087 6.000000 2.249443 21.199200 6.310810 -1.000000 -1.000000 -1.000000 383.000000 20789.000000 -1.000000 1.000000 -1.000000
0 47.213939 6.000000 2.177483 16.791756 5.159266 -1.000000 -1.000000 -1.000000 2683.000000 24816.000000 -1.000000 1.000000 -1.000000
1 2.576292 6.000000 2.094428 0.254795 0.093533 -1.000000 -1.000000 -1.000000 263.000000 502.000000 -1.000000 1.000000 49.882910
1 1.768000 6.000000 1.137318 0.329767 0.130722 -1.000000 -1.000000 -1.000000 311.000000 595.000000 -1.000000 1.000000 54.631386
1 2.192700 6.000000 1.521600 0.346190 0.142404 -1.000000 -1.000000 -1.000000 461.000000 485.000000 -1.000000 1.000000 43.587819
0 48.435127 6.000000 3.366244 20.218088 6.688260 -1.000000 -1.000000 -1.000000 856.000000 31412.000000 -1.000000 1.000000 -1.000000
0 47.017680 6.000000 2.004439 19.819540 6.575567 -1.000000 -1.000000 -1.000000 959.000000 26541.000000 -1.000000 1.000000 -1.000000
0 46.559994 6.000000 1.401233 19.997676 6.400321 -1.000000 -1.000000 -1.000000 1342.000000 30651.000000 -1.000000 1.000000 -1.000000
0 46.340063 6.000000 1.313810 18.846847 6.524969 -1.000000 -1.000000 -1.000000 2641.000000 30683.000000 -1.000000 1.000000 -1.000000
0 47.118021 6.000000 2.015225 20.342490 6.375945 -1.000000 -1.000000 -1.000000 1974.000000 29039.000000 -1.000000 1.000000 -1.000000
0 46.986040 6.000000 1.976663 18.954628 6.012356 -1.000000 -1.000000 -1.000000 770.000000 30751.000000 -1.000000 1.000000 -1.000000
0 45.932854 6.000000 0.762823 18.734749 6.136733 -1.000000 -1.000000 -1.000000 1784.000000 26502.000000 -1.000000 1.000000 -1.000000
1 2.521271 6.000000 1.341997 0.600776 0.244380 -1.000000 -1.000000 -1.000000 724.000000 762.000000 -1.000000 1.000000 56.837976
0 46.390381 8.000000 1.301035 19.581491 5.816606 -1.000000 -1.000000 -1.000000 665.000000 29781.000000 -1.000000 1.000000 -1.000000
0 46.323575 8.000000 1.282962 18.816561 6.861227 -1.000000 -1.000000 -1.000000 2132.000000 28430.000000 -1.000000 1.000000 -1.000000
0 46.787985 8.000000 1.746238 20.692662 6.833067 -1.000000 -1.000000 -1.000000 1608.000000 28859.000000 -1.000000 1.000000 -1.000000
0 46.301086 8.000000 1.247411 20.568866 6.816884 -1.000000 -1.000000 -1.000000 1187.000000 26407.000000 -1.000000 1.000000 -1.000000
0 46.757974 8.000000 1.723857 19.866198 6.863586 -1.000000 -1.000000 -1.000000 2177.000000 29186.000000 -1.000000 1.000000 -1.000000
0 46.343203 8.000000 1.311507 18.084099 6.079271 -1.000000 -1.000000 -1.000000 1185.000000 27996.000000 -1.000000 1.000000 -1.000000
1 4.508579 8.000000 1.256363 1.671800 0.486700 -1.000000 -1.000000 -1.000000 570.000000 3077.000000 -1.000000 1.000000 52.265935
0 49.322727 8.000000 4.249103 20.771401 7.344099 -1.000000 -1.000000 -1.000000 1843.000000 28435.000000 -1.000000 1.000000 -1.000000
0 46.343144 8.000000 1.163297 18.426697 6.559116 -1.000000 -1.000000 -1.000000 2212.000000 32107.000000 -1.000000 1.000000 -1.000000
0 47.338648 8.000000 2.316321 19.722983 6.472315 -1.000000 -1.000000 -1.000000 850.000000 31162.000000 -1.000000 1.000000 -1.000000
1 2.770849 8.000000 2.259523 0.270033 0.095363 -1.000000 -1.000000 -1.000000 219.000000 520.000000 -1.000000 1.000000 60.265544
0 46.372205 8.000000 1.262993 19.652456 6.858137 -1.000000 -1.000000 -1.000000 2606.000000 31000.000000 -1.000000 1.000000 -1.000000
1 4.252765 8.000000 3.701231 0.287050 0.110660 -1.000000 -1.000000 -1.000000 183.000000 377.000000 -1.000000 1.000000 56.554603
0 46.481591 8.000000 1.324422 18.961666 6.390645 -1.000000 -1.000000 -1.000000 3926.000000 28016.000000 -1.000000 1.000000 -1.000000
1 2.918628 8.000000 2.452064 0.246224 0.092885 -1.000000 -1.000000 -1.000000 249.000000 333.000000 -1.000000 1.000000 58.650132
0 46.962781 8.000000 1.951261 19.648255 6.384219 -1.000000 -1.000000 -1.000000 1864.000000 27594.000000 -1.000000 1.000000 -1.000000
0 46.584800 8.000000 1.487958 19.192867 6.499368 -1.000000 -1.000000 -1.000000 1482.000000 32116.000000 -1.000000 1.000000 -1.000000
0 49.744150 8.000000 4.716908 20.848410 7.561087 -1.000000 -1.000000 -1.000000 1426.000000 25713.000000 -1.000000 1.000000 -1.000000
0 48.368938 8.000000 3.266676 21.442173 6.733798 -1.000000 -1.000000 -1.000000 374.000000 28934.000000 -1.000000 1.000000 -1.000000
0 46.767125 8.000000 1.716852 19.697888 5.852437 -1.000000 -1.000000 -1.000000 958.000000 31048.000000 -1.000000 1.000000 -1.000000
0 46.829279 8.000000 1.712561 19.861288 6.010084 -1.000000 -1.000000 -1.000000 1436.000000 31067.000000 -1.000000 1.000000 -1.000000
0 46.749258 8.000000 1.642826 19.368599 6.239542 -1.000000 -1.000000 -1.000000 1801.000000 29716.000000 -1.000000 1.000000 -1.000000
0 47.976014 8.000000 2.878067 20.850682 7.006254 -1.000000 -1.000000 -1.000000 1326.000000 28570.000000 -1.000000 1.000000 -1.000000
0 46.364138 8.000000 1.234469 19.576115 6.345430 -1.000000 -1.000000 -1.000000 1607.000000 30643.000000 -1.000000 1.000000 -1.000000
0 47.962541 8.000000 2.796118 20.459859 7.270665 -1.000000 -1.000000 -1.000000 921.000000 29959.000000 -1.000000 1.000000 -1.000000
0 48.132866 8.000000 2.962486 21.618214 7.443321 -1.000000 -1.000000 -1.000000 1315.000000 20959.000000 -1.000000 1.000000 -1.000000
0 47.390195 8.000000 2.291528 19.546555 6.762500 -1.000000 -1.000000 -1.000000 1247.000000 28454.000000 -1.000000 1.000000 -1.000000
0 46.287616 8.000000 1.142158 19.710545 5.993839 -1.000000 -1.000000 -1.000000 376.000000 33670.000000 -1.000000 1.000000 -1.000000
0 46.934584 8.000000 1.905990 19.838728 7.012148 -1.000000 -1.000000 -1.000000 1864.000000 26583.000000 -1.000000 1.000000 -1.000000
0 46.677456 8.000000 1.659720 20.022641 6.984421 -1.000000 -1.000000 -1.000000 1764.000000 36925.000000 -1.000000 1.000000 -1.000000
0 46.768693 8.000000 1.656067 20.893061 6.595282 -1.000000 -1.000000 -1.000000 995.000000 27735.000000 -1.000000 1.000000 -1.000000
0 46.729542 8.000000 1.652723 19.324016 6.624806 -1.000000 -1.000000 -1.000000 1694.000000 31083.000000 -1.000000 1.000000 -1.000000
0 46.393477 8.000000 1.231804 19.153140 7.091964 -1.000000 -1.000000 -1.000000 1875.000000 34190.000000 -1.000000 1.000000 -1.000000
0 49.357963 8.000000 4.353553 21.072533 7.218929 -1.000000 -1.000000 -1.000000 1467.000000 27888.000000 -1.000000 1.000000 -1.000000
0 46.471901 8.000000 1.375063 20.094012 6.432108 -1.000000 -1.000000 -1.000000 1651.000000 28941.000000 -1.000000 1.000000 -1.000000
1 1.849926 8.000000 1.484530 0.198203 0.073778 -1.000000 -1.000000 -1.000000 118.000000 488.000000 -1.000000 1.000000 49.078369
0 47.255393 8.000000 2.250666 21.141761 6.961271 -1.000000 -1.000000 -1.000000 1538.000000 24884.000000 -1.000000 1.000000 -1.000000
0 47.515594 8.000000 2.390850 21.167626 7.317244 -1.000000 -1.000000 -1.000000 2084.000000 33221.000000 -1.000000 1.000000 -1.000000
0 47.312063 8.000000 2.244627 18.933013 6.361577 -1.000000 -1.000000 -1.000000 1142.000000 30573.000000 -1.000000 1.000000 -1.000000
0 47.509851 8.000000 2.405947 20.644855 6.714917 -1.000000 -1.000000 -1.000000 1650.000000 33384.000000 -1.000000 1.000000 -1.000000
0 47.146491 8.000000 2.089161 21.341692 7.443315 -1.000000 -1.000000 -1.000000 1046.000000 26208.000000 -1.000000 1.000000 -1.000000
0 46.711151 8.000000 1.701003 19.552806 7.101050 -1.000000 -1.000000 -1.000000 4301.000000 30899.000000 -1.000000 1.000000 -1.000000
1 1.863541 8.000000 1.551285 0.168156 0.063302 -1.000000 -1.000000 -1.000000 132.000000 473.000000 -1.000000 1.000000 52.306072
0 46.791362 8.000000 1.708379 19.942756 6.741262 -1.000000 -1.000000 -1.000000 745.000000 28449.000000 -1.000000 1.000000 -1.000000
0 47.142369 8.000000 2.048535 21.006509 6.650186 -1.000000 -1.000000 -1.000000 803.000000 28554.000000 -1.000000 1.000000 -1.000000
0 47.374176 8.000000 2.179618 20.090876 7.138196 -1.000000 -1.000000 -1.000000 1645.000000 29509.000000 -1.000000 1.000000 -1.000000
0 47.084822 8.000000 1.976892 20.273143 6.810588 -1.000000 -1.000000 -1.000000 1284.000000 29222.000000 -1.000000 1.000000 -1.000000
0 47.879541 8.000000 2.818980 22.005354 6.548378 -1.000000 -1.000000 -1.000000 659.000000 24522.000000 -1.000000 1.000000 -1.000000
0 46.901889 8.000000 1.710738 20.192549 7.271303 -1.000000 -1.000000 -1.000000 2191.000000 27784.000000 -1.000000 1.000000 -1.000000
0 47.871005 8.000000 2.843736 18.463357 6.339882 -1.000000 -1.000000 -1.000000 3671.000000 31691.000000 -1.000000 1.000000 -1.000000
0 47.414706 8.000000 2.336566 18.500081 6.561451 -1.000000 -1.000000 -1.000000 3719.000000 28787.000000 -1.000000 1.000000 -1.000000
0 46.300459 8.000000 1.298199 19.524160 6.748779 -1.000000 -1.000000 -1.000000 1678.000000 30071.000000 -1.000000 1.000000 -1.000000
0 46.787564 8.000000 1.622763 20.231345 6.980072 -1.000000 -1.000000 -1.000000 2852.000000 32371.000000 -1.000000 1.000000 -1.000000
0 46.857307 8.000000 1.757333 20.388435 6.931376 -1.000000 -1.000000 -1.000000 944.000000 30493.000000 -1.000000 1.000000 -1.000000
0 46.687959 8.000000 1.642793 20.980878 6.968551 -1.000000 -1.000000 -1.000000 1115.000000 29503.000000 -1.000000 1.000000 -1.000000
0 46.625972 8.000000 1.575158 20.174035 5.943957 -1.000000 -1.000000 -1.000000 705.000000 29644.000000 -1.000000 1.000000 -1.000000
0 47.254522 8.000000 2.226433 17.254807 5.655459 -1.000000 -1.000000 -1.000000 4307.000000 29793.000000 -1.000000 1.000000 -1.000000
1 4.530027 10.000000 3.266590 0.663938 0.275497 -1.000000 -1.000000 -1.000000 451.000000 975.000000 -1.000000 1.000000 51.896925
0 46.483755 10.000000 1.415507 19.611902 6.635641 -1.000000 -1.000000 -1.000000 1981.000000 32969.000000 -1.000000 1.000000 -1.000000
0 47.448005 10.000000 2.328084 19.854047 7.519106 -1.000000 -1.000000 -1.000000 5351.000000 30596.000000 -1.000000 1.000000 -1.000000
0 47.108417 10.000000 2.070417 19.381554 7.593910 -1.000000 -1.000000 -1.000000 3195.000000 30735.000000 -1.000000 1.000000 -1.000000
0 47.531267 10.000000 2.503518 20.665232 7.828867 -1.000000 -1.000000 -1.000000 4636.000000 21461.000000 -1.000000 1.000000 -1.000000
0 48.397007 10.000000 3.271646 12.789243 5.108439 -1.000000 -1.000000 -1.000000 3931.000000 22294.000000 -1.000000 1.000000 -1.000000
0 47.741684 10.000000 2.714251 20.136501 6.435212 -1.000000 -1.000000 -1.000000 877.000000 32941.000000 -1.000000 1.000000 -1.000000
0 48.823750 10.000000 3.777543 15.620879 6.139305 -1.000000 -1.000000 -1.000000 3028.000000 22370.000000 -1.000000 1.000000 -1.000000
0 47.905100 10.000000 2.704100 20.036515 7.502134 -1.000000 -1.000000 -1.000000 5230.000000 31533.000000 -1.000000 1.000000 -1.000000
1 4.574877 10.000000 3.937006 0.331327 0.137365 -1.000000 -1.000000 -1.000000 534.000000 452.000000 -1.000000 1.000000 47.601579
0 47.276363 10.000000 2.225697 13.781955 4.647407 -1.000000 -1.000000 -1.000000 5800.000000 24614.000000 -1.000000 1.000000 -1.000000
0 46.495075 10.000000 1.410149 18.841421 6.985757 -1.000000 -1.000000 -1.000000 5554.000000 34884.000000 -1.000000 1.000000 -1.000000
0 47.208058 10.000000 2.145619 20.634923 6.625971 -1.000000 -1.000000 -1.000000 916.000000 28316.000000 -1.000000 1.000000 -1.000000
1 3.800463 10.000000 2.538065 0.669302 0.235467 -1.000000 -1.000000 -1.000000 454.000000 1375.000000 -1.000000 1.000000 50.982181
0 47.870674 10.000000 2.855147 20.485269 7.904984 -1.000000 -1.000000 -1.000000 6717.000000 27800.000000 -1.000000 1.000000 -1.000000
0 48.077087 10.000000 2.999765 21.383843 7.534707 -1.000000 -1.000000 -1.000000 3932.000000 27813.000000 -1.000000 1.000000 -1.000000
0 47.086416 10.000000 1.951052 20.333626 7.115798 -1.000000 -1.000000 -1.000000 3295.000000 32131.000000 -1.000000 1.000000 -1.000000
0 48.471308 10.000000 3.335398 14.013112 5.483396 -1.000000 -1.000000 -1.000000 3664.000000 25894.000000 -1.000000 1.000000 -1.000000
0 46.731085 10.000000 1.716422 20.008584 6.450537 -1.000000 -1.000000 -1.000000 786.000000 28834.000000 -1.000000 1.000000 -1.000000
0 46.851030 10.000000 1.696625 20.746250 6.672235 -1.000000 -1.000000 -1.000000 3556.000000 30145.000000 -1.000000 1.000000 -1.000000
0 48.785151 10.000000 3.600656 21.090928 6.036642 -1.000000 -1.000000 -1.000000 683.000000 30344.000000 -1.000000 1.000000 -1.000000
0 47.471139 10.000000 2.415809 20.355056 6.775766 -1.000000 -1.000000 -1.000000 5155.000000 30449.000000 -1.000000 1.000000 -1.000000
0 46.720638 10.000000 1.618069 18.937869 7.126438 -1.000000 -1.000000 -1.000000 5169.000000 23455.000000 -1.000000 1.000000 -1.000000
0 48.336395 10.000000 3.294534 21.465046 6.559394 -1.000000 -1.000000 -1.000000 694.000000 22976.000000 -1.000000 1.000000 -1.000000
0 46.658174 10.000000 1.630639 19.182138 7.550097 -1.000000 -1.000000 -1.000000 6405.000000 32224.000000 -1.000000 1.000000 -1.000000
0 46.491019 10.000000 1.425731 19.763503 6.816439 -1.000000 -1.000000 -1.000000 2171.000000 28287.000000 -1.000000 1.000000 -1.000000
0 47.206273 10.000000 2.132058 21.005961 6.680470 -1.000000 -1.000000 -1.000000 1267.000000 28904.000000 -1.000000 1.000000 -1.000000
0 45.892317 10.000000 0.822969 17.942049 6.030554 -1.000000 -1.000000 -1.000000 1911.000000 27872.000000 -1.000000 1.000000 -1.000000
1 4.181170 10.000000 3.572083 0.329923 0.124463 -1.000000 -1.000000 -1.000000 282.000000 271.000000 -1.000000 1.000000 41.324991
0 47.193974 10.000000 2.145662 18.601800 6.580228 -1.000000 -1.000000 -1.000000 6076.000000 29394.000000 -1.000000 1.000000 -1.000000
0 46.383675 10.000000 1.251707 19.437512 7.018797 -1.000000 -1.000000 -1.000000 4714.000000 27029.000000 -1.000000 1.000000 -1.000000
0 46.779562 10.000000 1.654621 19.668200 6.894347 -1.000000 -1.000000 -1.000000 5647.000000 30510.000000 -1.000000 1.000000 -1.000000
0 50.558536 10.000000 5.501987 20.325286 7.363241 -1.000000 -1.000000 -1.000000 4927.000000 26635.000000 -1.000000 1.000000 -1.000000
0 46.739491 10.000000 1.627556 19.994122 7.056143 -1.000000 -1.000000 -1.000000 2456.000000 30111.000000 -1.000000 1.000000 -1.000000
1 14.532127 10.000000 2.204424 6.072577 2.109914 -1.000000 -1.000000 -1.000000 1822.000000 10834.000000 -1.000000 1.000000 35.930340
1 2.410022 10.000000 1.795236 0.329091 0.124598 -1.000000 -1.000000 -1.000000 388.000000 528.000000 -1.000000 1.000000 43.081311
0 46.574206 10.000000 1.375538 11.343163 3.967225 -1.000000 -1.000000 -1.000000 4753.000000 21244.000000 -1.000000 1.000000 -1.000000
0 47.171720 10.000000 2.028310 12.843880 4.945179 -1.000000 -1.000000 -1.000000 2517.000000 25688.000000 -1.000000 1.000000 -1.000000
1 2.906029 10.000000 2.303604 0.317109 0.121860 -1.000000 -1.000000 -1.000000 390.000000 629.000000 -1.000000 1.000000 40.203832
0 46.757934 10.000000 1.739525 20.808515 7.213509 -1.000000 -1.000000 -1.000000 3517.000000 33203.000000 -1.000000 1.000000 -1.000000
1 2.627066 10.000000 1.307505 0.690929 0.293319 -1.000000 -1.000000 -1.000000 530.000000 1124.000000 -1.000000 1.000000 44.545139
0 47.110900 10.000000 2.104045 20.865973 7.940244 -1.000000 -1.000000 -1.000000 6434.000000 28352.000000 -1.000000 1.000000 -1.000000
0 46.440087 10.000000 1.231965 10.362389 3.233157 -1.000000 -1.000000 -1.000000 3682.000000 19596.000000 -1.000000 1.000000 -1.000000
0 46.722372 10.000000 1.607203 20.514828 6.637306 -1.000000 -1.000000 -1.000000 1327.000000 30633.000000 -1.000000 1.000000 -1.000000
0 46.925473 10.000000 1.864974 12.135837 4.607243 -1.000000 -1.000000 -1.000000 6743.000000 18559.000000 -1.000000 1.000000 -1.000000
0 46.203495 10.000000 0.922081 11.796029 4.437926 -1.000000 -1.000000 -1.000000 4516.000000 20527.000000 -1.000000 1.000000 -1.000000
0 47.217327 10.000000 2.196543 13.131231 4.592442 -1.000000 -1.000000 -1.000000 5034.000000 22005.000000 -1.000000 1.000000 -1.000000
0 46.875838 10.000000 1.788103 20.362111 7.735387 -1.000000 -1.000000 -1.000000 5010.000000 30692.000000 -1.000000 1.000000 -1.000000
0 46.497449 10.000000 1.432377 17.764464 7.030411 -1.000000 -1.000000 -1.000000 5420.000000 33177.000000 -1.000000 1.000000 -1.000000
1 5.173694 10.000000 3.724700 0.772569 0.250443 -1.000000 -1.000000 -1.000000 287.000000 711.000000 -1.000000 1.000000 48.294225
1 3.244415 10.000000 2.214724 0.544028 0.219116 -1.000000 -1.000000 -1.000000 497.000000 722.000000 -1.000000 1.000000 56.553552
1 3.646113 10.000000 1.583150 1.052629 0.462403 -1.000000 -1.000000 -1.000000 1372.000000 1403.000000 -1.000000 1.000000 57.098582
1 2.175182 10.000000 1.683353 0.260827 0.108365 -1.000000 -1.000000 -1.000000 270.000000 396.000000 -1.000000 1.000000 48.730092
0 46.890778 10.000000 1.855250 21.551915 7.036771 -1.000000 -1.000000 -1.000000 1700.000000 29111.000000 -1.000000 1.000000 -1.000000
0 46.352736 10.000000 1.323667 19.686178 7.377830 -1.000000 -1.000000 -1.000000 2817.000000 33245.000000 -1.000000 1.000000 -1.000000
0 48.762754 10.000000 3.684536 21.005822 7.742164 -1.000000 -1.000000 -1.000000 5749.000000 32811.000000 -1.000000 1.000000 -1.000000
1 4.560589 10.000000 2.095415 1.267372 0.493842 -1.000000 -1.000000 -1.000000 656.000000 2637.000000 -1.000000 1.000000 72.261938
0 46.800182 10.000000 1.701484 19.785277 6.109098 -1.000000 -1.000000 -1.000000 1345.000000 31601.000000 -1.000000 1.000000 -1.000000
