1 0.660907 1.000000 0.656598 0.002116 0.000829 0.000212 4.000000 0.000000 0.000000 4.000000 1.000000 1.000000 21.311413
1 0.774441 1.000000 0.755158 0.009594 0.004208 0.000278 5.000000 0.000000 0.000000 28.000000 1.000000 1.000000 22.495468
1 0.761584 1.000000 0.753441 0.004138 0.001760 0.000231 3.000000 0.000000 0.000000 10.000000 1.000000 1.000000 15.637201
0 76.195461 1.000000 1.191308 34.742294 11.972745 0.000347 7.000000 0.000000 0.000000 1449098.000000 1.000000 1.000000 -1.000000
1 1.283522 1.000000 1.278171 0.002862 0.000962 0.000219 3.000000 0.000000 0.000000 0.000000 1.000000 1.000000 14.816252
1 1.514564 1.000000 1.508468 0.002965 0.001175 0.000272 3.000000 0.000000 0.000000 0.000000 1.000000 1.000000 15.504622
1 1.482840 1.000000 1.462562 0.010232 0.004431 0.000297 4.000000 0.000000 0.000000 7.000000 1.000000 1.000000 30.916196
1 1.266770 1.000000 1.256264 0.005501 0.002281 0.000251 3.000000 0.000000 0.000000 6.000000 1.000000 1.000000 29.582293
1 1.261308 1.000000 1.252603 0.004218 0.001723 0.000261 4.000000 0.000000 0.000000 0.000000 1.000000 1.000000 22.039664
1 1.218655 1.000000 1.214358 0.002077 0.000863 0.000228 4.000000 0.000000 0.000000 1.000000 1.000000 1.000000 29.741893
1 0.703827 1.000000 0.700918 0.001373 0.000586 0.000127 3.000000 0.000000 0.000000 0.000000 1.000000 1.000000 16.371178
1 0.678125 1.000000 0.675046 0.001469 0.000583 0.000180 3.000000 0.000000 0.000000 0.000000 1.000000 1.000000 15.424295
1 0.676686 1.000000 0.672715 0.001995 0.000744 0.000139 3.000000 0.000000 0.000000 2.000000 1.000000 1.000000 16.786340
1 0.698251 1.000000 0.690852 0.003885 0.001531 0.000158 3.000000 0.000000 0.000000 19.000000 1.000000 1.000000 15.294305
1 0.723835 1.000000 0.718903 0.002483 0.001057 0.000155 3.000000 0.000000 0.000000 10.000000 1.000000 1.000000 12.892873
1 1.037684 1.000000 1.030109 0.003767 0.001541 0.000217 3.000000 0.000000 0.000000 1.000000 1.000000 1.000000 16.777614
1 2.902454 1.000000 2.891786 0.004419 0.001716 0.000248 4.000000 0.000000 0.000000 8.000000 1.000000 1.000000 14.537728
1 0.887384 1.000000 0.871522 0.008353 0.003527 0.000216 3.000000 0.000000 0.000000 37.000000 1.000000 1.000000 14.238150
1 0.722069 1.000000 0.708598 0.008034 0.002369 0.000195 4.000000 0.000000 0.000000 110.000000 1.000000 1.000000 15.767965
1 0.714927 1.000000 0.702212 0.006858 0.002548 0.000196 4.000000 0.000000 0.000000 25.000000 1.000000 1.000000 33.523764
1 0.748260 1.000000 0.734779 0.007003 0.002836 0.000223 3.000000 0.000000 0.000000 28.000000 1.000000 1.000000 31.761725
1 1.299505 1.000000 1.286506 0.006394 0.002518 0.000277 4.000000 0.000000 0.000000 13.000000 1.000000 1.000000 13.623486
1 1.226551 1.000000 1.217319 0.004290 0.001939 0.000253 4.000000 0.000000 0.000000 4.000000 1.000000 1.000000 18.205453
1 1.213852 1.000000 1.203401 0.005460 0.002079 0.000279 3.000000 0.000000 0.000000 7.000000 1.000000 1.000000 17.005561
1 1.245786 1.000000 1.239666 0.003159 0.001326 0.000192 3.000000 0.000000 0.000000 9.000000 1.000000 1.000000 20.525898
1 1.280825 1.000000 1.277381 0.001439 0.000515 0.000186 4.000000 0.000000 0.000000 0.000000 1.000000 1.000000 11.916065
1 0.731163 1.000000 0.720336 0.005985 0.002377 0.000126 3.000000 0.000000 0.000000 16.000000 1.000000 1.000000 15.662233
1 1.172308 1.000000 1.163649 0.004414 0.001750 0.000166 4.000000 0.000000 0.000000 10.000000 1.000000 1.000000 17.057324
1 0.790177 1.000000 0.777616 0.006180 0.002615 0.000318 4.000000 0.000000 0.000000 6.000000 1.000000 1.000000 17.773298
1 1.263365 1.000000 1.239536 0.012728 0.005291 0.000217 3.000000 0.000000 0.000000 16.000000 1.000000 1.000000 12.500576
1 1.293942 1.000000 1.285090 0.004827 0.001900 0.000133 3.000000 0.000000 0.000000 16.000000 1.000000 1.000000 13.699247
1 1.793454 1.000000 1.786716 0.003137 0.001317 0.000216 4.000000 0.000000 0.000000 9.000000 1.000000 1.000000 26.362693
1 0.801903 1.000000 0.798639 0.001755 0.000559 0.000132 3.000000 0.000000 0.000000 0.000000 1.000000 1.000000 11.810912
1 0.842890 1.000000 0.832142 0.005825 0.002181 0.000219 3.000000 0.000000 0.000000 45.000000 1.000000 1.000000 18.707275
1 0.783692 1.000000 0.779222 0.002297 0.000910 0.000140 3.000000 0.000000 0.000000 6.000000 1.000000 1.000000 15.663069
1 0.850822 1.000000 0.843731 0.003850 0.001484 0.000161 3.000000 0.000000 0.000000 8.000000 1.000000 1.000000 12.814313
1 0.817370 1.000000 0.813770 0.001846 0.000642 0.000155 3.000000 0.000000 0.000000 0.000000 1.000000 1.000000 15.585221
1 0.819018 1.000000 0.812482 0.003464 0.001388 0.000153 3.000000 0.000000 0.000000 6.000000 1.000000 1.000000 11.144804
1 0.810989 1.000000 0.803774 0.003543 0.001534 0.000194 4.000000 0.000000 0.000000 3.000000 1.000000 1.000000 19.001986
1 0.820242 1.000000 0.810028 0.005464 0.002108 0.000188 3.000000 0.000000 0.000000 7.000000 1.000000 1.000000 14.406706
1 0.831690 1.000000 0.825547 0.003018 0.001365 0.000203 3.000000 0.000000 0.000000 2.000000 1.000000 1.000000 20.982757
1 0.805287 1.000000 0.801564 0.001817 0.000727 0.000178 3.000000 0.000000 0.000000 0.000000 1.000000 1.000000 13.009898
1 0.821964 1.000000 0.817014 0.002411 0.000931 0.000204 4.000000 0.000000 0.000000 1.000000 1.000000 1.000000 19.830125
1 1.352928 1.000000 1.345260 0.003457 0.001581 0.000238 4.000000 0.000000 0.000000 6.000000 1.000000 1.000000 16.373241
1 1.287744 1.000000 1.274424 0.006331 0.002937 0.000178 4.000000 0.000000 0.000000 24.000000 1.000000 1.000000 19.065868
1 1.524851 1.000000 1.515591 0.004394 0.001731 0.000231 4.000000 0.000000 0.000000 14.000000 1.000000 1.000000 17.729841
1 0.691557 1.000000 0.686963 0.002440 0.000893 0.000179 3.000000 0.000000 0.000000 7.000000 1.000000 1.000000 17.571731
1 4.404796 1.000000 4.395003 0.002593 0.001218 0.000279 6.000000 0.000000 0.000000 5.000000 1.000000 1.000000 32.765181
1 0.857581 1.000000 0.851602 0.002852 0.001156 0.000201 3.000000 0.000000 0.000000 0.000000 1.000000 1.000000 16.996601
1 1.179793 1.000000 1.170826 0.004631 0.001817 0.000247 3.000000 0.000000 0.000000 2.000000 1.000000 1.000000 18.873005
1 1.261347 1.000000 1.258941 0.001114 0.000422 0.000144 4.000000 0.000000 0.000000 0.000000 1.000000 1.000000 12.628274
1 1.268127 1.000000 1.253310 0.007302 0.003227 0.000286 4.000000 0.000000 0.000000 3.000000 1.000000 1.000000 31.713708
1 1.319564 1.000000 1.314293 0.002614 0.001006 0.000205 3.000000 0.000000 0.000000 0.000000 1.000000 1.000000 13.259563
1 2.947738 1.000000 2.929155 0.008422 0.003538 0.000345 4.000000 0.000000 0.000000 6.000000 1.000000 1.000000 31.409926
1 1.293168 1.000000 1.284066 0.004273 0.001876 0.000273 4.000000 0.000000 0.000000 1.000000 1.000000 1.000000 16.138779
1 1.258362 1.000000 1.243508 0.007541 0.003139 0.000319 4.000000 0.000000 0.000000 8.000000 1.000000 1.000000 17.232657
1 1.293415 1.000000 1.283782 0.005038 0.002029 0.000218 3.000000 0.000000 0.000000 13.000000 1.000000 1.000000 12.816506
1 1.284047 1.000000 1.277062 0.003304 0.001481 0.000259 3.000000 0.000000 0.000000 1.000000 1.000000 1.000000 18.171479
1 1.295036 1.000000 1.286808 0.004118 0.001556 0.000284 4.000000 0.000000 0.000000 0.000000 1.000000 1.000000 14.990622
1 1.272558 1.000000 1.265932 0.003072 0.001285 0.000246 4.000000 0.000000 0.000000 0.000000 1.000000 1.000000 19.014837
1 1.380717 2.000000 1.311206 0.034063 0.015047 0.002061 18.000000 0.000000 0.000000 17.000000 1.000000 1.000000 55.086802
1 2.178735 2.000000 1.269257 0.482638 0.205521 0.006295 34.000000 0.000000 165.000000 104.000000 1.000000 1.000000 93.009379
1 1.464501 2.000000 1.264423 0.097815 0.044177 0.003394 23.000000 0.000000 33.000000 14.000000 1.000000 1.000000 60.140234
1 4.272812 2.000000 4.049977 0.076477 0.036920 0.012640 44.000000 0.000000 36.000000 29.000000 1.000000 1.000000 63.121566
1 2.602106 2.000000 2.107377 0.248977 0.112919 0.002224 19.000000 0.000000 59.000000 62.000000 1.000000 1.000000 61.748022
1 1.304331 2.000000 1.230614 0.036793 0.014966 0.002181 14.000000 0.000000 0.000000 15.000000 1.000000 1.000000 61.479315
1 1.504696 2.000000 1.231790 0.139220 0.057263 0.004158 28.000000 0.000000 21.000000 220.000000 1.000000 1.000000 69.155086
1 1.459543 2.000000 1.209674 0.123437 0.056280 0.011386 28.000000 0.000000 32.000000 14.000000 1.000000 1.000000 99.394281
1 2.292498 2.000000 2.120360 0.081209 0.036517 0.004957 23.000000 0.000000 8.000000 37.000000 1.000000 1.000000 53.377240
1 1.444470 2.000000 1.225338 0.111573 0.046231 0.004161 28.000000 0.000000 24.000000 16.000000 1.000000 1.000000 88.336961
1 2.544692 2.000000 2.095166 0.224339 0.095048 0.011518 44.000000 0.000000 20.000000 70.000000 1.000000 1.000000 99.666395
1 1.542790 2.000000 1.260492 0.140000 0.062036 0.008227 33.000000 0.000000 61.000000 42.000000 1.000000 1.000000 109.323159
1 2.197477 2.000000 2.109286 0.039215 0.017965 0.002462 21.000000 0.000000 4.000000 4.000000 1.000000 1.000000 70.071529
1 1.561314 2.000000 1.258627 0.153449 0.068608 0.005430 34.000000 0.000000 70.000000 39.000000 1.000000 1.000000 89.092320
1 1.356727 2.000000 1.247712 0.052085 0.023309 0.003957 24.000000 0.000000 23.000000 0.000000 1.000000 1.000000 66.480047
1 2.304973 2.000000 2.158990 0.071326 0.030919 0.002415 18.000000 0.000000 6.000000 18.000000 1.000000 1.000000 54.202405
1 1.355396 2.000000 1.263116 0.047994 0.019870 0.001506 12.000000 0.000000 0.000000 24.000000 1.000000 1.000000 48.699179
1 1.413116 2.000000 1.246311 0.083886 0.035754 0.005277 27.000000 0.000000 32.000000 12.000000 1.000000 1.000000 59.169715
1 1.452795 2.000000 1.252759 0.100773 0.042952 0.003928 26.000000 0.000000 7.000000 50.000000 1.000000 1.000000 85.487587
1 1.512991 2.000000 1.287817 0.113392 0.048992 0.005886 27.000000 0.000000 24.000000 13.000000 1.000000 1.000000 88.828054
1 1.500360 2.000000 1.220128 0.139523 0.061329 0.007175 31.000000 0.000000 51.000000 11.000000 1.000000 1.000000 86.883898
1 1.368472 2.000000 1.292693 0.038370 0.015770 0.001840 14.000000 0.000000 6.000000 12.000000 1.000000 1.000000 51.128816
1 1.638857 2.000000 1.280947 0.185072 0.080348 0.011440 39.000000 0.000000 33.000000 25.000000 1.000000 1.000000 105.487097
1 1.396328 2.000000 1.231326 0.082232 0.037121 0.005266 23.000000 0.000000 33.000000 7.000000 1.000000 1.000000 82.735645
1 1.320660 2.000000 1.250697 0.033257 0.013721 0.003705 18.000000 0.000000 5.000000 23.000000 1.000000 1.000000 63.198766
1 2.342397 2.000000 2.110837 0.108935 0.049986 0.005432 29.000000 0.000000 6.000000 36.000000 1.000000 1.000000 70.496985
1 4.295354 2.000000 4.032353 0.085880 0.044194 0.026120 41.000000 0.000000 6.000000 26.000000 1.000000 1.000000 79.105900
1 4.396762 2.000000 2.916735 0.760035 0.332798 0.004142 30.000000 0.000000 89.000000 266.000000 1.000000 1.000000 72.506426
1 1.418704 2.000000 1.286654 0.069828 0.027666 0.001625 15.000000 0.000000 19.000000 36.000000 1.000000 1.000000 63.816883
1 2.410071 2.000000 2.214732 0.095048 0.043592 0.002209 17.000000 0.000000 5.000000 30.000000 1.000000 1.000000 54.077054
1 2.278260 2.000000 2.166527 0.054051 0.022026 0.004300 18.000000 0.000000 42.000000 15.000000 1.000000 1.000000 41.356962
1 2.749620 2.000000 1.248020 0.793631 0.334460 0.007029 40.000000 0.000000 187.000000 127.000000 1.000000 1.000000 100.977171
1 1.469775 2.000000 1.291216 0.093767 0.039534 0.001473 13.000000 0.000000 5.000000 30.000000 1.000000 1.000000 45.812569
1 2.474140 2.000000 2.135546 0.165386 0.075936 0.005869 30.000000 0.000000 31.000000 33.000000 1.000000 1.000000 67.363112
1 1.638565 2.000000 1.244423 0.192478 0.090921 0.013408 32.000000 0.000000 4.000000 20.000000 1.000000 1.000000 106.371938
1 1.476305 2.000000 1.272839 0.103268 0.046156 0.005021 21.000000 0.000000 35.000000 5.000000 1.000000 1.000000 86.294268
1 1.391947 2.000000 1.236493 0.076429 0.033838 0.006220 24.000000 0.000000 3.000000 14.000000 1.000000 1.000000 86.481603
1 1.386254 2.000000 1.269252 0.059798 0.024261 0.002442 17.000000 0.000000 12.000000 37.000000 1.000000 1.000000 54.876834
1 1.403326 2.000000 1.313943 0.043632 0.019225 0.003294 20.000000 0.000000 15.000000 2.000000 1.000000 1.000000 67.199391
1 1.371498 2.000000 1.297754 0.037743 0.015804 0.001353 12.000000 0.000000 12.000000 3.000000 1.000000 1.000000 41.018939
1 1.501905 2.000000 1.286803 0.108182 0.046772 0.005743 24.000000 0.000000 4.000000 40.000000 1.000000 1.000000 85.189861
1 1.436087 2.000000 1.276551 0.080478 0.036744 0.003563 20.000000 0.000000 1.000000 17.000000 1.000000 1.000000 89.700107
1 2.973666 2.000000 1.261178 0.895946 0.398418 0.010328 55.000000 0.000000 166.000000 299.000000 1.000000 1.000000 96.880534
1 1.593973 2.000000 1.203895 0.205039 0.084854 0.005716 33.000000 0.000000 45.000000 93.000000 1.000000 1.000000 67.856969
1 1.381149 2.000000 1.281457 0.051292 0.019895 0.003088 17.000000 0.000000 12.000000 16.000000 1.000000 1.000000 59.068973
1 1.329168 2.000000 1.269775 0.029979 0.012540 0.001550 14.000000 0.000000 0.000000 8.000000 1.000000 1.000000 53.638711
1 2.267163 2.000000 2.168430 0.045433 0.021190 0.003684 16.000000 0.000000 1.000000 26.000000 1.000000 1.000000 74.729386
1 1.626067 2.000000 1.392659 0.117112 0.054941 0.005028 27.000000 0.000000 33.000000 23.000000 1.000000 1.000000 84.819474
1 1.459526 2.000000 1.290990 0.081500 0.038354 0.002031 15.000000 0.000000 10.000000 29.000000 1.000000 1.000000 58.721435
1 1.434833 2.000000 1.278748 0.075804 0.033832 0.007112 24.000000 0.000000 0.000000 8.000000 1.000000 1.000000 112.045916
1 1.385028 2.000000 1.237195 0.072176 0.032216 0.004452 28.000000 0.000000 19.000000 13.000000 1.000000 1.000000 68.299831
1 1.773131 2.000000 1.275067 0.256859 0.111393 0.006421 30.000000 0.000000 56.000000 86.000000 1.000000 1.000000 52.890509
1 1.405644 2.000000 1.293273 0.056032 0.025400 0.002539 19.000000 0.000000 19.000000 34.000000 1.000000 1.000000 54.223396
1 1.766583 2.000000 1.258935 0.251828 0.123292 0.013880 35.000000 0.000000 80.000000 45.000000 1.000000 1.000000 71.265586
1 2.297888 2.000000 2.084603 0.098221 0.045303 0.004946 29.000000 0.000000 32.000000 31.000000 1.000000 1.000000 84.891814
1 1.357337 2.000000 1.234820 0.060238 0.026947 0.004152 22.000000 0.000000 4.000000 9.000000 1.000000 1.000000 83.250045
1 1.344878 2.000000 1.258362 0.043516 0.017403 0.002536 16.000000 0.000000 9.000000 5.000000 1.000000 1.000000 72.880225
1 1.477339 2.000000 1.252349 0.107215 0.050271 0.009055 37.000000 0.000000 57.000000 24.000000 1.000000 1.000000 83.670831
1 1.667088 2.000000 1.251126 0.208738 0.092501 0.006657 39.000000 0.000000 76.000000 21.000000 1.000000 1.000000 90.346429
1 2.341606 2.000000 2.146388 0.091057 0.042641 0.005547 26.000000 0.000000 15.000000 32.000000 1.000000 1.000000 74.119023
1 2.689873 4.000000 2.179464 0.248144 0.116506 0.015188 47.000000 0.000000 15.000000 74.000000 1.000000 1.000000 78.699880
1 3.632562 4.000000 1.273657 1.189605 0.578979 0.063491 138.000000 0.000000 219.000000 69.000000 1.000000 1.000000 129.408858
1 1.459149 4.000000 1.280492 0.080804 0.039559 0.014403 31.000000 0.000000 0.000000 7.000000 1.000000 1.000000 69.902135
1 2.570680 4.000000 1.326792 0.633352 0.307748 0.030059 57.000000 0.000000 45.000000 45.000000 1.000000 1.000000 105.481119
1 1.710423 4.000000 1.273449 0.215938 0.103275 0.015861 41.000000 0.000000 80.000000 31.000000 1.000000 1.000000 74.210362
1 3.336530 4.000000 2.902225 0.193186 0.096092 0.016657 61.000000 0.000000 37.000000 71.000000 1.000000 1.000000 82.688189
1 1.616036 4.000000 1.420428 0.087827 0.042699 0.011739 50.000000 0.000000 17.000000 20.000000 1.000000 1.000000 67.988660
1 2.463863 4.000000 1.885601 0.243549 0.127904 0.037976 87.000000 0.000000 133.000000 29.000000 1.000000 1.000000 104.303473
1 2.106779 4.000000 1.489443 0.289392 0.145930 0.017177 81.000000 0.000000 107.000000 101.000000 1.000000 1.000000 125.458385
1 2.181358 4.000000 1.482007 0.315717 0.155570 0.024288 123.000000 0.000000 74.000000 235.000000 1.000000 1.000000 89.010773
1 1.537991 4.000000 1.107714 0.207092 0.105712 0.007695 64.000000 0.000000 42.000000 174.000000 1.000000 1.000000 48.183882
1 2.224960 4.000000 1.101700 0.559879 0.273115 0.020081 122.000000 0.000000 299.000000 282.000000 1.000000 1.000000 76.193896
1 1.402235 4.000000 1.125622 0.125074 0.060389 0.019276 57.000000 0.000000 17.000000 104.000000 1.000000 1.000000 67.233776
1 1.763614 4.000000 1.575658 0.074199 0.039157 0.014015 53.000000 0.000000 18.000000 12.000000 1.000000 1.000000 89.642206
1 1.372385 4.000000 1.194690 0.082677 0.038828 0.009493 40.000000 0.000000 2.000000 36.000000 1.000000 1.000000 70.573566
1 3.336530 4.000000 2.902225 0.193186 0.096092 0.016657 61.000000 0.000000 37.000000 71.000000 1.000000 1.000000 82.688189
1 1.432962 4.000000 1.165097 0.123850 0.059800 0.013144 54.000000 0.000000 22.000000 42.000000 1.000000 1.000000 106.649669
1 1.495970 4.000000 1.174669 0.147812 0.074624 0.017059 71.000000 0.000000 23.000000 54.000000 1.000000 1.000000 130.092539
1 1.779403 4.000000 1.169734 0.296985 0.146249 0.015698 74.000000 0.000000 151.000000 76.000000 1.000000 1.000000 74.431975
1 1.571023 4.000000 1.171526 0.176472 0.093427 0.024008 73.000000 0.000000 83.000000 34.000000 1.000000 1.000000 91.255765
1 2.051331 4.000000 1.605076 0.188251 0.102582 0.027384 76.000000 0.000000 43.000000 51.000000 1.000000 1.000000 88.573920
1 1.359274 4.000000 1.190568 0.078197 0.037114 0.009295 38.000000 0.000000 24.000000 18.000000 1.000000 1.000000 50.273985
1 3.862120 4.000000 2.212227 0.757033 0.389923 0.044260 121.000000 0.000000 289.000000 138.000000 1.000000 1.000000 96.013706
1 0.942149 4.000000 0.726207 0.106184 0.052265 0.007983 33.000000 0.000000 16.000000 59.000000 1.000000 1.000000 71.513198
1 1.346733 4.000000 0.699226 0.331026 0.156663 0.016396 53.000000 0.000000 66.000000 83.000000 1.000000 1.000000 85.285703
1 4.014259 4.000000 2.149978 0.938163 0.463467 0.020372 74.000000 0.000000 144.000000 356.000000 1.000000 1.000000 43.114563
1 2.691642 4.000000 0.822780 0.934359 0.481186 0.028832 149.000000 0.000000 272.000000 288.000000 1.000000 1.000000 102.371945
1 5.315033 4.000000 2.494287 1.316990 0.658941 0.071972 210.000000 0.000000 330.000000 587.000000 1.000000 1.000000 59.704464
1 0.967101 4.000000 0.750348 0.105831 0.047956 0.013042 42.000000 0.000000 29.000000 27.000000 1.000000 1.000000 76.897482
1 3.629018 4.000000 1.691398 0.987557 0.460467 0.017690 122.000000 0.000000 144.000000 362.000000 1.000000 1.000000 122.161251
1 1.944356 4.000000 0.741124 0.620613 0.293614 0.019967 104.000000 0.000000 291.000000 269.000000 1.000000 1.000000 69.879655
1 1.631434 4.000000 1.179617 0.223370 0.104044 0.014705 67.000000 0.000000 115.000000 99.000000 1.000000 1.000000 55.131937
1 1.944834 4.000000 1.639473 0.132401 0.068545 0.014001 55.000000 0.000000 35.000000 51.000000 1.000000 1.000000 75.216941
1 1.743120 4.000000 1.211295 0.262430 0.126831 0.015690 69.000000 0.000000 67.000000 145.000000 1.000000 1.000000 74.952925
1 3.097962 4.000000 1.235273 0.970166 0.450341 0.021254 70.000000 0.000000 36.000000 513.000000 1.000000 1.000000 65.989800
1 7.504628 4.000000 3.310163 2.013727 0.971839 0.117151 290.000000 0.000000 235.000000 692.000000 1.000000 1.000000 167.259107
1 2.026989 4.000000 1.886683 0.055383 0.027671 0.010678 36.000000 0.000000 6.000000 12.000000 1.000000 1.000000 78.574508
1 3.629018 4.000000 1.691398 0.987557 0.460467 0.017690 122.000000 0.000000 144.000000 362.000000 1.000000 1.000000 122.161251
1 1.134230 4.000000 0.685964 0.219864 0.105149 0.019544 63.000000 0.000000 61.000000 98.000000 1.000000 1.000000 71.551734
1 2.318256 4.000000 1.250572 0.529532 0.254731 0.024046 111.000000 0.000000 190.000000 285.000000 1.000000 1.000000 74.734706
1 2.105099 4.000000 1.203839 0.428905 0.208893 0.043132 64.000000 0.000000 68.000000 101.000000 1.000000 1.000000 123.675427
1 3.750749 4.000000 2.490786 0.612824 0.304093 0.023449 75.000000 0.000000 172.000000 106.000000 1.000000 1.000000 87.353691
1 2.273683 4.000000 2.070559 0.087523 0.041885 0.014520 35.000000 0.000000 6.000000 11.000000 1.000000 1.000000 62.674427
1 3.566349 4.000000 2.133465 0.734279 0.308997 0.024665 78.000000 0.000000 20.000000 4963.000000 1.000000 1.000000 107.038812
1 3.862120 4.000000 2.212227 0.757033 0.389923 0.044260 121.000000 0.000000 289.000000 138.000000 1.000000 1.000000 96.013706
1 3.159740 4.000000 2.625632 0.194405 0.104662 0.051239 128.000000 0.000000 47.000000 106.000000 1.000000 1.000000 119.808359
1 5.315033 4.000000 2.494287 1.316990 0.658941 0.071972 210.000000 0.000000 330.000000 587.000000 1.000000 1.000000 59.704464
1 1.336294 4.000000 1.135395 0.088171 0.044774 0.015159 47.000000 0.000000 0.000000 32.000000 1.000000 1.000000 90.453903
1 2.160025 4.000000 1.643524 0.234279 0.114993 0.019263 81.000000 0.000000 87.000000 105.000000 1.000000 1.000000 76.770918
1 24.861951 4.000000 0.764863 8.897624 1.768604 0.006465 47.000000 0.000000 42.000000 63003.000000 1.000000 1.000000 99.395692
1 1.346366 4.000000 1.171612 0.077446 0.039575 0.008905 40.000000 0.000000 13.000000 18.000000 1.000000 1.000000 57.732252
1 1.466284 4.000000 1.169591 0.134498 0.065838 0.018797 57.000000 0.000000 21.000000 83.000000 1.000000 1.000000 75.577160
1 0.886142 4.000000 0.733987 0.072760 0.035212 0.006127 38.000000 0.000000 15.000000 21.000000 1.000000 1.000000 66.795934
1 2.017706 4.000000 1.229245 0.364846 0.190643 0.037364 96.000000 0.000000 16.000000 246.000000 1.000000 1.000000 71.155293
1 3.397772 4.000000 2.001050 0.618696 0.318631 0.057557 93.000000 0.000000 161.000000 84.000000 1.000000 1.000000 63.856220
1 2.356198 4.000000 1.554015 0.421454 0.186228 0.017936 49.000000 0.000000 71.000000 75.000000 1.000000 1.000000 91.455228
1 1.832937 4.000000 1.231721 0.298588 0.143690 0.021319 45.000000 0.000000 35.000000 70.000000 1.000000 1.000000 64.933812
1 1.603060 4.000000 1.282204 0.156733 0.076540 0.013036 47.000000 0.000000 49.000000 26.000000 1.000000 1.000000 83.123831
1 1.585546 4.000000 1.209947 0.195000 0.070923 0.009641 43.000000 0.000000 13.000000 713.000000 1.000000 1.000000 86.595436
1 1.448007 4.000000 1.258422 0.082691 0.039727 0.016152 52.000000 0.000000 15.000000 20.000000 1.000000 1.000000 88.643788
1 8.022227 6.000000 2.721858 2.422014 1.273963 0.270964 316.000000 0.000000 641.000000 769.000000 1.000000 1.000000 71.011054
1 1.792649 6.000000 1.135970 0.304736 0.158281 0.038295 86.000000 0.000000 75.000000 83.000000 1.000000 1.000000 57.370382
1 2.815875 6.000000 1.560489 0.568092 0.285936 0.068018 161.000000 0.000000 37.000000 325.000000 1.000000 1.000000 77.630335
1 8.717321 6.000000 1.662070 3.371511 1.807918 0.146696 245.000000 0.000000 516.000000 821.000000 1.000000 1.000000 73.261573
1 2.543631 6.000000 2.103422 0.206199 0.106236 0.013887 51.000000 0.000000 57.000000 21.000000 1.000000 1.000000 55.521361
1 2.779115 6.000000 1.244486 0.729978 0.364525 0.070805 159.000000 0.000000 182.000000 744.000000 1.000000 1.000000 86.205447
1 3.990383 6.000000 1.569682 1.160335 0.594794 0.122349 110.000000 0.000000 110.000000 296.000000 1.000000 1.000000 82.886713
1 1.940420 6.000000 1.677405 0.106305 0.058707 0.027761 62.000000 0.000000 0.000000 30.000000 1.000000 1.000000 56.923669
1 4.538324 6.000000 1.247623 1.580326 0.812567 0.126597 232.000000 0.000000 404.000000 399.000000 1.000000 1.000000 112.733290
1 5.353182 6.000000 1.962818 1.477104 0.802711 0.149747 380.000000 0.000000 601.000000 483.000000 1.000000 1.000000 146.451943
1 10.405748 6.000000 2.894713 3.468071 1.804904 0.373079 303.000000 0.000000 562.000000 982.000000 1.000000 1.000000 101.536912
1 13.742352 6.000000 1.234415 6.187473 3.235182 0.209722 478.000000 0.000000 2440.000000 1210.000000 1.000000 1.000000 78.925081
1 3.954782 6.000000 1.661712 1.094781 0.548561 0.063795 209.000000 0.000000 281.000000 248.000000 1.000000 1.000000 153.839776
1 4.236339 6.000000 2.978403 0.558773 0.307938 0.050815 119.000000 0.000000 223.000000 144.000000 1.000000 1.000000 73.902066
1 2.380508 6.000000 1.248146 0.537135 0.280787 0.049042 97.000000 0.000000 17.000000 291.000000 1.000000 1.000000 78.396601
1 5.403244 6.000000 2.194849 1.445705 0.736909 0.152986 263.000000 0.000000 125.000000 508.000000 1.000000 1.000000 100.022524
1 7.384922 6.000000 1.642920 2.780363 1.428825 0.106815 239.000000 0.000000 508.000000 553.000000 1.000000 1.000000 76.275520
1 1.558075 6.000000 1.248828 0.141580 0.069488 0.020634 55.000000 0.000000 42.000000 19.000000 1.000000 1.000000 69.854724
1 7.304219 6.000000 2.029580 2.195692 1.174622 0.336833 428.000000 0.000000 630.000000 572.000000 1.000000 1.000000 67.534135
1 6.755306 6.000000 1.644740 2.457218 1.268936 0.149484 225.000000 0.000000 399.000000 525.000000 1.000000 1.000000 85.158781
1 2.248372 6.000000 1.217271 0.453458 0.232495 0.108316 138.000000 0.000000 111.000000 125.000000 1.000000 1.000000 98.443456
1 7.588741 6.000000 1.210096 3.184477 1.615353 0.094092 213.000000 0.000000 721.000000 960.000000 1.000000 1.000000 69.426100
1 5.360409 6.000000 1.642469 1.727821 0.890889 0.146369 202.000000 0.000000 186.000000 630.000000 1.000000 1.000000 93.528860
1 2.037277 6.000000 1.484200 0.260254 0.130350 0.024059 71.000000 0.000000 45.000000 90.000000 1.000000 1.000000 59.457630
1 4.077771 6.000000 1.673374 1.039765 0.548783 0.193294 181.000000 0.000000 138.000000 246.000000 1.000000 1.000000 107.559984
1 2.529213 6.000000 2.051103 0.234060 0.111375 0.018956 53.000000 0.000000 12.000000 244.000000 1.000000 1.000000 64.171313
1 3.387886 6.000000 1.212797 1.041831 0.534891 0.065960 180.000000 0.000000 258.000000 440.000000 1.000000 1.000000 130.192904
1 13.490610 6.000000 2.881367 4.991618 2.587105 0.343094 617.000000 0.000000 1637.000000 2220.000000 1.000000 1.000000 91.397305
1 3.077235 6.000000 1.251744 0.841120 0.450818 0.087178 229.000000 0.000000 190.000000 238.000000 1.000000 1.000000 152.221266
1 18.149121 6.000000 1.172231 8.737691 4.292908 0.109460 251.000000 0.000000 3176.000000 3451.000000 1.000000 1.000000 113.733442
1 5.727523 6.000000 1.843082 1.934003 0.962602 0.076080 171.000000 0.000000 419.000000 519.000000 1.000000 1.000000 116.635206
1 5.752543 6.000000 1.664550 1.999893 0.996766 0.073798 220.000000 0.000000 159.000000 688.000000 1.000000 1.000000 90.574440
1 2.508286 6.000000 2.006749 0.217075 0.113582 0.030266 77.000000 0.000000 75.000000 95.000000 1.000000 1.000000 48.036166
1 6.889523 6.000000 2.217837 2.167671 1.143825 0.106267 307.000000 0.000000 412.000000 954.000000 1.000000 1.000000 101.910137
1 2.144845 6.000000 1.805313 0.153533 0.078153 0.015498 57.000000 0.000000 21.000000 50.000000 1.000000 1.000000 79.423981
0 76.271176 6.000000 1.260892 46.319077 11.393646 0.022920 73.000000 0.000000 59.000000 317726.000000 1.000000 1.000000 -1.000000
0 76.698925 6.000000 1.697325 47.813369 3.660390 0.089902 309.000000 0.000000 365.000000 324404.000000 1.000000 1.000000 -1.000000
1 2.545610 6.000000 1.968894 0.274610 0.140338 0.014932 63.000000 0.000000 71.000000 55.000000 1.000000 1.000000 79.622036
1 4.450380 6.000000 1.664159 1.305556 0.688592 0.085887 219.000000 0.000000 349.000000 707.000000 1.000000 1.000000 99.138668
1 1.793381 6.000000 0.726747 0.515043 0.262423 0.055367 93.000000 0.000000 31.000000 214.000000 1.000000 1.000000 113.722129
1 15.132288 6.000000 1.658390 6.511202 3.405112 0.258629 431.000000 0.000000 1602.000000 1776.000000 1.000000 1.000000 82.154125
1 3.586925 6.000000 1.245656 1.130788 0.577194 0.064446 109.000000 0.000000 145.000000 387.000000 1.000000 1.000000 86.172889
1 3.219222 6.000000 2.382828 0.362606 0.193613 0.063493 100.000000 0.000000 81.000000 87.000000 1.000000 1.000000 83.967677
1 6.301913 6.000000 1.867822 2.081496 1.055642 0.129495 414.000000 0.000000 479.000000 455.000000 1.000000 1.000000 135.351920
1 1.745745 6.000000 1.411545 0.151825 0.077000 0.020804 52.000000 0.000000 60.000000 29.000000 1.000000 1.000000 58.046628
1 15.187649 6.000000 1.403969 6.757698 3.626207 0.277751 566.000000 0.000000 819.000000 2671.000000 1.000000 1.000000 141.926150
1 2.725010 6.000000 1.430888 0.600846 0.317851 0.065743 121.000000 0.000000 120.000000 353.000000 1.000000 1.000000 105.334712
1 2.853658 6.000000 1.414549 0.657693 0.351157 0.084922 133.000000 0.000000 163.000000 159.000000 1.000000 1.000000 77.053106
1 3.399126 6.000000 0.889150 1.234057 0.642694 0.074836 175.000000 0.000000 208.000000 426.000000 1.000000 1.000000 88.647096
1 4.701454 6.000000 1.422573 1.545836 0.794362 0.145516 252.000000 0.000000 140.000000 502.000000 1.000000 1.000000 115.695606
1 2.737373 6.000000 1.532187 0.534874 0.285669 0.067221 146.000000 0.000000 246.000000 174.000000 1.000000 1.000000 70.746719
1 15.258848 6.000000 1.939655 5.872611 3.204057 0.436284 1016.000000 0.000000 3244.000000 1896.000000 1.000000 1.000000 169.593293
1 5.808134 6.000000 1.304550 2.225600 1.103786 0.185287 247.000000 0.000000 553.000000 498.000000 1.000000 1.000000 86.451701
1 12.621144 6.000000 2.137411 5.068251 2.657058 0.229776 459.000000 0.000000 765.000000 1870.000000 1.000000 1.000000 65.879751
1 15.502496 6.000000 2.882613 6.134500 3.069410 0.257149 420.000000 0.000000 674.000000 1593.000000 1.000000 1.000000 126.481796
1 16.403419 6.000000 3.019095 6.038380 3.410829 0.591545 652.000000 0.000000 416.000000 805.000000 1.000000 1.000000 261.855151
1 6.405512 6.000000 2.146582 2.012183 1.059993 0.189719 211.000000 0.000000 166.000000 704.000000 1.000000 1.000000 89.589489
1 2.789808 6.000000 1.270328 0.747142 0.366607 0.067445 92.000000 0.000000 57.000000 170.000000 1.000000 1.000000 109.749134
1 4.949797 6.000000 2.196584 1.317786 0.668609 0.141465 121.000000 0.000000 145.000000 147.000000 1.000000 1.000000 116.475512
1 12.751472 8.000000 3.689639 3.523489 1.926612 1.044457 695.000000 0.000000 415.000000 811.000000 1.000000 1.000000 99.955737
1 26.654853 8.000000 2.241028 12.026706 5.981930 0.826648 662.000000 0.000000 637.000000 4039.000000 1.000000 1.000000 116.620482
1 10.437529 8.000000 3.044656 3.266750 1.788666 0.468876 422.000000 0.000000 188.000000 1274.000000 1.000000 1.000000 86.120875
0 77.287608 8.000000 2.243070 49.282191 5.400272 0.166403 153.000000 0.000000 154.000000 254817.000000 1.000000 1.000000 -1.000000
1 30.409302 8.000000 1.400174 14.179656 7.344141 0.801122 896.000000 0.000000 2055.000000 5601.000000 1.000000 1.000000 78.749222
1 11.330538 8.000000 1.613313 4.655205 2.504860 0.178314 401.000000 0.000000 327.000000 883.000000 1.000000 1.000000 131.734400
1 33.397300 8.000000 2.817547 13.761597 7.261067 1.102470 2058.000000 0.000000 1719.000000 5053.000000 1.000000 1.000000 239.216123
1 10.892215 8.000000 1.581570 4.056814 2.238241 0.579930 751.000000 0.000000 678.000000 1561.000000 1.000000 1.000000 195.289995
1 17.789205 8.000000 4.450632 5.038082 2.686376 1.626915 1328.000000 0.000000 1834.000000 1176.000000 1.000000 1.000000 144.304397
1 4.445131 8.000000 1.240874 1.537452 0.813489 0.091736 242.000000 0.000000 517.000000 535.000000 1.000000 1.000000 82.035450
1 7.547043 8.000000 0.804276 3.307214 1.727040 0.298401 261.000000 0.000000 295.000000 629.000000 1.000000 1.000000 145.565854
1 7.041226 8.000000 2.208783 2.409594 1.231744 0.123562 226.000000 0.000000 441.000000 817.000000 1.000000 1.000000 68.819051
1 31.528136 8.000000 1.999793 14.514684 7.429097 0.525304 918.000000 0.000000 4755.000000 4477.000000 1.000000 1.000000 108.659576
1 35.716880 8.000000 1.547074 15.604874 8.304500 1.647071 1834.000000 0.000000 2722.000000 5963.000000 1.000000 1.000000 86.496638
0 78.364337 8.000000 3.231919 34.939266 18.430562 1.874272 3646.000000 0.000000 6341.000000 12355.000000 1.000000 1.000000 -1.000000
1 20.341469 8.000000 1.776342 8.514030 4.638396 0.816670 867.000000 0.000000 423.000000 3888.000000 1.000000 1.000000 82.157727
1 3.932641 8.000000 1.859110 0.811538 0.464901 0.186016 302.000000 0.000000 79.000000 412.000000 1.000000 1.000000 106.140106
1 6.974807 8.000000 2.082833 1.916481 1.073461 0.458406 352.000000 0.000000 272.000000 340.000000 1.000000 1.000000 93.848521
1 54.788243 8.000000 2.965159 23.614649 12.442509 1.325815 2000.000000 0.000000 5019.000000 9936.000000 1.000000 1.000000 135.702331
1 48.549064 8.000000 1.813790 16.305141 8.434180 1.355013 1196.000000 0.000000 5148.000000 11067.000000 1.000000 1.000000 111.791249
1 9.568921 8.000000 1.652172 3.620767 2.060817 0.253691 510.000000 0.000000 255.000000 1894.000000 1.000000 1.000000 159.044389
1 14.940931 8.000000 2.472814 5.675614 3.076320 0.771463 599.000000 0.000000 1213.000000 2055.000000 1.000000 1.000000 101.396126
1 44.329227 8.000000 0.713049 22.101267 11.244870 0.406809 560.000000 0.000000 8358.000000 7538.000000 1.000000 1.000000 182.789767
1 8.166191 8.000000 1.288766 3.310491 1.773575 0.165848 272.000000 0.000000 610.000000 935.000000 1.000000 1.000000 97.090946
1 11.467579 8.000000 1.278817 5.003132 2.577412 0.222793 396.000000 0.000000 1557.000000 1430.000000 1.000000 1.000000 68.428857
1 35.190680 8.000000 1.801998 15.630904 8.453855 1.058854 1422.000000 0.000000 2279.000000 4051.000000 1.000000 1.000000 260.112565
1 17.676417 8.000000 1.607181 7.393986 4.068790 0.532408 848.000000 0.000000 1229.000000 1983.000000 1.000000 1.000000 142.827571
1 5.053750 8.000000 1.772475 1.538233 0.863872 0.077753 160.000000 0.000000 468.000000 189.000000 1.000000 1.000000 86.660778
1 15.587731 8.000000 0.835046 7.600186 3.817238 0.220628 337.000000 0.000000 841.000000 2410.000000 1.000000 1.000000 75.756363
1 18.764767 8.000000 2.353394 7.312688 4.075745 0.671076 1154.000000 0.000000 693.000000 3015.000000 1.000000 1.000000 254.666704
1 9.264708 8.000000 1.585192 3.576665 1.903073 0.334261 531.000000 0.000000 1024.000000 1147.000000 1.000000 1.000000 144.044047
1 36.527472 8.000000 6.104364 11.836798 6.719819 2.007634 2842.000000 0.000000 2228.000000 4417.000000 1.000000 1.000000 242.667245
1 13.700982 8.000000 1.653484 5.605190 3.015335 0.387520 749.000000 0.000000 1560.000000 2882.000000 1.000000 1.000000 77.001470
1 43.057513 8.000000 1.684187 20.567724 10.627204 0.630535 773.000000 0.000000 4942.000000 6942.000000 1.000000 1.000000 77.497358
1 26.710865 8.000000 2.021430 11.252252 5.983161 0.952778 1348.000000 0.000000 3473.000000 3503.000000 1.000000 1.000000 80.041640
1 9.582986 8.000000 1.926704 3.411632 1.826739 0.553584 609.000000 0.000000 789.000000 1747.000000 1.000000 1.000000 175.635483
1 13.218599 8.000000 1.543458 5.536019 2.981650 0.264382 645.000000 0.000000 774.000000 1404.000000 1.000000 1.000000 161.061936
1 5.367896 8.000000 1.132170 2.053879 1.065203 0.175855 224.000000 0.000000 596.000000 631.000000 1.000000 1.000000 106.112497
1 32.140489 8.000000 1.740251 14.020384 7.348145 0.986256 1402.000000 0.000000 3712.000000 4526.000000 1.000000 1.000000 81.741064
0 76.415373 8.000000 1.312507 37.448483 19.054162 1.337527 787.000000 0.000000 6764.000000 16096.000000 1.000000 1.000000 -1.000000
0 77.330603 8.000000 2.182087 11.873623 4.505795 0.201470 392.000000 0.000000 693.000000 20853.000000 1.000000 1.000000 -1.000000
1 9.703153 8.000000 2.860766 3.021975 1.665823 0.461562 445.000000 0.000000 652.000000 498.000000 1.000000 1.000000 152.784535
1 8.021787 8.000000 1.707956 2.875955 1.561854 0.363310 328.000000 0.000000 646.000000 850.000000 1.000000 1.000000 97.160948
0 77.015685 8.000000 1.747911 36.845260 18.113216 0.729367 1004.000000 0.000000 9057.000000 27567.000000 1.000000 1.000000 -1.000000
1 12.966592 8.000000 2.227118 4.885647 2.741089 0.384102 668.000000 0.000000 926.000000 1834.000000 1.000000 1.000000 116.923826
1 8.581342 8.000000 3.025402 2.385447 1.288775 0.420268 564.000000 0.000000 189.000000 746.000000 1.000000 1.000000 146.355092
1 2.792398 8.000000 1.474204 0.640349 0.332472 0.040779 95.000000 0.000000 96.000000 104.000000 1.000000 1.000000 75.967748
1 3.786597 8.000000 1.547813 1.002283 0.580577 0.058873 251.000000 0.000000 294.000000 510.000000 1.000000 1.000000 70.583595
1 2.730675 8.000000 1.239643 0.722039 0.377138 0.040828 129.000000 0.000000 208.000000 247.000000 1.000000 1.000000 75.814360
1 15.892509 8.000000 2.764196 5.706496 3.154200 0.581471 991.000000 0.000000 196.000000 2587.000000 1.000000 1.000000 127.911492
1 38.974533 8.000000 1.654143 18.670044 9.561795 0.542300 721.000000 0.000000 3285.000000 9755.000000 1.000000 1.000000 91.051684
1 3.404288 8.000000 1.561502 0.841221 0.468206 0.063412 161.000000 0.000000 23.000000 327.000000 1.000000 1.000000 68.473928
1 18.477029 8.000000 1.735747 7.524207 4.063961 0.912086 1084.000000 0.000000 2630.000000 2511.000000 1.000000 1.000000 162.337124
1 4.398163 8.000000 1.296441 1.525313 0.795101 0.072839 199.000000 0.000000 261.000000 368.000000 1.000000 1.000000 189.078757
1 3.019095 8.000000 1.234476 0.854001 0.439737 0.073786 140.000000 0.000000 234.000000 253.000000 1.000000 1.000000 71.734919
1 30.225008 8.000000 1.721786 12.915957 7.169799 0.976519 1534.000000 0.000000 2289.000000 3588.000000 1.000000 1.000000 181.172838
1 10.521426 8.000000 1.881993 4.151211 2.159398 0.309848 451.000000 0.000000 794.000000 1607.000000 1.000000 1.000000 69.555836
1 10.503541 8.000000 1.445518 4.448582 2.310605 0.226642 353.000000 0.000000 1057.000000 1693.000000 1.000000 1.000000 70.772134
1 18.073015 10.000000 2.022793 7.058046 4.080541 0.358573 1423.000000 0.000000 688.000000 3115.000000 1.000000 1.000000 192.042185
1 7.764040 10.000000 2.157330 2.731990 1.480645 0.092588 222.000000 0.000000 312.000000 1194.000000 1.000000 1.000000 87.805132
1 22.267437 10.000000 2.040943 9.253197 5.184497 0.473024 827.000000 0.000000 674.000000 3164.000000 1.000000 1.000000 175.900719
1 75.928214 10.000000 1.316894 31.149796 13.413107 0.603047 1249.000000 0.000000 2345.000000 75047.000000 1.000000 1.000000 114.574342
1 41.433693 10.000000 1.841410 17.499610 9.461531 1.856854 2110.000000 0.000000 3562.000000 6167.000000 1.000000 1.000000 86.846119
1 25.714011 10.000000 3.028258 9.915273 5.699079 0.805857 1515.000000 0.000000 354.000000 2480.000000 1.000000 1.000000 315.115865
0 77.226482 10.000000 2.213792 33.861309 18.857217 2.487166 3121.000000 0.000000 3441.000000 7839.000000 1.000000 1.000000 -1.000000
1 12.333550 10.000000 1.285811 5.098199 2.837572 0.576004 553.000000 0.000000 395.000000 1710.000000 1.000000 1.000000 151.665160
1 30.314928 10.000000 1.630408 14.015698 7.220827 0.628392 784.000000 0.000000 4416.000000 3853.000000 1.000000 1.000000 90.345259
1 53.962433 10.000000 2.554102 24.482503 13.023412 1.305782 1534.000000 0.000000 3454.000000 10851.000000 1.000000 1.000000 218.108846
0 77.665629 10.000000 2.312298 35.506126 18.902813 1.685072 3051.000000 0.000000 2659.000000 10533.000000 1.000000 1.000000 -1.000000
1 39.172975 10.000000 2.127106 15.593811 9.239452 2.145767 2403.000000 0.000000 1879.000000 3171.000000 1.000000 1.000000 326.426039
1 60.912859 10.000000 2.509521 22.715677 12.634486 4.496253 4288.000000 0.000000 7614.000000 5927.000000 1.000000 1.000000 148.985565
1 4.563078 10.000000 2.026375 0.979887 0.575246 0.278750 353.000000 0.000000 86.000000 247.000000 1.000000 1.000000 127.774917
0 77.960408 10.000000 2.438793 30.425455 17.466176 4.355958 3709.000000 0.000000 5802.000000 6895.000000 1.000000 1.000000 -1.000000
1 11.691052 10.000000 2.496448 4.426338 2.347831 0.232718 344.000000 0.000000 376.000000 765.000000 1.000000 1.000000 92.612479
1 8.688737 10.000000 3.254084 2.357948 1.373068 0.303864 283.000000 0.000000 277.000000 449.000000 1.000000 1.000000 100.373968
1 6.481299 10.000000 3.227661 1.469607 0.822335 0.153162 164.000000 0.000000 318.000000 221.000000 1.000000 1.000000 77.337119
1 8.053165 10.000000 3.128810 2.160336 1.173824 0.324884 287.000000 0.000000 302.000000 441.000000 1.000000 1.000000 101.396837
1 67.544072 10.000000 3.333815 28.595393 15.540432 3.289881 2338.000000 0.000000 4389.000000 7298.000000 1.000000 1.000000 100.397589
1 17.119167 10.000000 2.444939 6.620307 3.175305 0.159502 283.000000 0.000000 291.000000 6345.000000 1.000000 1.000000 122.699129
0 77.517541 10.000000 2.488264 39.994581 13.581070 0.429073 634.000000 0.000000 1809.000000 153695.000000 1.000000 1.000000 -1.000000
1 13.639648 10.000000 2.514249 4.873044 2.723427 0.878764 678.000000 0.000000 1187.000000 1371.000000 1.000000 1.000000 110.014609
1 22.682736 10.000000 2.166099 8.199252 4.658521 1.919439 1673.000000 0.000000 2672.000000 1712.000000 1.000000 1.000000 112.421618
1 5.611127 10.000000 1.751343 1.650495 0.937991 0.316046 331.000000 0.000000 426.000000 550.000000 1.000000 1.000000 94.894433
1 11.680548 10.000000 1.411668 4.777150 2.591315 0.470640 593.000000 0.000000 1460.000000 1581.000000 1.000000 1.000000 56.675838
1 26.898819 10.000000 1.316160 12.540584 6.640352 0.656282 725.000000 0.000000 2190.000000 2904.000000 1.000000 1.000000 107.326875
1 51.153995 10.000000 1.633507 21.924048 12.106700 2.885926 2483.000000 0.000000 6685.000000 6390.000000 1.000000 1.000000 148.437035
1 30.281790 10.000000 3.306452 12.182774 6.879138 1.063819 1478.000000 0.000000 1640.000000 5158.000000 1.000000 1.000000 171.682645
1 6.776841 10.000000 2.450372 1.599371 0.926902 0.437560 566.000000 0.000000 424.000000 579.000000 1.000000 1.000000 109.843147
0 78.242580 10.000000 2.836558 28.027117 15.791694 6.624441 5345.000000 0.000000 8635.000000 9564.000000 1.000000 1.000000 -1.000000
1 25.422489 10.000000 2.234055 9.455883 5.386450 1.694420 1773.000000 0.000000 998.000000 3423.000000 1.000000 1.000000 162.137039
1 9.847799 10.000000 2.799226 3.014225 1.659672 0.517628 515.000000 0.000000 511.000000 729.000000 1.000000 1.000000 86.378922
1 5.119469 10.000000 2.060790 1.263269 0.722163 0.253924 382.000000 0.000000 266.000000 503.000000 1.000000 1.000000 93.477677
1 18.358908 10.000000 2.401839 5.902769 3.374627 1.565813 1784.000000 0.000000 675.000000 2887.000000 1.000000 1.000000 165.888470
0 77.569214 10.000000 2.136381 27.175163 15.566023 8.703459 5892.000000 0.000000 9030.000000 5582.000000 1.000000 1.000000 -1.000000
1 10.082661 10.000000 2.792405 2.669116 1.565563 0.951348 675.000000 0.000000 353.000000 688.000000 1.000000 1.000000 139.615524
1 61.785191 10.000000 1.371569 29.206652 15.494493 1.417362 1718.000000 0.000000 3616.000000 8644.000000 1.000000 1.000000 173.874186
0 77.763123 10.000000 2.760591 40.649999 13.872841 0.234001 428.000000 0.000000 249.000000 144596.000000 1.000000 1.000000 -1.000000
1 5.562440 10.000000 2.196935 1.384453 0.810874 0.208037 295.000000 0.000000 286.000000 336.000000 1.000000 1.000000 82.129556
1 38.098207 10.000000 2.692240 15.723046 8.770190 1.695109 1778.000000 0.000000 1657.000000 4660.000000 1.000000 1.000000 212.217742
1 20.022183 10.000000 2.585751 7.010097 3.971235 1.420789 1175.000000 0.000000 1680.000000 1505.000000 1.000000 1.000000 161.311047
0 78.532484 10.000000 3.259714 34.349901 18.319811 2.685616 2267.000000 0.000000 7801.000000 14346.000000 1.000000 1.000000 -1.000000
1 11.486384 10.000000 3.080889 3.673345 2.065336 0.541817 526.000000 0.000000 419.000000 756.000000 1.000000 1.000000 123.317407
1 8.184469 10.000000 2.184668 2.568229 1.487864 0.390762 443.000000 0.000000 358.000000 612.000000 1.000000 1.000000 127.588647
1 14.385351 10.000000 1.974396 4.986721 2.951942 1.283074 875.000000 0.000000 595.000000 1285.000000 1.000000 1.000000 208.046525
1 65.384755 10.000000 1.800365 27.244464 15.291468 3.948715 3427.000000 0.000000 2862.000000 9341.000000 1.000000 1.000000 185.272589
1 9.588959 10.000000 2.440611 3.093775 1.814995 0.355694 575.000000 0.000000 96.000000 948.000000 1.000000 1.000000 182.943657
1 3.637003 10.000000 1.439902 1.039444 0.564825 0.054133 158.000000 0.000000 197.000000 351.000000 1.000000 1.000000 77.659954
1 10.085025 10.000000 2.429035 3.673388 1.981625 0.194635 390.000000 0.000000 394.000000 1202.000000 1.000000 1.000000 113.218528
1 16.430165 10.000000 2.549297 6.145382 3.429111 0.895499 896.000000 0.000000 1019.000000 1940.000000 1.000000 1.000000 99.067282
1 10.912542 10.000000 1.688757 4.063945 2.245433 0.582741 642.000000 0.000000 920.000000 1293.000000 1.000000 1.000000 96.647767
1 30.757039 10.000000 2.083231 13.675979 7.466649 0.913512 1080.000000 0.000000 916.000000 4790.000000 1.000000 1.000000 172.169324
1 38.248482 10.000000 1.809363 15.667527 8.754055 2.382672 2168.000000 0.000000 5065.000000 4794.000000 1.000000 1.000000 144.665367
1 33.276882 10.000000 4.407686 11.920544 6.887042 2.343051 1975.000000 0.000000 927.000000 2971.000000 1.000000 1.000000 251.699285
0 76.559540 10.000000 1.291526 36.219455 20.110976 1.394876 2022.000000 0.000000 3312.000000 11500.000000 1.000000 1.000000 -1.000000
1 4.573804 10.000000 2.083130 1.025067 0.573156 0.196844 312.000000 0.000000 311.000000 214.000000 1.000000 1.000000 92.395069
