1 0.669832 1.000000 0.669045 0.000122 0.000375 -1.000000 -1.000000 -1.000000 0.000000 0.000000 -1.000000 0.000000 12.349875
1 0.647131 1.000000 0.644719 0.000245 0.001547 -1.000000 -1.000000 -1.000000 0.000000 50.000000 -1.000000 0.000000 15.272284
1 0.623367 1.000000 0.622109 0.000149 0.000674 -1.000000 -1.000000 -1.000000 0.000000 4.000000 -1.000000 0.000000 14.167000
1 0.611439 1.000000 0.610102 0.000162 0.000670 -1.000000 -1.000000 -1.000000 0.000000 3.000000 -1.000000 0.000000 12.602580
1 0.644017 1.000000 0.641729 0.000216 0.001573 -1.000000 -1.000000 -1.000000 0.000000 9.000000 -1.000000 0.000000 10.216518
1 0.629742 1.000000 0.627606 0.000222 0.001296 -1.000000 -1.000000 -1.000000 0.000000 12.000000 -1.000000 0.000000 13.490115
1 0.647146 1.000000 0.643745 0.000411 0.001866 -1.000000 -1.000000 -1.000000 0.000000 17.000000 -1.000000 0.000000 11.721673
1 0.659770 1.000000 0.656246 0.000360 0.002189 -1.000000 -1.000000 -1.000000 0.000000 40.000000 -1.000000 0.000000 11.797201
1 0.638601 1.000000 0.634269 0.000445 0.002488 -1.000000 -1.000000 -1.000000 0.000000 24.000000 -1.000000 0.000000 19.171619
1 0.685508 1.000000 0.681321 0.000425 0.002661 -1.000000 -1.000000 -1.000000 0.000000 21.000000 -1.000000 0.000000 19.765593
1 1.499143 1.000000 1.498341 0.000108 0.000342 -1.000000 -1.000000 -1.000000 0.000000 0.000000 -1.000000 0.000000 11.423141
1 0.646636 1.000000 0.644405 0.000313 0.001171 -1.000000 -1.000000 -1.000000 0.000000 5.000000 -1.000000 0.000000 13.089073
1 0.663891 1.000000 0.662122 0.000216 0.000965 -1.000000 -1.000000 -1.000000 0.000000 11.000000 -1.000000 0.000000 13.418738
1 0.612400 1.000000 0.611251 0.000138 0.000643 -1.000000 -1.000000 -1.000000 0.000000 5.000000 -1.000000 0.000000 11.633354
1 0.633971 1.000000 0.632265 0.000205 0.000813 -1.000000 -1.000000 -1.000000 0.000000 3.000000 -1.000000 0.000000 14.271484
1 0.614335 1.000000 0.612828 0.000132 0.001066 -1.000000 -1.000000 -1.000000 0.000000 5.000000 -1.000000 0.000000 11.031468
1 0.603740 1.000000 0.602267 0.000222 0.000723 -1.000000 -1.000000 -1.000000 0.000000 1.000000 -1.000000 0.000000 15.471470
1 0.624609 1.000000 0.623420 0.000158 0.000654 -1.000000 -1.000000 -1.000000 0.000000 4.000000 -1.000000 0.000000 12.327407
1 0.611326 1.000000 0.608844 0.000239 0.001479 -1.000000 -1.000000 -1.000000 0.000000 10.000000 -1.000000 0.000000 11.140122
1 0.627075 1.000000 0.622299 0.000486 0.002904 -1.000000 -1.000000 -1.000000 0.000000 29.000000 -1.000000 0.000000 11.710454
1 0.645865 1.000000 0.643327 0.000284 0.001516 -1.000000 -1.000000 -1.000000 0.000000 17.000000 -1.000000 0.000000 11.722700
1 0.610800 1.000000 0.610190 0.000092 0.000302 -1.000000 -1.000000 -1.000000 0.000000 0.000000 -1.000000 0.000000 10.097477
1 0.629965 1.000000 0.628661 0.000173 0.000684 -1.000000 -1.000000 -1.000000 0.000000 7.000000 -1.000000 0.000000 13.243776
1 0.621525 1.000000 0.619171 0.000314 0.001351 -1.000000 -1.000000 -1.000000 0.000000 19.000000 -1.000000 0.000000 11.693855
1 1.795689 1.000000 1.792787 0.000295 0.001295 -1.000000 -1.000000 -1.000000 0.000000 9.000000 -1.000000 0.000000 12.661100
1 0.612338 1.000000 0.611166 0.000092 0.000795 -1.000000 -1.000000 -1.000000 0.000000 1.000000 -1.000000 0.000000 10.472881
1 0.630346 1.000000 0.628985 0.000166 0.000650 -1.000000 -1.000000 -1.000000 0.000000 2.000000 -1.000000 0.000000 16.615468
1 0.614803 1.000000 0.613761 0.000098 0.000644 -1.000000 -1.000000 -1.000000 0.000000 0.000000 -1.000000 0.000000 11.267903
1 0.638963 1.000000 0.634479 0.000458 0.002650 -1.000000 -1.000000 -1.000000 0.000000 22.000000 -1.000000 0.000000 9.354622
1 0.623977 1.000000 0.622263 0.000194 0.000992 -1.000000 -1.000000 -1.000000 0.000000 10.000000 -1.000000 0.000000 11.748044
1 0.622478 1.000000 0.621609 0.000115 0.000379 -1.000000 -1.000000 -1.000000 0.000000 0.000000 -1.000000 0.000000 12.912917
1 1.766850 1.000000 1.764096 0.000299 0.001399 -1.000000 -1.000000 -1.000000 0.000000 10.000000 -1.000000 0.000000 13.765939
1 0.617308 1.000000 0.615648 0.000186 0.000926 -1.000000 -1.000000 -1.000000 0.000000 9.000000 -1.000000 0.000000 13.357495
1 0.633238 1.000000 0.632386 0.000118 0.000385 -1.000000 -1.000000 -1.000000 0.000000 0.000000 -1.000000 0.000000 12.343710
1 0.634461 1.000000 0.632955 0.000169 0.000800 -1.000000 -1.000000 -1.000000 0.000000 3.000000 -1.000000 0.000000 11.540433
1 0.654962 1.000000 0.654112 0.000122 0.000390 -1.000000 -1.000000 -1.000000 0.000000 0.000000 -1.000000 0.000000 13.108685
1 0.652101 1.000000 0.650501 0.000128 0.001057 -1.000000 -1.000000 -1.000000 0.000000 5.000000 -1.000000 0.000000 10.987860
1 0.647610 1.000000 0.646373 0.000159 0.000575 -1.000000 -1.000000 -1.000000 0.000000 1.000000 -1.000000 0.000000 12.964607
1 0.660311 1.000000 0.658607 0.000191 0.000958 -1.000000 -1.000000 -1.000000 0.000000 4.000000 -1.000000 0.000000 12.691492
1 0.648411 1.000000 0.647118 0.000137 0.000837 -1.000000 -1.000000 -1.000000 0.000000 3.000000 -1.000000 0.000000 12.058829
1 0.681043 1.000000 0.678963 0.000254 0.001036 -1.000000 -1.000000 -1.000000 0.000000 5.000000 -1.000000 0.000000 13.318816
1 0.677225 1.000000 0.675794 0.000171 0.000767 -1.000000 -1.000000 -1.000000 0.000000 4.000000 -1.000000 0.000000 12.922029
1 0.688552 1.000000 0.687550 0.000130 0.000537 -1.000000 -1.000000 -1.000000 0.000000 4.000000 -1.000000 0.000000 9.365754
1 0.691269 1.000000 0.689844 0.000134 0.000898 -1.000000 -1.000000 -1.000000 0.000000 2.000000 -1.000000 0.000000 11.729261
1 0.686705 1.000000 0.684097 0.000306 0.001366 -1.000000 -1.000000 -1.000000 0.000000 4.000000 -1.000000 0.000000 14.397233
1 0.677854 1.000000 0.676071 0.000134 0.001324 -1.000000 -1.000000 -1.000000 0.000000 4.000000 -1.000000 0.000000 10.788411
1 0.684559 1.000000 0.681968 0.000308 0.001522 -1.000000 -1.000000 -1.000000 0.000000 16.000000 -1.000000 0.000000 13.479269
1 0.712356 1.000000 0.709198 0.000320 0.001836 -1.000000 -1.000000 -1.000000 0.000000 8.000000 -1.000000 0.000000 22.247589
1 0.718777 1.000000 0.715898 0.000330 0.001778 -1.000000 -1.000000 -1.000000 0.000000 14.000000 -1.000000 0.000000 13.529967
1 0.649808 1.000000 0.647377 0.000240 0.001628 -1.000000 -1.000000 -1.000000 0.000000 6.000000 -1.000000 0.000000 13.119335
1 0.725797 1.000000 0.724189 0.000224 0.000758 -1.000000 -1.000000 -1.000000 0.000000 2.000000 -1.000000 0.000000 16.662787
1 0.699229 1.000000 0.693486 0.000663 0.003087 -1.000000 -1.000000 -1.000000 0.000000 22.000000 -1.000000 0.000000 15.763052
1 0.687815 1.000000 0.686548 0.000157 0.000717 -1.000000 -1.000000 -1.000000 0.000000 1.000000 -1.000000 0.000000 14.361378
1 0.727813 1.000000 0.726562 0.000152 0.000701 -1.000000 -1.000000 -1.000000 0.000000 0.000000 -1.000000 0.000000 15.536893
1 3.255444 1.000000 3.253860 0.000183 0.000721 -1.000000 -1.000000 -1.000000 0.000000 3.000000 -1.000000 0.000000 14.614051
1 0.703158 1.000000 0.700417 0.000306 0.001636 -1.000000 -1.000000 -1.000000 0.000000 15.000000 -1.000000 0.000000 15.973851
1 0.681332 1.000000 0.678786 0.000271 0.001514 -1.000000 -1.000000 -1.000000 0.000000 8.000000 -1.000000 0.000000 13.490063
1 0.712717 1.000000 0.710392 0.000235 0.001440 -1.000000 -1.000000 -1.000000 0.000000 10.000000 -1.000000 0.000000 15.241526
1 0.662043 1.000000 0.660792 0.000132 0.000774 -1.000000 -1.000000 -1.000000 0.000000 3.000000 -1.000000 0.000000 11.800669
1 0.638019 1.000000 0.636280 0.000217 0.000822 -1.000000 -1.000000 -1.000000 0.000000 4.000000 -1.000000 0.000000 13.740863
0 45.740031 2.000000 0.666308 2.090114 10.689773 -1.000000 -1.000000 -1.000000 1105.000000 63622.000000 -1.000000 0.000000 -1.000000
1 1.247083 2.000000 1.226873 0.002001 0.010612 -1.000000 -1.000000 -1.000000 3.000000 66.000000 -1.000000 0.000000 50.649545
0 45.733656 2.000000 0.730139 2.200300 11.278388 -1.000000 -1.000000 -1.000000 2047.000000 51049.000000 -1.000000 0.000000 -1.000000
1 0.717447 2.000000 0.689366 0.002888 0.015883 -1.000000 -1.000000 -1.000000 9.000000 90.000000 -1.000000 0.000000 46.172323
1 1.081894 2.000000 0.699710 0.037170 0.187717 -1.000000 -1.000000 -1.000000 543.000000 1162.000000 -1.000000 0.000000 54.511145
0 45.788055 2.000000 0.702786 2.012397 9.211271 -1.000000 -1.000000 -1.000000 2623.000000 42008.000000 -1.000000 0.000000 -1.000000
1 1.417920 2.000000 1.294929 0.012996 0.067346 -1.000000 -1.000000 -1.000000 13.000000 356.000000 -1.000000 0.000000 46.436553
0 46.242242 2.000000 1.189376 2.099232 10.848413 -1.000000 -1.000000 -1.000000 2351.000000 50873.000000 -1.000000 0.000000 -1.000000
1 2.309500 2.000000 1.217615 0.104667 0.498554 -1.000000 -1.000000 -1.000000 357.000000 1460.000000 -1.000000 0.000000 50.124879
0 45.982804 2.000000 0.965520 2.101718 10.829981 -1.000000 -1.000000 -1.000000 1300.000000 51142.000000 -1.000000 0.000000 -1.000000
0 45.760747 2.000000 0.744352 2.357611 10.277874 -1.000000 -1.000000 -1.000000 1056.000000 47526.000000 -1.000000 0.000000 -1.000000
1 0.711676 2.000000 0.666351 0.005262 0.022350 -1.000000 -1.000000 -1.000000 30.000000 112.000000 -1.000000 0.000000 52.380707
0 45.768479 2.000000 0.765639 2.068188 10.523086 -1.000000 -1.000000 -1.000000 3019.000000 49355.000000 -1.000000 0.000000 -1.000000
1 2.694036 2.000000 2.537695 0.015027 0.080747 -1.000000 -1.000000 -1.000000 79.000000 275.000000 -1.000000 0.000000 45.910933
1 1.296986 2.000000 1.237729 0.006585 0.032076 -1.000000 -1.000000 -1.000000 13.000000 206.000000 -1.000000 0.000000 39.559505
0 47.237774 2.000000 2.138573 2.241687 10.933819 -1.000000 -1.000000 -1.000000 1411.000000 57450.000000 -1.000000 0.000000 -1.000000
0 47.662488 2.000000 2.589201 2.419461 12.479342 -1.000000 -1.000000 -1.000000 2370.000000 54343.000000 -1.000000 0.000000 -1.000000
1 1.841027 2.000000 1.331713 0.051449 0.274127 -1.000000 -1.000000 -1.000000 287.000000 756.000000 -1.000000 0.000000 63.395014
0 46.820391 2.000000 1.759804 2.149099 12.202225 -1.000000 -1.000000 -1.000000 5208.000000 59525.000000 -1.000000 0.000000 -1.000000
0 45.760131 2.000000 0.729356 2.256543 10.806903 -1.000000 -1.000000 -1.000000 624.000000 53439.000000 -1.000000 0.000000 -1.000000
1 2.241872 2.000000 1.045564 0.121367 0.584469 -1.000000 -1.000000 -1.000000 409.000000 1643.000000 -1.000000 0.000000 69.777253
0 48.439643 2.000000 3.388740 2.549766 11.510473 -1.000000 -1.000000 -1.000000 1050.000000 52143.000000 -1.000000 0.000000 -1.000000
1 1.838880 2.000000 1.250046 0.057858 0.311583 -1.000000 -1.000000 -1.000000 561.000000 1260.000000 -1.000000 0.000000 60.544549
0 45.803322 2.000000 0.746643 2.216828 11.985504 -1.000000 -1.000000 -1.000000 1987.000000 51261.000000 -1.000000 0.000000 -1.000000
1 0.783910 2.000000 0.730473 0.005696 0.031017 -1.000000 -1.000000 -1.000000 39.000000 283.000000 -1.000000 0.000000 47.102179
0 47.143757 2.000000 2.087034 2.587999 12.944366 -1.000000 -1.000000 -1.000000 1848.000000 61064.000000 -1.000000 0.000000 -1.000000
0 45.709015 2.000000 0.618050 2.022446 10.735406 -1.000000 -1.000000 -1.000000 7314.000000 62521.000000 -1.000000 0.000000 -1.000000
1 0.922060 2.000000 0.869547 0.005096 0.032656 -1.000000 -1.000000 -1.000000 15.000000 205.000000 -1.000000 0.000000 51.302125
1 0.930653 2.000000 0.796014 0.014900 0.074414 -1.000000 -1.000000 -1.000000 99.000000 391.000000 -1.000000 0.000000 53.303945
1 0.784807 2.000000 0.711957 0.007624 0.041268 -1.000000 -1.000000 -1.000000 77.000000 268.000000 -1.000000 0.000000 41.237038
1 0.756250 2.000000 0.739306 0.001776 0.009440 -1.000000 -1.000000 -1.000000 12.000000 52.000000 -1.000000 0.000000 34.425080
0 45.784170 2.000000 0.708542 2.268665 11.315472 -1.000000 -1.000000 -1.000000 2189.000000 58255.000000 -1.000000 0.000000 -1.000000
0 46.994637 2.000000 1.931162 2.484044 11.559419 -1.000000 -1.000000 -1.000000 847.000000 57421.000000 -1.000000 0.000000 -1.000000
1 0.926448 2.000000 0.871515 0.006777 0.027766 -1.000000 -1.000000 -1.000000 37.000000 175.000000 -1.000000 0.000000 46.632412
0 46.323524 2.000000 1.297807 2.452047 11.274125 -1.000000 -1.000000 -1.000000 1443.000000 57129.000000 -1.000000 0.000000 -1.000000
1 0.916282 2.000000 0.726573 0.020567 0.100493 -1.000000 -1.000000 -1.000000 136.000000 371.000000 -1.000000 0.000000 51.747614
1 1.323143 2.000000 1.241600 0.008801 0.041082 -1.000000 -1.000000 -1.000000 91.000000 200.000000 -1.000000 0.000000 52.420224
0 45.838297 2.000000 0.760148 2.197735 11.504965 -1.000000 -1.000000 -1.000000 2282.000000 54902.000000 -1.000000 0.000000 -1.000000
0 45.824019 2.000000 0.735554 2.176374 10.277830 -1.000000 -1.000000 -1.000000 3467.000000 53308.000000 -1.000000 0.000000 -1.000000
1 1.348535 2.000000 1.298379 0.005647 0.027782 -1.000000 -1.000000 -1.000000 16.000000 135.000000 -1.000000 0.000000 42.521389
1 1.315025 2.000000 1.299992 0.001656 0.008272 -1.000000 -1.000000 -1.000000 2.000000 51.000000 -1.000000 0.000000 35.462258
0 46.688679 2.000000 1.677784 2.573756 12.299745 -1.000000 -1.000000 -1.000000 939.000000 54457.000000 -1.000000 0.000000 -1.000000
1 2.212649 2.000000 1.724238 0.049109 0.249246 -1.000000 -1.000000 -1.000000 279.000000 343.000000 -1.000000 0.000000 59.369792
0 46.443937 2.000000 1.354555 2.215416 11.005214 -1.000000 -1.000000 -1.000000 2484.000000 52304.000000 -1.000000 0.000000 -1.000000
1 0.938617 2.000000 0.725558 0.020375 0.110129 -1.000000 -1.000000 -1.000000 266.000000 324.000000 -1.000000 0.000000 56.369607
0 45.814480 2.000000 0.722349 2.116141 10.965329 -1.000000 -1.000000 -1.000000 1678.000000 56547.000000 -1.000000 0.000000 -1.000000
1 2.001465 2.000000 1.940709 0.006074 0.031220 -1.000000 -1.000000 -1.000000 19.000000 213.000000 -1.000000 0.000000 61.066011
1 0.876235 2.000000 0.825578 0.005792 0.026756 -1.000000 -1.000000 -1.000000 30.000000 263.000000 -1.000000 0.000000 39.610408
0 45.886555 2.000000 0.878425 1.722349 9.669517 -1.000000 -1.000000 -1.000000 3637.000000 50446.000000 -1.000000 0.000000 -1.000000
0 46.762536 2.000000 1.689419 2.307683 11.013663 -1.000000 -1.000000 -1.000000 1713.000000 53367.000000 -1.000000 0.000000 -1.000000
0 45.849845 2.000000 0.763541 2.331437 11.884391 -1.000000 -1.000000 -1.000000 2594.000000 55361.000000 -1.000000 0.000000 -1.000000
1 0.712379 2.000000 0.676524 0.003525 0.019440 -1.000000 -1.000000 -1.000000 14.000000 198.000000 -1.000000 0.000000 41.614343
0 45.850793 2.000000 0.703807 2.005773 10.554710 -1.000000 -1.000000 -1.000000 2626.000000 58875.000000 -1.000000 0.000000 -1.000000
0 46.556049 2.000000 1.501083 2.299618 11.881500 -1.000000 -1.000000 -1.000000 1801.000000 47539.000000 -1.000000 0.000000 -1.000000
0 47.256668 2.000000 2.182821 2.391269 10.210408 -1.000000 -1.000000 -1.000000 1254.000000 52679.000000 -1.000000 0.000000 -1.000000
1 1.671884 2.000000 1.499407 0.018078 0.100655 -1.000000 -1.000000 -1.000000 30.000000 511.000000 -1.000000 0.000000 68.808996
0 48.314545 2.000000 3.283876 2.404597 12.183523 -1.000000 -1.000000 -1.000000 1212.000000 52014.000000 -1.000000 0.000000 -1.000000
1 2.315549 2.000000 2.289049 0.002784 0.013319 -1.000000 -1.000000 -1.000000 3.000000 151.000000 -1.000000 0.000000 44.700945
0 45.772012 2.000000 0.733024 1.687081 11.569123 -1.000000 -1.000000 -1.000000 2191.000000 56364.000000 -1.000000 0.000000 -1.000000
0 45.904634 2.000000 0.822820 2.039604 10.320824 -1.000000 -1.000000 -1.000000 2288.000000 47524.000000 -1.000000 0.000000 -1.000000
0 46.774326 4.000000 1.708280 2.327578 11.510841 -1.000000 -1.000000 -1.000000 1377.000000 54091.000000 -1.000000 0.000000 -1.000000
1 2.465896 4.000000 1.926499 0.051655 0.252234 -1.000000 -1.000000 -1.000000 183.000000 715.000000 -1.000000 0.000000 49.169864
1 2.323000 4.000000 2.111956 0.019389 0.104070 -1.000000 -1.000000 -1.000000 242.000000 607.000000 -1.000000 0.000000 44.190498
0 47.115748 4.000000 2.093584 2.574908 12.482384 -1.000000 -1.000000 -1.000000 1198.000000 54973.000000 -1.000000 0.000000 -1.000000
1 1.052280 4.000000 0.710905 0.033723 0.173550 -1.000000 -1.000000 -1.000000 637.000000 678.000000 -1.000000 0.000000 40.279992
0 45.821744 4.000000 0.748617 2.002120 9.893866 -1.000000 -1.000000 -1.000000 3162.000000 50623.000000 -1.000000 0.000000 -1.000000
1 1.970371 4.000000 1.442778 0.045889 0.255175 -1.000000 -1.000000 -1.000000 68.000000 707.000000 -1.000000 0.000000 52.639145
0 48.510035 4.000000 3.439959 2.449276 12.794324 -1.000000 -1.000000 -1.000000 2310.000000 63985.000000 -1.000000 0.000000 -1.000000
0 47.215274 4.000000 2.124900 2.697032 13.087370 -1.000000 -1.000000 -1.000000 1434.000000 61637.000000 -1.000000 0.000000 -1.000000
0 46.616580 4.000000 1.611020 2.147236 10.728783 -1.000000 -1.000000 -1.000000 3106.000000 51587.000000 -1.000000 0.000000 -1.000000
0 47.094243 4.000000 2.059320 2.208681 10.413019 -1.000000 -1.000000 -1.000000 1667.000000 42928.000000 -1.000000 0.000000 -1.000000
1 1.393068 4.000000 1.296843 0.008676 0.048824 -1.000000 -1.000000 -1.000000 81.000000 180.000000 -1.000000 0.000000 47.974002
0 45.887958 4.000000 0.747779 2.222809 11.021748 -1.000000 -1.000000 -1.000000 2017.000000 59465.000000 -1.000000 0.000000 -1.000000
1 1.675022 4.000000 1.627598 0.005457 0.024168 -1.000000 -1.000000 -1.000000 1.000000 117.000000 -1.000000 0.000000 37.643797
0 47.470712 4.000000 2.395266 2.160774 9.740309 -1.000000 -1.000000 -1.000000 1971.000000 49411.000000 -1.000000 0.000000 -1.000000
0 46.482440 4.000000 1.473839 1.951813 9.730425 -1.000000 -1.000000 -1.000000 3332.000000 49753.000000 -1.000000 0.000000 -1.000000
1 1.905235 4.000000 1.542650 0.035969 0.189735 -1.000000 -1.000000 -1.000000 192.000000 575.000000 -1.000000 0.000000 49.826660
0 46.467610 4.000000 1.396728 2.130237 11.985192 -1.000000 -1.000000 -1.000000 1924.000000 52881.000000 -1.000000 0.000000 -1.000000
0 46.180824 4.000000 1.170071 2.194027 11.745901 -1.000000 -1.000000 -1.000000 1901.000000 63371.000000 -1.000000 0.000000 -1.000000
0 45.737782 4.000000 0.693644 1.933503 9.582915 -1.000000 -1.000000 -1.000000 3470.000000 52057.000000 -1.000000 0.000000 -1.000000
0 45.816241 4.000000 0.782438 2.214799 10.444762 -1.000000 -1.000000 -1.000000 3341.000000 61708.000000 -1.000000 0.000000 -1.000000
0 46.413547 4.000000 1.345027 2.080294 10.790255 -1.000000 -1.000000 -1.000000 4658.000000 61531.000000 -1.000000 0.000000 -1.000000
1 2.022568 4.000000 1.915952 0.010785 0.056128 -1.000000 -1.000000 -1.000000 60.000000 145.000000 -1.000000 0.000000 45.231436
0 46.367034 4.000000 1.352835 2.211281 12.004810 -1.000000 -1.000000 -1.000000 2920.000000 59176.000000 -1.000000 0.000000 -1.000000
0 48.337463 4.000000 3.307482 2.650491 12.056015 -1.000000 -1.000000 -1.000000 2516.000000 59351.000000 -1.000000 0.000000 -1.000000
0 47.055051 4.000000 1.979835 2.392505 10.946604 -1.000000 -1.000000 -1.000000 1622.000000 61034.000000 -1.000000 0.000000 -1.000000
1 1.360243 4.000000 0.713057 0.058911 0.305829 -1.000000 -1.000000 -1.000000 518.000000 1860.000000 -1.000000 0.000000 57.578015
0 46.794359 4.000000 1.727003 2.325986 12.104370 -1.000000 -1.000000 -1.000000 1770.000000 62697.000000 -1.000000 0.000000 -1.000000
0 46.333386 4.000000 1.310554 2.215730 12.722445 -1.000000 -1.000000 -1.000000 2166.000000 64507.000000 -1.000000 0.000000 -1.000000
0 46.636987 4.000000 1.549952 2.135666 11.246674 -1.000000 -1.000000 -1.000000 3932.000000 54560.000000 -1.000000 0.000000 -1.000000
0 46.984535 4.000000 1.952127 2.589279 11.930162 -1.000000 -1.000000 -1.000000 1947.000000 53133.000000 -1.000000 0.000000 -1.000000
0 47.420634 4.000000 2.369371 2.677742 13.207318 -1.000000 -1.000000 -1.000000 1333.000000 61281.000000 -1.000000 0.000000 -1.000000
0 45.795722 4.000000 0.756238 1.959338 10.512228 -1.000000 -1.000000 -1.000000 1848.000000 50395.000000 -1.000000 0.000000 -1.000000
0 46.241203 4.000000 1.205235 2.204189 11.078239 -1.000000 -1.000000 -1.000000 2719.000000 52598.000000 -1.000000 0.000000 -1.000000
1 0.937216 4.000000 0.759212 0.018967 0.089052 -1.000000 -1.000000 -1.000000 148.000000 477.000000 -1.000000 0.000000 46.008944
1 2.273309 4.000000 2.186429 0.008794 0.044613 -1.000000 -1.000000 -1.000000 38.000000 256.000000 -1.000000 0.000000 43.080270
0 45.775437 4.000000 0.732440 2.142549 10.713915 -1.000000 -1.000000 -1.000000 2311.000000 48845.000000 -1.000000 0.000000 -1.000000
0 46.263300 4.000000 1.251383 2.180514 11.242530 -1.000000 -1.000000 -1.000000 2181.000000 55895.000000 -1.000000 0.000000 -1.000000
0 46.655004 4.000000 1.586636 2.359737 10.490468 -1.000000 -1.000000 -1.000000 1654.000000 50369.000000 -1.000000 0.000000 -1.000000
0 46.396058 4.000000 1.298918 2.020454 11.066806 -1.000000 -1.000000 -1.000000 3299.000000 50966.000000 -1.000000 0.000000 -1.000000
0 46.424209 4.000000 1.365221 2.309024 11.267886 -1.000000 -1.000000 -1.000000 1891.000000 43470.000000 -1.000000 0.000000 -1.000000
0 46.643236 4.000000 1.599958 2.275790 12.062791 -1.000000 -1.000000 -1.000000 1319.000000 60730.000000 -1.000000 0.000000 -1.000000
0 45.792957 4.000000 0.777458 2.197303 10.771015 -1.000000 -1.000000 -1.000000 2197.000000 52538.000000 -1.000000 0.000000 -1.000000
0 49.243461 4.000000 4.181659 2.448499 10.803733 -1.000000 -1.000000 -1.000000 985.000000 52781.000000 -1.000000 0.000000 -1.000000
1 2.505589 4.000000 2.334251 0.016323 0.096350 -1.000000 -1.000000 -1.000000 28.000000 472.000000 -1.000000 0.000000 33.223165
0 46.505063 4.000000 1.425853 2.265387 10.616005 -1.000000 -1.000000 -1.000000 915.000000 52609.000000 -1.000000 0.000000 -1.000000
1 1.698379 4.000000 1.336368 0.037311 0.178564 -1.000000 -1.000000 -1.000000 376.000000 331.000000 -1.000000 0.000000 52.154537
0 46.461042 4.000000 1.364861 2.183854 10.464041 -1.000000 -1.000000 -1.000000 3350.000000 54235.000000 -1.000000 0.000000 -1.000000
0 46.401736 4.000000 1.328541 1.987468 10.830788 -1.000000 -1.000000 -1.000000 3696.000000 55310.000000 -1.000000 0.000000 -1.000000
0 45.764203 4.000000 0.758355 2.018324 11.432601 -1.000000 -1.000000 -1.000000 2337.000000 51772.000000 -1.000000 0.000000 -1.000000
0 45.855736 4.000000 0.763430 2.023333 11.222424 -1.000000 -1.000000 -1.000000 3598.000000 54130.000000 -1.000000 0.000000 -1.000000
0 46.333634 4.000000 1.320139 2.304711 10.715975 -1.000000 -1.000000 -1.000000 1839.000000 47178.000000 -1.000000 0.000000 -1.000000
0 45.900972 4.000000 0.864063 1.906481 10.648417 -1.000000 -1.000000 -1.000000 1741.000000 58343.000000 -1.000000 0.000000 -1.000000
0 46.228700 4.000000 1.195747 2.048306 11.143308 -1.000000 -1.000000 -1.000000 3351.000000 54572.000000 -1.000000 0.000000 -1.000000
1 0.794263 4.000000 0.751784 0.004590 0.022132 -1.000000 -1.000000 -1.000000 19.000000 211.000000 -1.000000 0.000000 38.395941
1 1.338863 4.000000 1.289151 0.004929 0.025721 -1.000000 -1.000000 -1.000000 21.000000 198.000000 -1.000000 0.000000 39.937954
1 1.409083 4.000000 0.972900 0.046872 0.225481 -1.000000 -1.000000 -1.000000 288.000000 577.000000 -1.000000 0.000000 47.156269
0 51.692516 6.000000 6.687103 2.796514 13.597579 -1.000000 -1.000000 -1.000000 2131.000000 53137.000000 -1.000000 0.000000 -1.000000
0 46.298567 6.000000 1.209326 2.356722 11.547034 -1.000000 -1.000000 -1.000000 1992.000000 56183.000000 -1.000000 0.000000 -1.000000
0 48.185178 6.000000 3.145616 2.170430 10.763300 -1.000000 -1.000000 -1.000000 1771.000000 51516.000000 -1.000000 0.000000 -1.000000
0 46.423539 6.000000 1.350457 1.941480 10.430260 -1.000000 -1.000000 -1.000000 2597.000000 60077.000000 -1.000000 0.000000 -1.000000
0 47.246356 6.000000 2.236843 2.251264 12.172964 -1.000000 -1.000000 -1.000000 2146.000000 67970.000000 -1.000000 0.000000 -1.000000
0 46.596456 6.000000 1.591295 2.355406 12.517974 -1.000000 -1.000000 -1.000000 1748.000000 64243.000000 -1.000000 0.000000 -1.000000
0 47.317102 6.000000 2.279786 2.322719 11.438896 -1.000000 -1.000000 -1.000000 1672.000000 62247.000000 -1.000000 0.000000 -1.000000
0 47.185338 6.000000 2.137300 2.448611 11.727471 -1.000000 -1.000000 -1.000000 1610.000000 63581.000000 -1.000000 0.000000 -1.000000
0 46.750198 6.000000 1.719984 2.743674 13.668220 -1.000000 -1.000000 -1.000000 1317.000000 61225.000000 -1.000000 0.000000 -1.000000
0 45.809153 6.000000 0.755451 2.224191 12.751768 -1.000000 -1.000000 -1.000000 1547.000000 71566.000000 -1.000000 0.000000 -1.000000
0 46.663978 6.000000 1.618059 2.401616 11.553081 -1.000000 -1.000000 -1.000000 4088.000000 53603.000000 -1.000000 0.000000 -1.000000
0 48.454280 6.000000 3.378670 2.981505 14.319648 -1.000000 -1.000000 -1.000000 1590.000000 56228.000000 -1.000000 0.000000 -1.000000
0 46.196945 6.000000 1.160758 2.152313 12.172618 -1.000000 -1.000000 -1.000000 2939.000000 78252.000000 -1.000000 0.000000 -1.000000
0 47.295027 6.000000 2.280553 2.379855 12.182851 -1.000000 -1.000000 -1.000000 2584.000000 58559.000000 -1.000000 0.000000 -1.000000
1 2.268095 6.000000 1.775876 0.045033 0.234461 -1.000000 -1.000000 -1.000000 343.000000 1149.000000 -1.000000 0.000000 47.501134
0 47.344603 6.000000 2.333567 2.593934 12.562108 -1.000000 -1.000000 -1.000000 979.000000 50845.000000 -1.000000 0.000000 -1.000000
0 46.440782 6.000000 1.329079 2.245266 9.534181 -1.000000 -1.000000 -1.000000 1281.000000 49367.000000 -1.000000 0.000000 -1.000000
1 1.643280 6.000000 1.392582 0.028057 0.132971 -1.000000 -1.000000 -1.000000 222.000000 464.000000 -1.000000 0.000000 44.621764
0 46.966990 6.000000 1.914936 2.407695 11.046108 -1.000000 -1.000000 -1.000000 2133.000000 56612.000000 -1.000000 0.000000 -1.000000
0 46.295584 6.000000 1.291267 2.349857 11.641963 -1.000000 -1.000000 -1.000000 2901.000000 55280.000000 -1.000000 0.000000 -1.000000
0 46.629327 6.000000 1.614241 2.514106 12.764829 -1.000000 -1.000000 -1.000000 2002.000000 61322.000000 -1.000000 0.000000 -1.000000
0 46.983456 6.000000 1.956912 2.459085 12.315743 -1.000000 -1.000000 -1.000000 1911.000000 64441.000000 -1.000000 0.000000 -1.000000
1 1.854175 6.000000 1.680053 0.016071 0.083964 -1.000000 -1.000000 -1.000000 177.000000 515.000000 -1.000000 0.000000 37.976357
0 47.785536 6.000000 2.773233 2.429726 12.066061 -1.000000 -1.000000 -1.000000 1053.000000 61835.000000 -1.000000 0.000000 -1.000000
1 2.577285 6.000000 1.744330 0.080430 0.365359 -1.000000 -1.000000 -1.000000 1353.000000 1609.000000 -1.000000 0.000000 54.333428
0 46.698188 6.000000 1.640040 2.376597 11.826795 -1.000000 -1.000000 -1.000000 2233.000000 55678.000000 -1.000000 0.000000 -1.000000
0 48.058740 6.000000 2.997920 2.749366 14.776051 -1.000000 -1.000000 -1.000000 2215.000000 72921.000000 -1.000000 0.000000 -1.000000
0 47.381540 6.000000 2.371080 2.565749 10.891973 -1.000000 -1.000000 -1.000000 1887.000000 51426.000000 -1.000000 0.000000 -1.000000
0 46.309595 6.000000 1.278814 2.341837 12.082911 -1.000000 -1.000000 -1.000000 2422.000000 53069.000000 -1.000000 0.000000 -1.000000
0 46.708901 6.000000 1.647898 2.464160 11.551595 -1.000000 -1.000000 -1.000000 1794.000000 59470.000000 -1.000000 0.000000 -1.000000
0 46.862919 6.000000 1.831939 2.190117 10.588351 -1.000000 -1.000000 -1.000000 1242.000000 51189.000000 -1.000000 0.000000 -1.000000
0 47.552201 6.000000 2.536694 2.739614 13.077610 -1.000000 -1.000000 -1.000000 884.000000 67683.000000 -1.000000 0.000000 -1.000000
0 47.144240 6.000000 2.078654 2.690092 11.978868 -1.000000 -1.000000 -1.000000 1862.000000 52642.000000 -1.000000 0.000000 -1.000000
0 46.797363 6.000000 1.713961 2.388523 10.919350 -1.000000 -1.000000 -1.000000 1057.000000 50542.000000 -1.000000 0.000000 -1.000000
0 46.830949 6.000000 1.761072 2.388980 11.445554 -1.000000 -1.000000 -1.000000 2375.000000 59375.000000 -1.000000 0.000000 -1.000000
0 46.323847 6.000000 1.308863 2.086180 10.795447 -1.000000 -1.000000 -1.000000 2692.000000 55049.000000 -1.000000 0.000000 -1.000000
0 46.363261 6.000000 1.295031 2.346411 10.282876 -1.000000 -1.000000 -1.000000 1900.000000 43258.000000 -1.000000 0.000000 -1.000000
0 45.816378 6.000000 0.772670 2.014938 11.062277 -1.000000 -1.000000 -1.000000 4029.000000 66266.000000 -1.000000 0.000000 -1.000000
0 46.363582 6.000000 1.283223 2.163724 11.146842 -1.000000 -1.000000 -1.000000 3656.000000 55193.000000 -1.000000 0.000000 -1.000000
1 2.231519 6.000000 1.581917 0.048053 0.315711 -1.000000 -1.000000 -1.000000 589.000000 1701.000000 -1.000000 0.000000 42.562267
0 45.831845 6.000000 0.754206 2.101220 9.544678 -1.000000 -1.000000 -1.000000 856.000000 57619.000000 -1.000000 0.000000 -1.000000
0 46.646468 6.000000 1.604261 2.383164 11.487032 -1.000000 -1.000000 -1.000000 1190.000000 60586.000000 -1.000000 0.000000 -1.000000
0 46.794675 6.000000 1.740527 2.090815 10.002902 -1.000000 -1.000000 -1.000000 3793.000000 55323.000000 -1.000000 0.000000 -1.000000
1 5.210543 6.000000 4.980263 0.020017 0.114001 -1.000000 -1.000000 -1.000000 239.000000 617.000000 -1.000000 0.000000 38.483996
0 46.336879 6.000000 1.318608 2.480763 10.560505 -1.000000 -1.000000 -1.000000 1375.000000 54650.000000 -1.000000 0.000000 -1.000000
0 47.867943 6.000000 2.832122 2.747011 13.525876 -1.000000 -1.000000 -1.000000 2133.000000 54376.000000 -1.000000 0.000000 -1.000000
0 47.012025 6.000000 1.979829 2.208968 10.166249 -1.000000 -1.000000 -1.000000 1964.000000 53043.000000 -1.000000 0.000000 -1.000000
0 46.815334 6.000000 1.713860 2.669869 12.448629 -1.000000 -1.000000 -1.000000 847.000000 49440.000000 -1.000000 0.000000 -1.000000
0 48.177073 6.000000 3.137603 2.944758 13.998667 -1.000000 -1.000000 -1.000000 2414.000000 44506.000000 -1.000000 0.000000 -1.000000
0 48.164509 6.000000 3.135663 2.953115 14.263874 -1.000000 -1.000000 -1.000000 2074.000000 48910.000000 -1.000000 0.000000 -1.000000
1 3.662299 6.000000 2.443808 0.118557 0.580139 -1.000000 -1.000000 -1.000000 883.000000 1467.000000 -1.000000 0.000000 51.032628
0 49.497032 6.000000 4.466759 2.890833 14.042976 -1.000000 -1.000000 -1.000000 758.000000 41916.000000 -1.000000 0.000000 -1.000000
0 48.924219 6.000000 3.885744 2.755872 14.126896 -1.000000 -1.000000 -1.000000 987.000000 62115.000000 -1.000000 0.000000 -1.000000
0 46.155150 6.000000 1.151771 2.021590 10.390405 -1.000000 -1.000000 -1.000000 3716.000000 71159.000000 -1.000000 0.000000 -1.000000
0 46.835003 6.000000 1.804558 2.303787 10.850436 -1.000000 -1.000000 -1.000000 2146.000000 55594.000000 -1.000000 0.000000 -1.000000
0 46.858365 6.000000 1.754422 2.517708 11.733253 -1.000000 -1.000000 -1.000000 1105.000000 59674.000000 -1.000000 0.000000 -1.000000
0 47.696983 6.000000 2.613140 2.462538 10.750857 -1.000000 -1.000000 -1.000000 2498.000000 49841.000000 -1.000000 0.000000 -1.000000
0 46.354685 8.000000 1.330809 2.287665 10.580005 -1.000000 -1.000000 -1.000000 2934.000000 62590.000000 -1.000000 0.000000 -1.000000
0 46.332672 8.000000 1.328501 2.351200 11.857322 -1.000000 -1.000000 -1.000000 1244.000000 62819.000000 -1.000000 0.000000 -1.000000
0 47.652977 8.000000 2.629708 2.064782 11.205785 -1.000000 -1.000000 -1.000000 4372.000000 56636.000000 -1.000000 0.000000 -1.000000
0 46.393002 8.000000 1.362708 2.475823 12.011656 -1.000000 -1.000000 -1.000000 2234.000000 57492.000000 -1.000000 0.000000 -1.000000
0 46.383768 8.000000 1.336791 2.352566 11.631853 -1.000000 -1.000000 -1.000000 1861.000000 51593.000000 -1.000000 0.000000 -1.000000
0 46.305670 8.000000 1.292603 2.454136 10.531065 -1.000000 -1.000000 -1.000000 1337.000000 52862.000000 -1.000000 0.000000 -1.000000
0 46.264449 8.000000 1.245501 2.377355 11.212874 -1.000000 -1.000000 -1.000000 2452.000000 64064.000000 -1.000000 0.000000 -1.000000
0 46.359678 8.000000 1.273579 2.350700 10.967766 -1.000000 -1.000000 -1.000000 1814.000000 61547.000000 -1.000000 0.000000 -1.000000
0 46.926349 8.000000 1.914895 2.437845 11.902557 -1.000000 -1.000000 -1.000000 2393.000000 64176.000000 -1.000000 0.000000 -1.000000
0 46.283989 8.000000 1.247716 2.352043 11.308838 -1.000000 -1.000000 -1.000000 1051.000000 61741.000000 -1.000000 0.000000 -1.000000
0 46.849201 8.000000 1.789688 2.656409 12.442327 -1.000000 -1.000000 -1.000000 2123.000000 51225.000000 -1.000000 0.000000 -1.000000
0 54.987952 8.000000 9.933392 2.893828 14.860139 -1.000000 -1.000000 -1.000000 1641.000000 60604.000000 -1.000000 0.000000 -1.000000
0 47.028213 8.000000 2.013266 2.712360 12.735307 -1.000000 -1.000000 -1.000000 2821.000000 62278.000000 -1.000000 0.000000 -1.000000
0 46.330699 8.000000 1.319062 2.410819 12.216926 -1.000000 -1.000000 -1.000000 2656.000000 64232.000000 -1.000000 0.000000 -1.000000
0 46.808952 8.000000 1.738176 2.382287 12.422378 -1.000000 -1.000000 -1.000000 1647.000000 57417.000000 -1.000000 0.000000 -1.000000
0 46.872555 8.000000 1.812220 2.288866 11.383060 -1.000000 -1.000000 -1.000000 3185.000000 58616.000000 -1.000000 0.000000 -1.000000
0 47.290171 8.000000 2.238822 2.371105 11.846981 -1.000000 -1.000000 -1.000000 2964.000000 63296.000000 -1.000000 0.000000 -1.000000
0 46.766023 8.000000 1.734026 2.372969 12.396911 -1.000000 -1.000000 -1.000000 5352.000000 64606.000000 -1.000000 0.000000 -1.000000
0 46.739277 8.000000 1.680895 2.368099 12.275502 -1.000000 -1.000000 -1.000000 3924.000000 60990.000000 -1.000000 0.000000 -1.000000
0 47.350312 8.000000 2.341588 2.586153 11.494381 -1.000000 -1.000000 -1.000000 1056.000000 57455.000000 -1.000000 0.000000 -1.000000
0 46.710808 8.000000 1.648413 2.376266 11.662779 -1.000000 -1.000000 -1.000000 4263.000000 63535.000000 -1.000000 0.000000 -1.000000
0 46.601906 8.000000 1.573032 2.224450 13.241764 -1.000000 -1.000000 -1.000000 3975.000000 66653.000000 -1.000000 0.000000 -1.000000
0 46.577539 8.000000 1.540446 2.113212 10.578195 -1.000000 -1.000000 -1.000000 3781.000000 58829.000000 -1.000000 0.000000 -1.000000
0 46.383178 8.000000 1.332305 2.226842 11.405439 -1.000000 -1.000000 -1.000000 3870.000000 57123.000000 -1.000000 0.000000 -1.000000
0 46.701980 8.000000 1.642781 2.298160 12.530744 -1.000000 -1.000000 -1.000000 1857.000000 54617.000000 -1.000000 0.000000 -1.000000
0 48.098114 8.000000 3.094866 2.404480 11.294137 -1.000000 -1.000000 -1.000000 3971.000000 61801.000000 -1.000000 0.000000 -1.000000
0 46.704547 8.000000 1.674028 2.419443 12.278458 -1.000000 -1.000000 -1.000000 5904.000000 56646.000000 -1.000000 0.000000 -1.000000
0 46.606112 8.000000 1.555885 2.183079 10.668357 -1.000000 -1.000000 -1.000000 4575.000000 52107.000000 -1.000000 0.000000 -1.000000
0 47.000665 8.000000 1.986717 2.615121 12.362932 -1.000000 -1.000000 -1.000000 2330.000000 54224.000000 -1.000000 0.000000 -1.000000
0 54.987952 8.000000 9.933392 2.893828 14.860139 -1.000000 -1.000000 -1.000000 1641.000000 60604.000000 -1.000000 0.000000 -1.000000
0 54.987952 8.000000 9.933392 2.893828 14.860139 -1.000000 -1.000000 -1.000000 1641.000000 60604.000000 -1.000000 0.000000 -1.000000
0 47.713208 8.000000 2.623627 2.443298 10.926751 -1.000000 -1.000000 -1.000000 1484.000000 60601.000000 -1.000000 0.000000 -1.000000
0 54.987952 8.000000 9.933392 2.893828 14.860139 -1.000000 -1.000000 -1.000000 1641.000000 60604.000000 -1.000000 0.000000 -1.000000
0 46.611203 8.000000 1.561359 2.111267 11.913207 -1.000000 -1.000000 -1.000000 3286.000000 71139.000000 -1.000000 0.000000 -1.000000
0 46.725496 8.000000 1.720754 2.322741 10.822475 -1.000000 -1.000000 -1.000000 1898.000000 50710.000000 -1.000000 0.000000 -1.000000
0 46.276210 8.000000 1.208014 2.671562 12.329961 -1.000000 -1.000000 -1.000000 1384.000000 63202.000000 -1.000000 0.000000 -1.000000
0 46.735318 8.000000 1.713472 2.229934 11.470614 -1.000000 -1.000000 -1.000000 3104.000000 59797.000000 -1.000000 0.000000 -1.000000
0 54.987952 8.000000 9.933392 2.893828 14.860139 -1.000000 -1.000000 -1.000000 1641.000000 60604.000000 -1.000000 0.000000 -1.000000
0 46.536788 8.000000 1.504653 2.171530 12.881254 -1.000000 -1.000000 -1.000000 2934.000000 69290.000000 -1.000000 0.000000 -1.000000
0 47.079695 8.000000 2.064365 2.464382 11.877918 -1.000000 -1.000000 -1.000000 2657.000000 60100.000000 -1.000000 0.000000 -1.000000
0 54.987952 8.000000 9.933392 2.893828 14.860139 -1.000000 -1.000000 -1.000000 1641.000000 60604.000000 -1.000000 0.000000 -1.000000
0 46.659456 8.000000 1.595493 2.410645 12.148936 -1.000000 -1.000000 -1.000000 1896.000000 65029.000000 -1.000000 0.000000 -1.000000
0 46.774553 8.000000 1.767077 2.557908 12.238183 -1.000000 -1.000000 -1.000000 2649.000000 62608.000000 -1.000000 0.000000 -1.000000
0 47.112279 8.000000 2.082649 2.696393 13.215236 -1.000000 -1.000000 -1.000000 3021.000000 62966.000000 -1.000000 0.000000 -1.000000
0 45.813683 8.000000 0.757237 2.159958 11.067896 -1.000000 -1.000000 -1.000000 4382.000000 53986.000000 -1.000000 0.000000 -1.000000
0 46.509129 8.000000 1.467077 2.471966 12.707930 -1.000000 -1.000000 -1.000000 4781.000000 65057.000000 -1.000000 0.000000 -1.000000
0 46.780737 8.000000 1.760451 2.562678 13.448092 -1.000000 -1.000000 -1.000000 3735.000000 59096.000000 -1.000000 0.000000 -1.000000
0 46.673715 8.000000 1.614874 2.599617 12.372363 -1.000000 -1.000000 -1.000000 1494.000000 62885.000000 -1.000000 0.000000 -1.000000
0 46.391699 8.000000 1.378091 2.279097 11.393392 -1.000000 -1.000000 -1.000000 4621.000000 52590.000000 -1.000000 0.000000 -1.000000
0 46.592802 8.000000 1.571150 2.454855 11.733226 -1.000000 -1.000000 -1.000000 2053.000000 69630.000000 -1.000000 0.000000 -1.000000
0 46.708463 8.000000 1.677400 2.415092 11.294198 -1.000000 -1.000000 -1.000000 1524.000000 58131.000000 -1.000000 0.000000 -1.000000
0 48.771997 8.000000 3.714374 2.627940 13.402877 -1.000000 -1.000000 -1.000000 2989.000000 60944.000000 -1.000000 0.000000 -1.000000
1 2.472360 8.000000 1.620673 0.056884 0.403274 -1.000000 -1.000000 -1.000000 1318.000000 2440.000000 -1.000000 0.000000 43.335912
0 47.646339 8.000000 2.630060 2.850291 14.660104 -1.000000 -1.000000 -1.000000 2753.000000 63528.000000 -1.000000 0.000000 -1.000000
0 47.047813 8.000000 2.010109 2.559659 13.301266 -1.000000 -1.000000 -1.000000 2316.000000 62530.000000 -1.000000 0.000000 -1.000000
0 47.130919 8.000000 2.070567 2.805967 12.660870 -1.000000 -1.000000 -1.000000 2618.000000 55803.000000 -1.000000 0.000000 -1.000000
0 46.842129 10.000000 1.837463 2.690112 13.079064 -1.000000 -1.000000 -1.000000 1555.000000 60662.000000 -1.000000 0.000000 -1.000000
0 47.198145 10.000000 2.193297 0.821942 7.085297 -1.000000 -1.000000 -1.000000 5278.000000 42911.000000 -1.000000 0.000000 -1.000000
0 46.504050 10.000000 1.452403 2.395258 11.877855 -1.000000 -1.000000 -1.000000 3320.000000 53499.000000 -1.000000 0.000000 -1.000000
1 3.976292 10.000000 3.332517 0.055433 0.287369 -1.000000 -1.000000 -1.000000 740.000000 1038.000000 -1.000000 0.000000 41.542045
1 2.060464 10.000000 1.856320 0.021592 0.103513 -1.000000 -1.000000 -1.000000 292.000000 616.000000 -1.000000 0.000000 44.359423
0 46.493779 10.000000 1.426887 2.034848 11.211994 -1.000000 -1.000000 -1.000000 10572.000000 52310.000000 -1.000000 0.000000 -1.000000
0 47.479111 10.000000 2.430093 2.595458 12.844465 -1.000000 -1.000000 -1.000000 1149.000000 67611.000000 -1.000000 0.000000 -1.000000
0 47.182229 10.000000 2.181194 2.349610 12.412730 -1.000000 -1.000000 -1.000000 13320.000000 57527.000000 -1.000000 0.000000 -1.000000
0 47.671574 10.000000 2.599419 1.048102 8.344849 -1.000000 -1.000000 -1.000000 6992.000000 45630.000000 -1.000000 0.000000 -1.000000
0 49.108984 10.000000 4.078999 2.794033 15.259979 -1.000000 -1.000000 -1.000000 9387.000000 63542.000000 -1.000000 0.000000 -1.000000
1 1.530247 10.000000 1.279171 0.025343 0.121223 -1.000000 -1.000000 -1.000000 431.000000 702.000000 -1.000000 0.000000 37.012675
0 47.240347 10.000000 2.182173 1.085448 8.626771 -1.000000 -1.000000 -1.000000 7903.000000 42859.000000 -1.000000 0.000000 -1.000000
0 46.913034 10.000000 1.822967 2.197741 12.635718 -1.000000 -1.000000 -1.000000 10471.000000 60455.000000 -1.000000 0.000000 -1.000000
0 48.802672 10.000000 3.767122 2.763664 13.881787 -1.000000 -1.000000 -1.000000 1059.000000 64124.000000 -1.000000 0.000000 -1.000000
1 1.672599 10.000000 1.382561 0.026744 0.156294 -1.000000 -1.000000 -1.000000 294.000000 1144.000000 -1.000000 0.000000 40.629880
0 46.407598 10.000000 1.311667 0.782826 6.746003 -1.000000 -1.000000 -1.000000 6374.000000 39333.000000 -1.000000 0.000000 -1.000000
0 46.542176 10.000000 1.433322 0.812788 6.207971 -1.000000 -1.000000 -1.000000 7792.000000 39337.000000 -1.000000 0.000000 -1.000000
0 47.247244 10.000000 2.242233 2.558018 14.191129 -1.000000 -1.000000 -1.000000 9189.000000 63114.000000 -1.000000 0.000000 -1.000000
0 49.048220 10.000000 3.984817 2.682318 14.308395 -1.000000 -1.000000 -1.000000 10797.000000 66417.000000 -1.000000 0.000000 -1.000000
0 48.319542 10.000000 3.291223 2.318138 12.458102 -1.000000 -1.000000 -1.000000 10732.000000 69500.000000 -1.000000 0.000000 -1.000000
0 46.879694 10.000000 1.826709 2.685369 15.032336 -1.000000 -1.000000 -1.000000 9351.000000 70615.000000 -1.000000 0.000000 -1.000000
1 2.538981 10.000000 1.834008 0.071329 0.332200 -1.000000 -1.000000 -1.000000 841.000000 1499.000000 -1.000000 0.000000 48.179352
0 46.934390 10.000000 1.888752 2.426010 13.055437 -1.000000 -1.000000 -1.000000 8073.000000 58585.000000 -1.000000 0.000000 -1.000000
0 51.147828 10.000000 6.101820 2.804422 15.776299 -1.000000 -1.000000 -1.000000 10864.000000 67620.000000 -1.000000 0.000000 -1.000000
0 46.458430 10.000000 1.412664 2.266668 11.541996 -1.000000 -1.000000 -1.000000 2953.000000 56860.000000 -1.000000 0.000000 -1.000000
0 48.003865 10.000000 2.957777 2.324918 11.358712 -1.000000 -1.000000 -1.000000 2511.000000 59690.000000 -1.000000 0.000000 -1.000000
0 46.744689 10.000000 1.667064 2.474451 12.254705 -1.000000 -1.000000 -1.000000 9124.000000 56794.000000 -1.000000 0.000000 -1.000000
0 46.804617 10.000000 1.754273 2.224409 13.533001 -1.000000 -1.000000 -1.000000 9596.000000 66338.000000 -1.000000 0.000000 -1.000000
0 51.147828 10.000000 6.101820 2.804422 15.776299 -1.000000 -1.000000 -1.000000 10864.000000 67620.000000 -1.000000 0.000000 -1.000000
0 48.200508 10.000000 3.126614 2.572180 12.852324 -1.000000 -1.000000 -1.000000 3140.000000 63411.000000 -1.000000 0.000000 -1.000000
0 48.502318 10.000000 3.460282 2.535696 14.964732 -1.000000 -1.000000 -1.000000 8907.000000 68669.000000 -1.000000 0.000000 -1.000000
0 47.822014 10.000000 2.771900 2.678789 12.927880 -1.000000 -1.000000 -1.000000 3107.000000 58143.000000 -1.000000 0.000000 -1.000000
0 46.461977 10.000000 1.405590 2.231276 11.973366 -1.000000 -1.000000 -1.000000 9815.000000 57324.000000 -1.000000 0.000000 -1.000000
0 51.147828 10.000000 6.101820 2.804422 15.776299 -1.000000 -1.000000 -1.000000 10864.000000 67620.000000 -1.000000 0.000000 -1.000000
0 60.871621 10.000000 15.787633 2.740238 15.183413 -1.000000 -1.000000 -1.000000 8655.000000 68637.000000 -1.000000 0.000000 -1.000000
0 46.924258 10.000000 1.885229 2.297480 13.252547 -1.000000 -1.000000 -1.000000 9418.000000 60011.000000 -1.000000 0.000000 -1.000000
0 46.885952 10.000000 1.734478 0.836845 6.379715 -1.000000 -1.000000 -1.000000 11367.000000 37084.000000 -1.000000 0.000000 -1.000000
0 46.308408 10.000000 1.272549 1.962035 10.567519 -1.000000 -1.000000 -1.000000 10969.000000 59082.000000 -1.000000 0.000000 -1.000000
0 46.771909 10.000000 1.740448 2.596678 12.284201 -1.000000 -1.000000 -1.000000 1670.000000 59484.000000 -1.000000 0.000000 -1.000000
0 46.461977 10.000000 1.405590 2.231276 11.973366 -1.000000 -1.000000 -1.000000 9815.000000 57324.000000 -1.000000 0.000000 -1.000000
0 46.461977 10.000000 1.405590 2.231276 11.973366 -1.000000 -1.000000 -1.000000 9815.000000 57324.000000 -1.000000 0.000000 -1.000000
0 46.782340 10.000000 1.768063 2.212984 12.124069 -1.000000 -1.000000 -1.000000 11093.000000 55784.000000 -1.000000 0.000000 -1.000000
0 48.278733 10.000000 3.185307 2.684291 14.847766 -1.000000 -1.000000 -1.000000 9263.000000 57611.000000 -1.000000 0.000000 -1.000000
0 47.280182 10.000000 2.235473 2.687103 13.854016 -1.000000 -1.000000 -1.000000 1823.000000 72554.000000 -1.000000 0.000000 -1.000000
0 47.362176 10.000000 2.337927 2.604354 13.210140 -1.000000 -1.000000 -1.000000 2927.000000 64034.000000 -1.000000 0.000000 -1.000000
0 46.312436 10.000000 1.277572 2.193138 12.446858 -1.000000 -1.000000 -1.000000 9888.000000 64876.000000 -1.000000 0.000000 -1.000000
0 46.769546 10.000000 1.636676 2.243629 10.914411 -1.000000 -1.000000 -1.000000 2941.000000 60834.000000 -1.000000 0.000000 -1.000000
0 51.147828 10.000000 6.101820 2.804422 15.776299 -1.000000 -1.000000 -1.000000 10864.000000 67620.000000 -1.000000 0.000000 -1.000000
0 46.657291 10.000000 1.635802 2.244136 11.110174 -1.000000 -1.000000 -1.000000 2705.000000 62346.000000 -1.000000 0.000000 -1.000000
0 46.895712 10.000000 1.841171 2.116356 11.597192 -1.000000 -1.000000 -1.000000 12616.000000 62983.000000 -1.000000 0.000000 -1.000000
0 47.158610 10.000000 2.072565 2.652788 13.283174 -1.000000 -1.000000 -1.000000 2581.000000 57221.000000 -1.000000 0.000000 -1.000000
0 48.932993 10.000000 3.872763 2.898177 15.818996 -1.000000 -1.000000 -1.000000 7750.000000 47796.000000 -1.000000 0.000000 -1.000000
0 47.432096 10.000000 2.421127 0.859250 6.058862 -1.000000 -1.000000 -1.000000 8225.000000 38298.000000 -1.000000 0.000000 -1.000000
0 46.494472 10.000000 1.455859 2.347924 12.720102 -1.000000 -1.000000 -1.000000 7570.000000 69713.000000 -1.000000 0.000000 -1.000000
0 46.848469 10.000000 1.774358 2.712230 14.703044 -1.000000 -1.000000 -1.000000 6696.000000 53934.000000 -1.000000 0.000000 -1.000000
0 47.521524 10.000000 2.502589 0.922650 7.201349 -1.000000 -1.000000 -1.000000 9610.000000 38025.000000 -1.000000 0.000000 -1.000000
