1 0.153711 1.000000 0.000000 0.093147 0.023166 -1.000000 -1.000000 -1.000000 0.000000 1195.000000 1.000000 1.000000 30.463331
1 0.022278 1.000000 0.000000 0.014563 0.004361 -1.000000 -1.000000 -1.000000 0.000000 105.000000 1.000000 1.000000 32.927097
1 0.024846 1.000000 0.000000 0.016697 0.004612 -1.000000 -1.000000 -1.000000 0.000000 66.000000 1.000000 1.000000 18.555696
1 0.016925 1.000000 0.000000 0.011003 0.003484 -1.000000 -1.000000 -1.000000 0.000000 52.000000 1.000000 1.000000 27.870054
1 0.357608 1.000000 0.000000 0.213126 0.067615 -1.000000 -1.000000 -1.000000 0.000000 4253.000000 1.000000 1.000000 44.876199
1 0.269201 1.000000 0.000000 0.133614 0.048739 -1.000000 -1.000000 -1.000000 0.000000 1916.000000 1.000000 1.000000 15.123179
1 2.142352 1.000000 0.000000 0.663448 0.199354 -1.000000 -1.000000 -1.000000 0.000000 12035.000000 1.000000 1.000000 29.632531
1 0.857252 1.000000 0.000000 0.352184 0.119663 -1.000000 -1.000000 -1.000000 0.000000 6476.000000 1.000000 1.000000 27.953346
1 1.374743 1.000000 0.000000 0.593599 0.148525 -1.000000 -1.000000 -1.000000 0.000000 11550.000000 1.000000 1.000000 44.130539
1 0.004717 1.000000 0.000000 0.003203 0.000924 -1.000000 -1.000000 -1.000000 0.000000 7.000000 1.000000 1.000000 35.382193
1 12.702493 1.000000 0.000000 1.849185 0.478571 -1.000000 -1.000000 -1.000000 0.000000 28516.000000 1.000000 1.000000 25.706577
1 1.325761 1.000000 0.000000 0.540307 0.144955 -1.000000 -1.000000 -1.000000 0.000000 10328.000000 1.000000 1.000000 31.518260
1 0.083856 1.000000 0.000000 0.053745 0.014960 -1.000000 -1.000000 -1.000000 0.000000 809.000000 1.000000 1.000000 31.150412
1 0.192643 1.000000 0.000000 0.127273 0.032987 -1.000000 -1.000000 -1.000000 0.000000 1127.000000 1.000000 1.000000 104.687553
1 0.231346 1.000000 0.000000 0.127407 0.045736 -1.000000 -1.000000 -1.000000 0.000000 3047.000000 1.000000 1.000000 41.528862
1 0.013669 1.000000 0.000000 0.008866 0.002744 -1.000000 -1.000000 -1.000000 0.000000 45.000000 1.000000 1.000000 24.882633
1 0.001751 1.000000 0.000000 0.001158 0.000321 -1.000000 -1.000000 -1.000000 0.000000 0.000000 1.000000 1.000000 12.986986
1 0.565295 1.000000 0.000000 0.300537 0.099662 -1.000000 -1.000000 -1.000000 0.000000 6370.000000 1.000000 1.000000 49.005926
1 5.955787 1.000000 0.000000 1.560147 0.523501 -1.000000 -1.000000 -1.000000 0.000000 31059.000000 1.000000 1.000000 36.988485
1 8.650066 1.000000 0.000000 1.639456 0.428765 -1.000000 -1.000000 -1.000000 0.000000 20284.000000 1.000000 1.000000 96.837174
1 0.085542 1.000000 0.000000 0.052793 0.016466 -1.000000 -1.000000 -1.000000 0.000000 401.000000 1.000000 1.000000 45.859803
1 0.136513 1.000000 0.000000 0.083550 0.028693 -1.000000 -1.000000 -1.000000 0.000000 2385.000000 1.000000 1.000000 29.663405
1 0.391390 1.000000 0.000000 0.222648 0.076781 -1.000000 -1.000000 -1.000000 0.000000 5498.000000 1.000000 1.000000 34.965451
1 0.025292 1.000000 0.000000 0.016912 0.004947 -1.000000 -1.000000 -1.000000 0.000000 68.000000 1.000000 1.000000 15.150315
1 0.002935 1.000000 0.000000 0.001973 0.000582 -1.000000 -1.000000 -1.000000 0.000000 3.000000 1.000000 1.000000 25.862926
1 1.412424 1.000000 0.000000 0.693548 0.219442 -1.000000 -1.000000 -1.000000 0.000000 17931.000000 1.000000 1.000000 62.089564
1 0.026979 1.000000 0.000000 0.017819 0.005000 -1.000000 -1.000000 -1.000000 0.000000 186.000000 1.000000 1.000000 15.485289
1 0.011230 1.000000 0.000000 0.007499 0.002251 -1.000000 -1.000000 -1.000000 0.000000 22.000000 1.000000 1.000000 13.398905
1 0.340756 1.000000 0.000000 0.192219 0.059667 -1.000000 -1.000000 -1.000000 0.000000 1183.000000 1.000000 1.000000 41.676760
1 8.650066 1.000000 0.000000 1.639456 0.428765 -1.000000 -1.000000 -1.000000 0.000000 20284.000000 1.000000 1.000000 96.837174
1 0.306235 1.000000 0.000000 0.165479 0.047641 -1.000000 -1.000000 -1.000000 0.000000 3403.000000 1.000000 1.000000 69.421976
1 0.068996 1.000000 0.000000 0.044953 0.012882 -1.000000 -1.000000 -1.000000 0.000000 607.000000 1.000000 1.000000 56.283745
1 0.339098 1.000000 0.000000 0.206661 0.050674 -1.000000 -1.000000 -1.000000 0.000000 4215.000000 1.000000 1.000000 29.545039
0 90.172657 1.000000 0.000000 5.518194 1.482420 -1.000000 -1.000000 -1.000000 0.000000 75218.000000 1.000000 1.000000 -1.000000
1 0.171446 1.000000 0.000000 0.110348 0.025848 -1.000000 -1.000000 -1.000000 0.000000 803.000000 1.000000 1.000000 14.470567
1 0.098954 1.000000 0.000000 0.060771 0.021398 -1.000000 -1.000000 -1.000000 0.000000 1466.000000 1.000000 1.000000 14.686323
0 90.396060 1.000000 0.000000 4.088698 1.256031 -1.000000 -1.000000 -1.000000 0.000000 44023.000000 1.000000 1.000000 -1.000000
1 0.518113 1.000000 0.000000 0.281869 0.111393 -1.000000 -1.000000 -1.000000 0.000000 7176.000000 1.000000 1.000000 24.438238
1 1.037030 1.000000 0.000000 0.558249 0.127820 -1.000000 -1.000000 -1.000000 0.000000 13161.000000 1.000000 1.000000 17.036369
0 90.005029 1.000000 0.000000 4.929471 1.597121 -1.000000 -1.000000 -1.000000 0.000000 38849.000000 1.000000 1.000000 -1.000000
1 0.033020 1.000000 0.000000 0.021627 0.005668 -1.000000 -1.000000 -1.000000 0.000000 210.000000 1.000000 1.000000 16.502208
1 0.714385 1.000000 0.000000 0.335004 0.095485 -1.000000 -1.000000 -1.000000 0.000000 6068.000000 1.000000 1.000000 30.550208
1 0.011500 1.000000 0.000000 0.007615 0.002209 -1.000000 -1.000000 -1.000000 0.000000 21.000000 1.000000 1.000000 16.087854
1 0.009695 1.000000 0.000000 0.006438 0.001909 -1.000000 -1.000000 -1.000000 0.000000 14.000000 1.000000 1.000000 30.338980
1 0.013151 1.000000 0.000000 0.008516 0.002746 -1.000000 -1.000000 -1.000000 0.000000 38.000000 1.000000 1.000000 16.162607
1 0.072398 1.000000 0.000000 0.046544 0.012394 -1.000000 -1.000000 -1.000000 0.000000 1049.000000 1.000000 1.000000 45.340862
1 0.003513 1.000000 0.000000 0.002337 0.000688 -1.000000 -1.000000 -1.000000 0.000000 1.000000 1.000000 1.000000 15.066000
1 0.014308 1.000000 0.000000 0.009358 0.002812 -1.000000 -1.000000 -1.000000 0.000000 57.000000 1.000000 1.000000 13.377438
1 2.699417 1.000000 0.000000 0.771885 0.251131 -1.000000 -1.000000 -1.000000 0.000000 3524.000000 1.000000 1.000000 31.895693
1 0.247610 1.000000 0.000000 0.140740 0.037102 -1.000000 -1.000000 -1.000000 0.000000 3474.000000 1.000000 1.000000 40.271071
1 0.156053 1.000000 0.000000 0.096602 0.029353 -1.000000 -1.000000 -1.000000 0.000000 2505.000000 1.000000 1.000000 35.579022
1 0.065162 1.000000 0.000000 0.041042 0.012554 -1.000000 -1.000000 -1.000000 0.000000 595.000000 1.000000 1.000000 47.156599
1 1.950866 1.000000 0.000000 0.736420 0.209196 -1.000000 -1.000000 -1.000000 0.000000 12420.000000 1.000000 1.000000 23.045421
1 0.330553 1.000000 0.000000 0.176406 0.051709 -1.000000 -1.000000 -1.000000 0.000000 3967.000000 1.000000 1.000000 56.822054
1 1.031657 1.000000 0.000000 0.414682 0.135871 -1.000000 -1.000000 -1.000000 0.000000 7054.000000 1.000000 1.000000 92.326366
1 40.736831 1.000000 0.000000 4.222490 1.402270 -1.000000 -1.000000 -1.000000 0.000000 70190.000000 1.000000 1.000000 23.586661
1 0.048385 1.000000 0.000000 0.030436 0.009169 -1.000000 -1.000000 -1.000000 0.000000 258.000000 1.000000 1.000000 26.498161
1 60.907303 1.000000 0.000000 4.397766 1.286452 -1.000000 -1.000000 -1.000000 0.000000 54912.000000 1.000000 1.000000 34.690763
1 0.130889 1.000000 0.000000 0.077857 0.019151 -1.000000 -1.000000 -1.000000 0.000000 1399.000000 1.000000 1.000000 13.863564
0 90.372510 2.000000 0.000000 6.194528 2.093856 -1.000000 -1.000000 -1.000000 1.000000 63953.000000 1.000000 1.000000 -1.000000
0 90.516588 2.000000 0.000000 4.052894 1.276877 -1.000000 -1.000000 -1.000000 1061.000000 36664.000000 1.000000 1.000000 -1.000000
0 90.231876 2.000000 0.000000 4.130425 1.223320 -1.000000 -1.000000 -1.000000 796.000000 45464.000000 1.000000 1.000000 -1.000000
0 90.282000 2.000000 0.000000 4.964602 1.574723 -1.000000 -1.000000 -1.000000 1435.000000 48883.000000 1.000000 1.000000 -1.000000
0 90.070528 2.000000 0.000000 6.219453 1.972275 -1.000000 -1.000000 -1.000000 0.000000 51656.000000 1.000000 1.000000 -1.000000
0 90.090518 2.000000 0.000000 4.818427 1.498084 -1.000000 -1.000000 -1.000000 783.000000 47915.000000 1.000000 1.000000 -1.000000
0 90.025871 2.000000 0.000000 4.388043 1.404232 -1.000000 -1.000000 -1.000000 706.000000 35385.000000 1.000000 1.000000 -1.000000
0 90.028124 2.000000 0.000000 3.946123 1.148562 -1.000000 -1.000000 -1.000000 1089.000000 29161.000000 1.000000 1.000000 -1.000000
0 90.158794 2.000000 0.000000 4.464139 1.401694 -1.000000 -1.000000 -1.000000 2330.000000 52008.000000 1.000000 1.000000 -1.000000
0 90.318245 2.000000 0.000000 4.710038 1.438658 -1.000000 -1.000000 -1.000000 214.000000 53419.000000 1.000000 1.000000 -1.000000
1 21.464971 2.000000 0.000000 2.385714 0.717477 -1.000000 -1.000000 -1.000000 6.000000 20227.000000 1.000000 1.000000 76.508135
0 90.151351 2.000000 0.000000 6.218830 1.865513 -1.000000 -1.000000 -1.000000 0.000000 51192.000000 1.000000 1.000000 -1.000000
0 90.083903 2.000000 0.000000 6.760384 2.206022 -1.000000 -1.000000 -1.000000 6505.000000 74302.000000 1.000000 1.000000 -1.000000
0 90.083019 2.000000 0.000000 4.621330 1.447468 -1.000000 -1.000000 -1.000000 252.000000 39511.000000 1.000000 1.000000 -1.000000
0 90.310798 2.000000 0.000000 3.725154 1.253764 -1.000000 -1.000000 -1.000000 540.000000 27478.000000 1.000000 1.000000 -1.000000
0 90.122232 2.000000 0.000000 4.775200 1.365135 -1.000000 -1.000000 -1.000000 1074.000000 67070.000000 1.000000 1.000000 -1.000000
1 68.665182 2.000000 0.000000 5.512796 1.773782 -1.000000 -1.000000 -1.000000 7177.000000 46658.000000 1.000000 1.000000 59.863194
0 90.349466 2.000000 0.000000 3.784373 1.080861 -1.000000 -1.000000 -1.000000 0.000000 26120.000000 1.000000 1.000000 -1.000000
1 5.818093 2.000000 0.000000 1.798809 0.514482 -1.000000 -1.000000 -1.000000 0.000000 27726.000000 1.000000 1.000000 89.482312
1 0.896391 2.000000 0.000000 0.405867 0.133222 -1.000000 -1.000000 -1.000000 935.000000 5235.000000 1.000000 1.000000 84.604154
0 90.009151 2.000000 0.000000 4.463911 1.475057 -1.000000 -1.000000 -1.000000 2528.000000 40030.000000 1.000000 1.000000 -1.000000
0 90.010091 2.000000 0.000000 5.021842 1.523075 -1.000000 -1.000000 -1.000000 1207.000000 49505.000000 1.000000 1.000000 -1.000000
1 7.817114 2.000000 0.000000 2.159355 0.748507 -1.000000 -1.000000 -1.000000 483.000000 47166.000000 1.000000 1.000000 61.204831
0 90.378486 2.000000 0.000000 6.073278 1.969973 -1.000000 -1.000000 -1.000000 3565.000000 65984.000000 1.000000 1.000000 -1.000000
0 90.041943 2.000000 0.000000 4.786435 1.505362 -1.000000 -1.000000 -1.000000 4458.000000 56567.000000 1.000000 1.000000 -1.000000
0 90.382210 2.000000 0.000000 5.580798 1.659405 -1.000000 -1.000000 -1.000000 863.000000 51580.000000 1.000000 1.000000 -1.000000
0 90.117720 2.000000 0.000000 5.889827 1.863633 -1.000000 -1.000000 -1.000000 1470.000000 49888.000000 1.000000 1.000000 -1.000000
0 90.189720 2.000000 0.000000 4.352575 1.387263 -1.000000 -1.000000 -1.000000 0.000000 34883.000000 1.000000 1.000000 -1.000000
0 90.336025 2.000000 0.000000 4.938104 1.476753 -1.000000 -1.000000 -1.000000 859.000000 41572.000000 1.000000 1.000000 -1.000000
0 90.296973 2.000000 0.000000 5.440344 1.497050 -1.000000 -1.000000 -1.000000 13918.000000 37560.000000 1.000000 1.000000 -1.000000
0 90.045751 2.000000 0.000000 5.246457 1.567390 -1.000000 -1.000000 -1.000000 772.000000 55073.000000 1.000000 1.000000 -1.000000
0 90.019863 2.000000 0.000000 3.710509 1.189029 -1.000000 -1.000000 -1.000000 1012.000000 24991.000000 1.000000 1.000000 -1.000000
0 90.148324 2.000000 0.000000 5.245725 1.748032 -1.000000 -1.000000 -1.000000 173.000000 51699.000000 1.000000 1.000000 -1.000000
0 90.270175 2.000000 0.000000 4.153884 1.297661 -1.000000 -1.000000 -1.000000 665.000000 37985.000000 1.000000 1.000000 -1.000000
0 90.089085 2.000000 0.000000 6.381151 2.020769 -1.000000 -1.000000 -1.000000 0.000000 59270.000000 1.000000 1.000000 -1.000000
0 90.220567 2.000000 0.000000 3.902172 1.245056 -1.000000 -1.000000 -1.000000 1026.000000 30019.000000 1.000000 1.000000 -1.000000
1 71.120665 2.000000 0.000000 6.375790 1.669610 -1.000000 -1.000000 -1.000000 2096.000000 35344.000000 1.000000 1.000000 62.849054
0 90.230788 2.000000 0.000000 5.452515 1.980192 -1.000000 -1.000000 -1.000000 5782.000000 62543.000000 1.000000 1.000000 -1.000000
0 90.001841 2.000000 0.000000 5.281800 1.521539 -1.000000 -1.000000 -1.000000 0.000000 44713.000000 1.000000 1.000000 -1.000000
0 90.227857 2.000000 0.000000 6.089208 1.967271 -1.000000 -1.000000 -1.000000 0.000000 78708.000000 1.000000 1.000000 -1.000000
0 90.130685 2.000000 0.000000 5.792226 1.728398 -1.000000 -1.000000 -1.000000 3800.000000 46156.000000 1.000000 1.000000 -1.000000
1 9.176319 2.000000 0.000000 1.201944 0.400681 -1.000000 -1.000000 -1.000000 1142.000000 12899.000000 1.000000 1.000000 61.202516
1 10.890303 2.000000 0.000000 2.852335 0.853079 -1.000000 -1.000000 -1.000000 20.000000 49642.000000 1.000000 1.000000 80.076197
0 90.382019 2.000000 0.000000 5.560233 1.482326 -1.000000 -1.000000 -1.000000 15606.000000 27316.000000 1.000000 1.000000 -1.000000
0 90.183618 2.000000 0.000000 5.184015 1.803390 -1.000000 -1.000000 -1.000000 13021.000000 64353.000000 1.000000 1.000000 -1.000000
0 90.206326 2.000000 0.000000 5.046090 1.702243 -1.000000 -1.000000 -1.000000 7127.000000 66661.000000 1.000000 1.000000 -1.000000
0 90.166856 2.000000 0.000000 5.591235 1.521723 -1.000000 -1.000000 -1.000000 566.000000 63390.000000 1.000000 1.000000 -1.000000
0 90.051561 2.000000 0.000000 5.259953 1.591387 -1.000000 -1.000000 -1.000000 1308.000000 59193.000000 1.000000 1.000000 -1.000000
0 90.058409 2.000000 0.000000 5.175617 1.719199 -1.000000 -1.000000 -1.000000 4962.000000 45458.000000 1.000000 1.000000 -1.000000
0 90.018997 2.000000 0.000000 5.353052 1.604854 -1.000000 -1.000000 -1.000000 2052.000000 51988.000000 1.000000 1.000000 -1.000000
0 90.014300 2.000000 0.000000 8.082793 2.384682 -1.000000 -1.000000 -1.000000 7283.000000 34991.000000 1.000000 1.000000 -1.000000
0 90.211027 2.000000 0.000000 4.501274 1.386996 -1.000000 -1.000000 -1.000000 1659.000000 41344.000000 1.000000 1.000000 -1.000000
0 90.014905 2.000000 0.000000 6.252689 2.022382 -1.000000 -1.000000 -1.000000 4336.000000 84110.000000 1.000000 1.000000 -1.000000
0 90.230786 2.000000 0.000000 4.581244 1.408509 -1.000000 -1.000000 -1.000000 853.000000 46799.000000 1.000000 1.000000 -1.000000
0 90.449772 2.000000 0.000000 3.733629 1.168941 -1.000000 -1.000000 -1.000000 1265.000000 28254.000000 1.000000 1.000000 -1.000000
0 90.257654 2.000000 0.000000 4.719140 1.618704 -1.000000 -1.000000 -1.000000 346.000000 39383.000000 1.000000 1.000000 -1.000000
0 90.156522 2.000000 0.000000 5.967311 1.812791 -1.000000 -1.000000 -1.000000 786.000000 53251.000000 1.000000 1.000000 -1.000000
0 90.024175 2.000000 0.000000 4.172627 1.259170 -1.000000 -1.000000 -1.000000 879.000000 41719.000000 1.000000 1.000000 -1.000000
0 90.214894 2.000000 0.000000 4.170707 1.270010 -1.000000 -1.000000 -1.000000 1422.000000 33865.000000 1.000000 1.000000 -1.000000
0 90.187992 4.000000 0.000000 3.705987 1.145255 -1.000000 -1.000000 -1.000000 0.000000 43044.000000 1.000000 1.000000 -1.000000
0 90.348411 4.000000 0.000000 6.458308 2.013010 -1.000000 -1.000000 -1.000000 3082.000000 74748.000000 1.000000 1.000000 -1.000000
0 90.215265 4.000000 0.000000 4.669311 1.497384 -1.000000 -1.000000 -1.000000 6109.000000 44053.000000 1.000000 1.000000 -1.000000
0 90.317049 4.000000 0.000000 7.677853 2.426266 -1.000000 -1.000000 -1.000000 11871.000000 91029.000000 1.000000 1.000000 -1.000000
0 90.129783 4.000000 0.000000 5.396945 1.893622 -1.000000 -1.000000 -1.000000 16983.000000 75103.000000 1.000000 1.000000 -1.000000
0 90.135629 4.000000 0.000000 6.631533 2.320765 -1.000000 -1.000000 -1.000000 13434.000000 100129.000000 1.000000 1.000000 -1.000000
0 90.022819 4.000000 0.000000 5.312479 1.842494 -1.000000 -1.000000 -1.000000 0.000000 60770.000000 1.000000 1.000000 -1.000000
0 90.325430 4.000000 0.000000 3.515909 1.043148 -1.000000 -1.000000 -1.000000 0.000000 32621.000000 1.000000 1.000000 -1.000000
0 90.068529 4.000000 0.000000 5.012635 1.545099 -1.000000 -1.000000 -1.000000 0.000000 75443.000000 1.000000 1.000000 -1.000000
0 90.178074 4.000000 0.000000 5.904759 1.926901 -1.000000 -1.000000 -1.000000 17871.000000 89038.000000 1.000000 1.000000 -1.000000
0 90.112979 4.000000 0.000000 4.354477 1.363261 -1.000000 -1.000000 -1.000000 1381.000000 49920.000000 1.000000 1.000000 -1.000000
0 90.151714 4.000000 0.000000 5.428023 1.698759 -1.000000 -1.000000 -1.000000 8087.000000 65067.000000 1.000000 1.000000 -1.000000
0 90.119478 4.000000 0.000000 7.162830 2.086299 -1.000000 -1.000000 -1.000000 1174.000000 85212.000000 1.000000 1.000000 -1.000000
0 90.250440 4.000000 0.000000 6.878849 2.127984 -1.000000 -1.000000 -1.000000 2341.000000 66561.000000 1.000000 1.000000 -1.000000
0 90.250488 4.000000 0.000000 5.447418 1.434137 -1.000000 -1.000000 -1.000000 0.000000 56264.000000 1.000000 1.000000 -1.000000
0 90.259716 4.000000 0.000000 7.579168 2.358333 -1.000000 -1.000000 -1.000000 3427.000000 54224.000000 1.000000 1.000000 -1.000000
0 90.319470 4.000000 0.000000 6.568004 2.010760 -1.000000 -1.000000 -1.000000 1732.000000 77870.000000 1.000000 1.000000 -1.000000
0 90.361763 4.000000 0.000000 5.746536 1.845090 -1.000000 -1.000000 -1.000000 8791.000000 64330.000000 1.000000 1.000000 -1.000000
0 90.023538 4.000000 0.000000 7.266932 2.121843 -1.000000 -1.000000 -1.000000 1803.000000 89801.000000 1.000000 1.000000 -1.000000
0 90.143235 4.000000 0.000000 4.843916 1.496389 -1.000000 -1.000000 -1.000000 837.000000 67162.000000 1.000000 1.000000 -1.000000
0 90.187992 4.000000 0.000000 3.705987 1.145255 -1.000000 -1.000000 -1.000000 0.000000 43044.000000 1.000000 1.000000 -1.000000
0 90.348411 4.000000 0.000000 6.458308 2.013010 -1.000000 -1.000000 -1.000000 3082.000000 74748.000000 1.000000 1.000000 -1.000000
0 90.215265 4.000000 0.000000 4.669311 1.497384 -1.000000 -1.000000 -1.000000 6109.000000 44053.000000 1.000000 1.000000 -1.000000
0 90.317049 4.000000 0.000000 7.677853 2.426266 -1.000000 -1.000000 -1.000000 11871.000000 91029.000000 1.000000 1.000000 -1.000000
0 90.129783 4.000000 0.000000 5.396945 1.893622 -1.000000 -1.000000 -1.000000 16983.000000 75103.000000 1.000000 1.000000 -1.000000
0 90.135629 4.000000 0.000000 6.631533 2.320765 -1.000000 -1.000000 -1.000000 13434.000000 100129.000000 1.000000 1.000000 -1.000000
0 90.022819 4.000000 0.000000 5.312479 1.842494 -1.000000 -1.000000 -1.000000 0.000000 60770.000000 1.000000 1.000000 -1.000000
0 90.325430 4.000000 0.000000 3.515909 1.043148 -1.000000 -1.000000 -1.000000 0.000000 32621.000000 1.000000 1.000000 -1.000000
0 90.068529 4.000000 0.000000 5.012635 1.545099 -1.000000 -1.000000 -1.000000 0.000000 75443.000000 1.000000 1.000000 -1.000000
0 90.178074 4.000000 0.000000 5.904759 1.926901 -1.000000 -1.000000 -1.000000 17871.000000 89038.000000 1.000000 1.000000 -1.000000
0 90.112979 4.000000 0.000000 4.354477 1.363261 -1.000000 -1.000000 -1.000000 1381.000000 49920.000000 1.000000 1.000000 -1.000000
0 90.151714 4.000000 0.000000 5.428023 1.698759 -1.000000 -1.000000 -1.000000 8087.000000 65067.000000 1.000000 1.000000 -1.000000
0 90.119478 4.000000 0.000000 7.162830 2.086299 -1.000000 -1.000000 -1.000000 1174.000000 85212.000000 1.000000 1.000000 -1.000000
0 90.250440 4.000000 0.000000 6.878849 2.127984 -1.000000 -1.000000 -1.000000 2341.000000 66561.000000 1.000000 1.000000 -1.000000
0 90.250488 4.000000 0.000000 5.447418 1.434137 -1.000000 -1.000000 -1.000000 0.000000 56264.000000 1.000000 1.000000 -1.000000
0 90.259716 4.000000 0.000000 7.579168 2.358333 -1.000000 -1.000000 -1.000000 3427.000000 54224.000000 1.000000 1.000000 -1.000000
0 90.319470 4.000000 0.000000 6.568004 2.010760 -1.000000 -1.000000 -1.000000 1732.000000 77870.000000 1.000000 1.000000 -1.000000
0 90.361763 4.000000 0.000000 5.746536 1.845090 -1.000000 -1.000000 -1.000000 8791.000000 64330.000000 1.000000 1.000000 -1.000000
0 90.023538 4.000000 0.000000 7.266932 2.121843 -1.000000 -1.000000 -1.000000 1803.000000 89801.000000 1.000000 1.000000 -1.000000
0 90.143235 4.000000 0.000000 4.843916 1.496389 -1.000000 -1.000000 -1.000000 837.000000 67162.000000 1.000000 1.000000 -1.000000
0 90.187992 6.000000 0.000000 3.705987 1.145255 -1.000000 -1.000000 -1.000000 0.000000 43046.000000 1.000000 1.000000 -1.000000
0 90.348411 6.000000 0.000000 6.458308 2.013010 -1.000000 -1.000000 -1.000000 3082.000000 74748.000000 1.000000 1.000000 -1.000000
0 90.215265 6.000000 0.000000 4.669311 1.497384 -1.000000 -1.000000 -1.000000 6109.000000 44053.000000 1.000000 1.000000 -1.000000
0 90.317049 6.000000 0.000000 7.677853 2.426266 -1.000000 -1.000000 -1.000000 11871.000000 91029.000000 1.000000 1.000000 -1.000000
0 90.129783 6.000000 0.000000 5.396945 1.893622 -1.000000 -1.000000 -1.000000 16983.000000 75103.000000 1.000000 1.000000 -1.000000
0 90.135629 6.000000 0.000000 6.631533 2.320765 -1.000000 -1.000000 -1.000000 13436.000000 100129.000000 1.000000 1.000000 -1.000000
0 90.022819 6.000000 0.000000 5.312479 1.842494 -1.000000 -1.000000 -1.000000 0.000000 60770.000000 1.000000 1.000000 -1.000000
0 90.325430 6.000000 0.000000 3.515909 1.043148 -1.000000 -1.000000 -1.000000 0.000000 32621.000000 1.000000 1.000000 -1.000000
0 90.068529 6.000000 0.000000 5.012635 1.545099 -1.000000 -1.000000 -1.000000 0.000000 75443.000000 1.000000 1.000000 -1.000000
0 90.178074 6.000000 0.000000 5.904759 1.926901 -1.000000 -1.000000 -1.000000 17871.000000 89038.000000 1.000000 1.000000 -1.000000
0 90.112979 6.000000 0.000000 4.354477 1.363261 -1.000000 -1.000000 -1.000000 1381.000000 49920.000000 1.000000 1.000000 -1.000000
0 90.151714 6.000000 0.000000 5.428023 1.698759 -1.000000 -1.000000 -1.000000 8087.000000 65067.000000 1.000000 1.000000 -1.000000
0 90.119478 6.000000 0.000000 7.162830 2.086299 -1.000000 -1.000000 -1.000000 1174.000000 85212.000000 1.000000 1.000000 -1.000000
0 90.250440 6.000000 0.000000 6.878849 2.127984 -1.000000 -1.000000 -1.000000 2341.000000 66561.000000 1.000000 1.000000 -1.000000
0 90.250488 6.000000 0.000000 5.447418 1.434137 -1.000000 -1.000000 -1.000000 0.000000 56264.000000 1.000000 1.000000 -1.000000
0 90.259716 6.000000 0.000000 7.579168 2.358333 -1.000000 -1.000000 -1.000000 3427.000000 54224.000000 1.000000 1.000000 -1.000000
0 90.319470 6.000000 0.000000 6.568004 2.010760 -1.000000 -1.000000 -1.000000 1732.000000 77870.000000 1.000000 1.000000 -1.000000
0 90.361763 6.000000 0.000000 5.746536 1.845090 -1.000000 -1.000000 -1.000000 8791.000000 64330.000000 1.000000 1.000000 -1.000000
0 90.023538 6.000000 0.000000 7.266932 2.121843 -1.000000 -1.000000 -1.000000 1803.000000 89801.000000 1.000000 1.000000 -1.000000
0 90.143235 6.000000 0.000000 4.843916 1.496389 -1.000000 -1.000000 -1.000000 837.000000 67162.000000 1.000000 1.000000 -1.000000
0 90.187992 6.000000 0.000000 3.705987 1.145255 -1.000000 -1.000000 -1.000000 0.000000 43046.000000 1.000000 1.000000 -1.000000
0 90.348411 6.000000 0.000000 6.458308 2.013010 -1.000000 -1.000000 -1.000000 3082.000000 74748.000000 1.000000 1.000000 -1.000000
0 90.215265 6.000000 0.000000 4.669311 1.497384 -1.000000 -1.000000 -1.000000 6109.000000 44053.000000 1.000000 1.000000 -1.000000
0 90.317049 6.000000 0.000000 7.677853 2.426266 -1.000000 -1.000000 -1.000000 11871.000000 91029.000000 1.000000 1.000000 -1.000000
0 90.129783 6.000000 0.000000 5.396945 1.893622 -1.000000 -1.000000 -1.000000 16983.000000 75103.000000 1.000000 1.000000 -1.000000
0 90.135629 6.000000 0.000000 6.631533 2.320765 -1.000000 -1.000000 -1.000000 13436.000000 100129.000000 1.000000 1.000000 -1.000000
0 90.022819 6.000000 0.000000 5.312479 1.842494 -1.000000 -1.000000 -1.000000 0.000000 60770.000000 1.000000 1.000000 -1.000000
0 90.325430 6.000000 0.000000 3.515909 1.043148 -1.000000 -1.000000 -1.000000 0.000000 32621.000000 1.000000 1.000000 -1.000000
0 90.068529 6.000000 0.000000 5.012635 1.545099 -1.000000 -1.000000 -1.000000 0.000000 75443.000000 1.000000 1.000000 -1.000000
0 90.178074 6.000000 0.000000 5.904759 1.926901 -1.000000 -1.000000 -1.000000 17871.000000 89038.000000 1.000000 1.000000 -1.000000
0 90.112979 6.000000 0.000000 4.354477 1.363261 -1.000000 -1.000000 -1.000000 1381.000000 49920.000000 1.000000 1.000000 -1.000000
0 90.151714 6.000000 0.000000 5.428023 1.698759 -1.000000 -1.000000 -1.000000 8087.000000 65067.000000 1.000000 1.000000 -1.000000
0 90.119478 6.000000 0.000000 7.162830 2.086299 -1.000000 -1.000000 -1.000000 1174.000000 85212.000000 1.000000 1.000000 -1.000000
0 90.250440 6.000000 0.000000 6.878849 2.127984 -1.000000 -1.000000 -1.000000 2341.000000 66561.000000 1.000000 1.000000 -1.000000
0 90.250488 6.000000 0.000000 5.447418 1.434137 -1.000000 -1.000000 -1.000000 0.000000 56264.000000 1.000000 1.000000 -1.000000
0 90.259716 6.000000 0.000000 7.579168 2.358333 -1.000000 -1.000000 -1.000000 3427.000000 54224.000000 1.000000 1.000000 -1.000000
0 90.319470 6.000000 0.000000 6.568004 2.010760 -1.000000 -1.000000 -1.000000 1732.000000 77870.000000 1.000000 1.000000 -1.000000
0 90.361763 6.000000 0.000000 5.746536 1.845090 -1.000000 -1.000000 -1.000000 8791.000000 64330.000000 1.000000 1.000000 -1.000000
0 90.023538 6.000000 0.000000 7.266932 2.121843 -1.000000 -1.000000 -1.000000 1803.000000 89801.000000 1.000000 1.000000 -1.000000
0 90.143235 6.000000 0.000000 4.843916 1.496389 -1.000000 -1.000000 -1.000000 837.000000 67162.000000 1.000000 1.000000 -1.000000
0 90.187992 8.000000 0.000000 3.705987 1.145255 -1.000000 -1.000000 -1.000000 0.000000 43048.000000 1.000000 1.000000 -1.000000
0 90.348411 8.000000 0.000000 6.458308 2.013010 -1.000000 -1.000000 -1.000000 3082.000000 74748.000000 1.000000 1.000000 -1.000000
0 90.215265 8.000000 0.000000 4.669311 1.497384 -1.000000 -1.000000 -1.000000 6109.000000 44053.000000 1.000000 1.000000 -1.000000
0 90.317049 8.000000 0.000000 7.677853 2.426266 -1.000000 -1.000000 -1.000000 11871.000000 91029.000000 1.000000 1.000000 -1.000000
0 90.129783 8.000000 0.000000 5.396945 1.893622 -1.000000 -1.000000 -1.000000 16983.000000 75103.000000 1.000000 1.000000 -1.000000
0 90.135629 8.000000 0.000000 6.631533 2.320765 -1.000000 -1.000000 -1.000000 13438.000000 100129.000000 1.000000 1.000000 -1.000000
0 90.022819 8.000000 0.000000 5.312479 1.842494 -1.000000 -1.000000 -1.000000 0.000000 60770.000000 1.000000 1.000000 -1.000000
0 90.325430 8.000000 0.000000 3.515909 1.043148 -1.000000 -1.000000 -1.000000 0.000000 32621.000000 1.000000 1.000000 -1.000000
0 90.068529 8.000000 0.000000 5.012635 1.545099 -1.000000 -1.000000 -1.000000 0.000000 75443.000000 1.000000 1.000000 -1.000000
0 90.178074 8.000000 0.000000 5.904759 1.926901 -1.000000 -1.000000 -1.000000 17871.000000 89038.000000 1.000000 1.000000 -1.000000
0 90.112979 8.000000 0.000000 4.354477 1.363261 -1.000000 -1.000000 -1.000000 1381.000000 49920.000000 1.000000 1.000000 -1.000000
0 90.151714 8.000000 0.000000 5.428023 1.698759 -1.000000 -1.000000 -1.000000 8087.000000 65067.000000 1.000000 1.000000 -1.000000
0 90.119478 8.000000 0.000000 7.162830 2.086299 -1.000000 -1.000000 -1.000000 1174.000000 85212.000000 1.000000 1.000000 -1.000000
0 90.250440 8.000000 0.000000 6.878849 2.127984 -1.000000 -1.000000 -1.000000 2341.000000 66561.000000 1.000000 1.000000 -1.000000
0 90.250488 8.000000 0.000000 5.447418 1.434137 -1.000000 -1.000000 -1.000000 0.000000 56264.000000 1.000000 1.000000 -1.000000
0 90.259716 8.000000 0.000000 7.579168 2.358333 -1.000000 -1.000000 -1.000000 3427.000000 54224.000000 1.000000 1.000000 -1.000000
0 90.319470 8.000000 0.000000 6.568004 2.010760 -1.000000 -1.000000 -1.000000 1732.000000 77870.000000 1.000000 1.000000 -1.000000
0 90.361763 8.000000 0.000000 5.746536 1.845090 -1.000000 -1.000000 -1.000000 8791.000000 64330.000000 1.000000 1.000000 -1.000000
0 90.023538 8.000000 0.000000 7.266932 2.121843 -1.000000 -1.000000 -1.000000 1803.000000 89801.000000 1.000000 1.000000 -1.000000
0 90.143235 8.000000 0.000000 4.843916 1.496389 -1.000000 -1.000000 -1.000000 837.000000 67162.000000 1.000000 1.000000 -1.000000
0 90.187992 8.000000 0.000000 3.705987 1.145255 -1.000000 -1.000000 -1.000000 0.000000 43048.000000 1.000000 1.000000 -1.000000
0 90.348411 8.000000 0.000000 6.458308 2.013010 -1.000000 -1.000000 -1.000000 3082.000000 74748.000000 1.000000 1.000000 -1.000000
0 90.215265 8.000000 0.000000 4.669311 1.497384 -1.000000 -1.000000 -1.000000 6109.000000 44053.000000 1.000000 1.000000 -1.000000
0 90.317049 8.000000 0.000000 7.677853 2.426266 -1.000000 -1.000000 -1.000000 11871.000000 91029.000000 1.000000 1.000000 -1.000000
0 90.129783 8.000000 0.000000 5.396945 1.893622 -1.000000 -1.000000 -1.000000 16983.000000 75103.000000 1.000000 1.000000 -1.000000
0 90.135629 8.000000 0.000000 6.631533 2.320765 -1.000000 -1.000000 -1.000000 13438.000000 100129.000000 1.000000 1.000000 -1.000000
0 90.022819 8.000000 0.000000 5.312479 1.842494 -1.000000 -1.000000 -1.000000 0.000000 60770.000000 1.000000 1.000000 -1.000000
0 90.325430 8.000000 0.000000 3.515909 1.043148 -1.000000 -1.000000 -1.000000 0.000000 32621.000000 1.000000 1.000000 -1.000000
0 90.068529 8.000000 0.000000 5.012635 1.545099 -1.000000 -1.000000 -1.000000 0.000000 75443.000000 1.000000 1.000000 -1.000000
0 90.178074 8.000000 0.000000 5.904759 1.926901 -1.000000 -1.000000 -1.000000 17871.000000 89038.000000 1.000000 1.000000 -1.000000
0 90.112979 8.000000 0.000000 4.354477 1.363261 -1.000000 -1.000000 -1.000000 1381.000000 49920.000000 1.000000 1.000000 -1.000000
0 90.151714 8.000000 0.000000 5.428023 1.698759 -1.000000 -1.000000 -1.000000 8087.000000 65067.000000 1.000000 1.000000 -1.000000
0 90.119478 8.000000 0.000000 7.162830 2.086299 -1.000000 -1.000000 -1.000000 1174.000000 85212.000000 1.000000 1.000000 -1.000000
0 90.250440 8.000000 0.000000 6.878849 2.127984 -1.000000 -1.000000 -1.000000 2341.000000 66561.000000 1.000000 1.000000 -1.000000
0 90.250488 8.000000 0.000000 5.447418 1.434137 -1.000000 -1.000000 -1.000000 0.000000 56264.000000 1.000000 1.000000 -1.000000
0 90.259716 8.000000 0.000000 7.579168 2.358333 -1.000000 -1.000000 -1.000000 3427.000000 54224.000000 1.000000 1.000000 -1.000000
0 90.319470 8.000000 0.000000 6.568004 2.010760 -1.000000 -1.000000 -1.000000 1732.000000 77870.000000 1.000000 1.000000 -1.000000
0 90.361763 8.000000 0.000000 5.746536 1.845090 -1.000000 -1.000000 -1.000000 8791.000000 64330.000000 1.000000 1.000000 -1.000000
0 90.023538 8.000000 0.000000 7.266932 2.121843 -1.000000 -1.000000 -1.000000 1803.000000 89801.000000 1.000000 1.000000 -1.000000
0 90.143235 8.000000 0.000000 4.843916 1.496389 -1.000000 -1.000000 -1.000000 837.000000 67162.000000 1.000000 1.000000 -1.000000
0 90.187992 10.000000 0.000000 3.705987 1.145255 -1.000000 -1.000000 -1.000000 0.000000 430410.000000 1.000000 1.000000 -1.000000
0 90.348411 10.000000 0.000000 6.458308 2.013010 -1.000000 -1.000000 -1.000000 3082.000000 747410.000000 1.000000 1.000000 -1.000000
0 90.215265 10.000000 0.000000 4.669311 1.497384 -1.000000 -1.000000 -1.000000 6109.000000 44053.000000 1.000000 1.000000 -1.000000
0 90.317049 10.000000 0.000000 7.677853 2.426266 -1.000000 -1.000000 -1.000000 11871.000000 91029.000000 1.000000 1.000000 -1.000000
0 90.129783 10.000000 0.000000 5.396945 1.893622 -1.000000 -1.000000 -1.000000 16983.000000 75103.000000 1.000000 1.000000 -1.000000
0 90.135629 10.000000 0.000000 6.631533 2.320765 -1.000000 -1.000000 -1.000000 134310.000000 100129.000000 1.000000 1.000000 -1.000000
0 90.022819 10.000000 0.000000 5.312479 1.842494 -1.000000 -1.000000 -1.000000 0.000000 60770.000000 1.000000 1.000000 -1.000000
0 90.325430 10.000000 0.000000 3.515909 1.043148 -1.000000 -1.000000 -1.000000 0.000000 32621.000000 1.000000 1.000000 -1.000000
0 90.068529 10.000000 0.000000 5.012635 1.545099 -1.000000 -1.000000 -1.000000 0.000000 75443.000000 1.000000 1.000000 -1.000000
0 90.178074 10.000000 0.000000 5.904759 1.926901 -1.000000 -1.000000 -1.000000 17871.000000 890310.000000 1.000000 1.000000 -1.000000
0 90.112979 10.000000 0.000000 4.354477 1.363261 -1.000000 -1.000000 -1.000000 1381.000000 49920.000000 1.000000 1.000000 -1.000000
0 90.151714 10.000000 0.000000 5.428023 1.698759 -1.000000 -1.000000 -1.000000 8087.000000 65067.000000 1.000000 1.000000 -1.000000
0 90.119478 10.000000 0.000000 7.162830 2.086299 -1.000000 -1.000000 -1.000000 1174.000000 85212.000000 1.000000 1.000000 -1.000000
0 90.250440 10.000000 0.000000 6.878849 2.127984 -1.000000 -1.000000 -1.000000 2341.000000 66561.000000 1.000000 1.000000 -1.000000
0 90.250488 10.000000 0.000000 5.447418 1.434137 -1.000000 -1.000000 -1.000000 0.000000 56264.000000 1.000000 1.000000 -1.000000
0 90.259716 10.000000 0.000000 7.579168 2.358333 -1.000000 -1.000000 -1.000000 3427.000000 54224.000000 1.000000 1.000000 -1.000000
0 90.319470 10.000000 0.000000 6.568004 2.010760 -1.000000 -1.000000 -1.000000 1732.000000 77870.000000 1.000000 1.000000 -1.000000
0 90.361763 10.000000 0.000000 5.746536 1.845090 -1.000000 -1.000000 -1.000000 8791.000000 64330.000000 1.000000 1.000000 -1.000000
0 90.023538 10.000000 0.000000 7.266932 2.121843 -1.000000 -1.000000 -1.000000 1803.000000 89801.000000 1.000000 1.000000 -1.000000
0 90.143235 10.000000 0.000000 4.843916 1.496389 -1.000000 -1.000000 -1.000000 837.000000 67162.000000 1.000000 1.000000 -1.000000
0 90.187992 10.000000 0.000000 3.705987 1.145255 -1.000000 -1.000000 -1.000000 0.000000 430410.000000 1.000000 1.000000 -1.000000
0 90.348411 10.000000 0.000000 6.458308 2.013010 -1.000000 -1.000000 -1.000000 3082.000000 747410.000000 1.000000 1.000000 -1.000000
0 90.215265 10.000000 0.000000 4.669311 1.497384 -1.000000 -1.000000 -1.000000 6109.000000 44053.000000 1.000000 1.000000 -1.000000
0 90.317049 10.000000 0.000000 7.677853 2.426266 -1.000000 -1.000000 -1.000000 11871.000000 91029.000000 1.000000 1.000000 -1.000000
0 90.129783 10.000000 0.000000 5.396945 1.893622 -1.000000 -1.000000 -1.000000 16983.000000 75103.000000 1.000000 1.000000 -1.000000
0 90.135629 10.000000 0.000000 6.631533 2.320765 -1.000000 -1.000000 -1.000000 134310.000000 100129.000000 1.000000 1.000000 -1.000000
0 90.022819 10.000000 0.000000 5.312479 1.842494 -1.000000 -1.000000 -1.000000 0.000000 60770.000000 1.000000 1.000000 -1.000000
0 90.325430 10.000000 0.000000 3.515909 1.043148 -1.000000 -1.000000 -1.000000 0.000000 32621.000000 1.000000 1.000000 -1.000000
0 90.068529 10.000000 0.000000 5.012635 1.545099 -1.000000 -1.000000 -1.000000 0.000000 75443.000000 1.000000 1.000000 -1.000000
0 90.178074 10.000000 0.000000 5.904759 1.926901 -1.000000 -1.000000 -1.000000 17871.000000 890310.000000 1.000000 1.000000 -1.000000
0 90.112979 10.000000 0.000000 4.354477 1.363261 -1.000000 -1.000000 -1.000000 1381.000000 49920.000000 1.000000 1.000000 -1.000000
0 90.151714 10.000000 0.000000 5.428023 1.698759 -1.000000 -1.000000 -1.000000 8087.000000 65067.000000 1.000000 1.000000 -1.000000
0 90.119478 10.000000 0.000000 7.162830 2.086299 -1.000000 -1.000000 -1.000000 1174.000000 85212.000000 1.000000 1.000000 -1.000000
0 90.250440 10.000000 0.000000 6.878849 2.127984 -1.000000 -1.000000 -1.000000 2341.000000 66561.000000 1.000000 1.000000 -1.000000
0 90.250488 10.000000 0.000000 5.447418 1.434137 -1.000000 -1.000000 -1.000000 0.000000 56264.000000 1.000000 1.000000 -1.000000
0 90.259716 10.000000 0.000000 7.579168 2.358333 -1.000000 -1.000000 -1.000000 3427.000000 54224.000000 1.000000 1.000000 -1.000000
0 90.319470 10.000000 0.000000 6.568004 2.010760 -1.000000 -1.000000 -1.000000 1732.000000 77870.000000 1.000000 1.000000 -1.000000
0 90.361763 10.000000 0.000000 5.746536 1.845090 -1.000000 -1.000000 -1.000000 8791.000000 64330.000000 1.000000 1.000000 -1.000000
0 90.023538 10.000000 0.000000 7.266932 2.121843 -1.000000 -1.000000 -1.000000 1803.000000 89801.000000 1.000000 1.000000 -1.000000
0 90.143235 10.000000 0.000000 4.843916 1.496389 -1.000000 -1.000000 -1.000000 837.000000 67162.000000 1.000000 1.000000 -1.000000
