1 0.758054 1.000000 0.755138 0.000317 0.001513 0.000016 4.000000 2.000000 0.000000 8.000000 0.000000 0.000000 15.483341
1 0.768980 1.000000 0.760025 0.000830 0.005414 0.000027 5.000000 2.000000 0.000000 24.000000 0.000000 0.000000 13.615885
1 0.761865 1.000000 0.760202 0.000200 0.000885 0.000010 4.000000 2.000000 0.000000 11.000000 0.000000 0.000000 15.719282
1 1.003452 1.000000 1.000826 0.000302 0.001418 0.000016 4.000000 2.000000 0.000000 0.000000 0.000000 0.000000 14.619196
1 1.207030 1.000000 1.205310 0.000198 0.000861 0.000009 2.000000 2.000000 0.000000 0.000000 0.000000 0.000000 10.015956
1 1.279292 1.000000 1.276477 0.000333 0.001402 0.000015 3.000000 2.000000 0.000000 0.000000 0.000000 0.000000 9.831358
1 1.162242 1.000000 1.158812 0.000404 0.001829 0.000008 3.000000 2.000000 0.000000 11.000000 0.000000 0.000000 10.777038
1 0.884696 1.000000 0.879662 0.000476 0.003022 0.000015 4.000000 2.000000 0.000000 149.000000 0.000000 0.000000 11.442210
1 2.439488 1.000000 2.433924 0.000568 0.002714 0.000019 4.000000 2.000000 0.000000 8.000000 0.000000 0.000000 13.624663
1 0.870364 1.000000 0.868141 0.000258 0.001123 0.000012 3.000000 2.000000 0.000000 1.000000 0.000000 0.000000 11.788973
1 0.837055 1.000000 0.834123 0.000239 0.002000 0.000012 3.000000 2.000000 0.000000 11.000000 0.000000 0.000000 9.557410
1 0.845482 1.000000 0.840960 0.000450 0.002922 0.000010 3.000000 2.000000 0.000000 30.000000 0.000000 0.000000 11.899818
1 0.841372 1.000000 0.839356 0.000257 0.001017 0.000013 3.000000 2.000000 0.000000 0.000000 0.000000 0.000000 15.419287
1 0.870920 1.000000 0.868966 0.000218 0.001032 0.000019 4.000000 2.000000 0.000000 2.000000 0.000000 0.000000 15.405531
1 0.896254 1.000000 0.892480 0.000392 0.001867 0.000016 4.000000 2.000000 0.000000 11.000000 0.000000 0.000000 14.792585
1 1.489989 1.000000 1.484980 0.000515 0.002874 0.000014 3.000000 2.000000 0.000000 12.000000 0.000000 0.000000 11.850146
1 0.894102 1.000000 0.891624 0.000259 0.001413 0.000015 3.000000 2.000000 0.000000 2.000000 0.000000 0.000000 15.236443
1 0.917620 1.000000 0.910091 0.000827 0.004310 0.000017 5.000000 2.000000 0.000000 8.000000 0.000000 0.000000 11.515066
1 1.507131 1.000000 1.501010 0.000417 0.003937 0.000014 4.000000 2.000000 0.000000 18.000000 0.000000 0.000000 18.946603
1 0.917699 1.000000 0.915986 0.000195 0.000930 0.000012 4.000000 2.000000 0.000000 0.000000 0.000000 0.000000 15.105368
1 0.886219 1.000000 0.883059 0.000317 0.001687 0.000017 4.000000 2.000000 0.000000 10.000000 0.000000 0.000000 12.890396
1 0.889641 1.000000 0.886891 0.000341 0.001492 0.000011 3.000000 2.000000 0.000000 5.000000 0.000000 0.000000 12.367717
1 0.906640 1.000000 0.905483 0.000132 0.000538 0.000012 3.000000 2.000000 0.000000 0.000000 0.000000 0.000000 13.260606
1 0.684560 1.000000 0.683318 0.000143 0.000610 0.000012 4.000000 2.000000 0.000000 0.000000 0.000000 0.000000 11.972806
0 75.803874 1.000000 0.803081 6.099502 49.939010 0.000016 4.000000 2.000000 0.000000 3553100.000000 0.000000 0.000000 -1.000000
1 1.242624 1.000000 1.239487 0.000347 0.001749 0.000012 4.000000 2.000000 0.000000 9.000000 0.000000 0.000000 13.019352
1 0.752311 1.000000 0.750943 0.000124 0.000810 0.000010 3.000000 2.000000 0.000000 0.000000 0.000000 0.000000 10.903847
1 2.879820 1.000000 2.876782 0.000251 0.001719 0.000023 5.000000 2.000000 0.000000 0.000000 0.000000 0.000000 13.429250
1 1.326833 1.000000 1.317939 0.000893 0.005281 0.000014 4.000000 2.000000 0.000000 20.000000 0.000000 0.000000 12.642679
1 0.856934 1.000000 0.854334 0.000232 0.001710 0.000007 2.000000 2.000000 0.000000 12.000000 0.000000 0.000000 9.670031
1 0.865973 1.000000 0.863482 0.000223 0.001540 0.000014 4.000000 2.000000 0.000000 7.000000 0.000000 0.000000 14.498227
1 1.989791 1.000000 1.988162 0.000167 0.000788 0.000015 4.000000 2.000000 0.000000 0.000000 0.000000 0.000000 11.384392
1 1.221270 1.000000 1.219626 0.000163 0.000906 0.000013 4.000000 2.000000 0.000000 1.000000 0.000000 0.000000 12.405383
1 0.776655 1.000000 0.773201 0.000345 0.001795 0.000014 4.000000 2.000000 0.000000 6.000000 0.000000 0.000000 13.757451
1 0.748409 1.000000 0.746852 0.000188 0.000765 0.000012 3.000000 2.000000 0.000000 0.000000 0.000000 0.000000 11.421336
1 0.740970 1.000000 0.739125 0.000178 0.001051 0.000009 3.000000 2.000000 0.000000 13.000000 0.000000 0.000000 11.607165
1 0.786871 1.000000 0.785734 0.000128 0.000531 0.000012 4.000000 2.000000 0.000000 0.000000 0.000000 0.000000 11.231547
1 0.748673 1.000000 0.746369 0.000271 0.001152 0.000012 4.000000 2.000000 0.000000 2.000000 0.000000 0.000000 14.193514
1 0.788926 1.000000 0.785389 0.000331 0.001862 0.000016 4.000000 2.000000 0.000000 5.000000 0.000000 0.000000 15.435710
1 0.760777 1.000000 0.754128 0.000652 0.003974 0.000012 3.000000 2.000000 0.000000 54.000000 0.000000 0.000000 11.871324
1 0.761646 1.000000 0.759627 0.000152 0.001328 0.000013 3.000000 2.000000 0.000000 7.000000 0.000000 0.000000 12.397392
1 1.965368 1.000000 1.959782 0.000543 0.003405 0.000024 4.000000 2.000000 0.000000 6.000000 0.000000 0.000000 12.388890
1 1.586736 1.000000 1.574609 0.000957 0.007470 0.000020 3.000000 2.000000 0.000000 10.000000 0.000000 0.000000 16.639038
1 1.553527 1.000000 1.550501 0.000295 0.001479 0.000022 4.000000 2.000000 0.000000 0.000000 0.000000 0.000000 15.339049
1 1.433256 1.000000 1.431189 0.000233 0.001042 0.000016 4.000000 2.000000 0.000000 0.000000 0.000000 0.000000 12.702381
1 2.216603 1.000000 2.214861 0.000171 0.000978 0.000018 3.000000 2.000000 0.000000 0.000000 0.000000 0.000000 12.672153
1 0.874493 1.000000 0.872866 0.000199 0.000877 0.000010 3.000000 2.000000 0.000000 3.000000 0.000000 0.000000 13.723890
1 1.481219 1.000000 1.478423 0.000315 0.001448 0.000017 5.000000 2.000000 0.000000 2.000000 0.000000 0.000000 14.612856
1 0.814183 1.000000 0.812831 0.000165 0.000657 0.000012 4.000000 2.000000 0.000000 0.000000 0.000000 0.000000 13.576327
1 3.875506 1.000000 3.873331 0.000228 0.001046 0.000044 6.000000 2.000000 0.000000 0.000000 0.000000 0.000000 11.942668
1 1.142309 1.000000 1.112790 0.002913 0.016828 0.000013 4.000000 2.000000 0.000000 38.000000 0.000000 0.000000 13.868816
1 0.826268 1.000000 0.813491 0.001268 0.006907 0.000011 4.000000 2.000000 0.000000 24.000000 0.000000 0.000000 13.568494
1 0.771768 1.000000 0.769263 0.000209 0.001644 0.000013 4.000000 2.000000 0.000000 10.000000 0.000000 0.000000 11.856902
1 0.759298 1.000000 0.757758 0.000179 0.000755 0.000010 4.000000 2.000000 0.000000 0.000000 0.000000 0.000000 13.690232
1 0.785910 1.000000 0.783361 0.000235 0.001470 0.000013 3.000000 2.000000 0.000000 5.000000 0.000000 0.000000 14.892439
1 1.119314 1.000000 1.116795 0.000281 0.001252 0.000023 4.000000 2.000000 0.000000 0.000000 0.000000 0.000000 14.662288
1 1.345663 1.000000 1.338955 0.000568 0.003935 0.000034 5.000000 2.000000 0.000000 2.000000 0.000000 0.000000 14.535915
1 1.335471 1.000000 1.330559 0.000512 0.003050 0.000014 3.000000 2.000000 0.000000 24.000000 0.000000 0.000000 10.481235
1 1.064504 1.000000 1.060749 0.000414 0.001991 0.000017 5.000000 2.000000 0.000000 2.000000 0.000000 0.000000 14.589779
1 0.764325 1.000000 0.762786 0.000181 0.000734 0.000011 3.000000 2.000000 0.000000 0.000000 0.000000 0.000000 11.330478
0 76.337106 2.000000 0.740061 1.326794 7.514704 0.102158 6459.000000 2.000000 6637.000000 7193.000000 0.000000 0.000000 -1.000000
1 1.001688 2.000000 0.755579 0.028428 0.131475 0.001517 24.000000 2.000000 31.000000 82.000000 0.000000 0.000000 31.795450
1 28.600389 2.000000 1.318630 1.445477 8.101555 0.008083 94.000000 2.000000 2428.000000 4089.000000 0.000000 0.000000 49.429393
1 16.197348 2.000000 2.539590 0.840908 5.001614 0.020817 1238.000000 2.000000 1020.000000 2574.000000 0.000000 0.000000 59.728317
1 73.629712 2.000000 0.748311 1.033089 6.056466 0.010118 182.000000 2.000000 4758.000000 7195.000000 0.000000 0.000000 39.967742
1 49.300475 2.000000 0.752301 3.724762 17.426314 0.020179 638.000000 2.000000 643.000000 9837.000000 0.000000 0.000000 42.182866
1 1.507603 2.000000 0.782026 0.080475 0.386864 0.002067 26.000000 2.000000 159.000000 339.000000 0.000000 0.000000 43.530541
1 1.856538 2.000000 1.277878 0.064317 0.320460 0.003092 27.000000 2.000000 133.000000 179.000000 0.000000 0.000000 37.573101
1 3.593750 2.000000 1.308382 0.230882 1.202622 0.003631 34.000000 2.000000 299.000000 603.000000 0.000000 0.000000 52.595565
1 1.473498 2.000000 1.306701 0.017089 0.089790 0.001822 25.000000 2.000000 37.000000 55.000000 0.000000 0.000000 33.550923
1 1.772416 2.000000 0.708485 0.115289 0.544148 0.001655 26.000000 2.000000 189.000000 292.000000 0.000000 0.000000 34.001802
1 1.955186 2.000000 1.352369 0.064068 0.320614 0.001998 26.000000 2.000000 103.000000 214.000000 0.000000 0.000000 38.764897
1 6.595314 2.000000 0.816961 0.547614 2.520136 0.003095 35.000000 2.000000 512.000000 1237.000000 0.000000 0.000000 33.847031
1 4.218198 2.000000 0.777958 0.340838 1.809630 0.002609 33.000000 2.000000 615.000000 706.000000 0.000000 0.000000 36.814279
1 1.513476 2.000000 0.692130 0.085170 0.437778 0.001887 28.000000 2.000000 236.000000 393.000000 0.000000 0.000000 50.682788
1 1.830055 2.000000 1.292216 0.053284 0.281119 0.001464 21.000000 2.000000 92.000000 163.000000 0.000000 0.000000 34.205415
1 4.218198 2.000000 0.777958 0.340838 1.809630 0.002609 33.000000 2.000000 615.000000 706.000000 0.000000 0.000000 36.814279
1 1.772416 2.000000 0.708485 0.115289 0.544148 0.001655 26.000000 2.000000 189.000000 292.000000 0.000000 0.000000 34.001802
1 1.473498 2.000000 1.306701 0.017089 0.089790 0.001822 25.000000 2.000000 37.000000 55.000000 0.000000 0.000000 33.550923
1 9.614456 2.000000 1.342286 0.672058 3.772448 0.010244 98.000000 2.000000 480.000000 7005.000000 0.000000 0.000000 31.242039
1 6.595314 2.000000 0.816961 0.547614 2.520136 0.003095 35.000000 2.000000 512.000000 1237.000000 0.000000 0.000000 33.847031
1 1.053047 2.000000 0.799970 0.026783 0.138456 0.001869 28.000000 2.000000 50.000000 71.000000 0.000000 0.000000 34.849013
1 3.989817 2.000000 0.678693 0.270350 1.463035 0.002406 37.000000 2.000000 590.000000 1696.000000 0.000000 0.000000 38.819605
0 75.756605 2.000000 0.691613 1.186031 7.399498 0.010142 191.000000 2.000000 3916.000000 9930.000000 0.000000 0.000000 -1.000000
1 1.013082 2.000000 0.758825 0.027465 0.141881 0.001465 23.000000 2.000000 58.000000 97.000000 0.000000 0.000000 32.201226
1 2.435077 2.000000 1.769243 0.062359 0.350682 0.002603 37.000000 2.000000 101.000000 349.000000 0.000000 0.000000 35.248841
1 1.339597 2.000000 0.807100 0.060301 0.280831 0.001730 24.000000 2.000000 59.000000 224.000000 0.000000 0.000000 40.513205
1 1.473498 2.000000 1.306701 0.017089 0.089790 0.001822 25.000000 2.000000 37.000000 55.000000 0.000000 0.000000 33.550923
1 1.053047 2.000000 0.799970 0.026783 0.138456 0.001869 28.000000 2.000000 50.000000 71.000000 0.000000 0.000000 34.849013
1 2.839287 2.000000 1.331717 0.144026 0.741392 0.002308 30.000000 2.000000 257.000000 470.000000 0.000000 0.000000 34.699513
1 1.087653 2.000000 0.787201 0.033346 0.157957 0.001543 22.000000 2.000000 28.000000 71.000000 0.000000 0.000000 31.681405
1 1.955186 2.000000 1.352369 0.064068 0.320614 0.001998 26.000000 2.000000 103.000000 214.000000 0.000000 0.000000 38.764897
1 54.186330 2.000000 0.806781 3.023977 17.749227 0.023429 343.000000 2.000000 1874.000000 22597.000000 0.000000 0.000000 36.459000
1 1.473498 2.000000 1.306701 0.017089 0.089790 0.001822 25.000000 2.000000 37.000000 55.000000 0.000000 0.000000 33.550923
1 2.543650 2.000000 1.204763 0.137359 0.672297 0.002375 30.000000 2.000000 244.000000 393.000000 0.000000 0.000000 30.823929
1 2.621006 2.000000 0.782074 0.187019 0.904981 0.031516 2431.000000 2.000000 594.000000 629.000000 0.000000 0.000000 48.299873
1 1.475589 2.000000 0.730406 0.074642 0.408286 0.001075 14.000000 2.000000 120.000000 329.000000 0.000000 0.000000 33.865879
1 1.339597 2.000000 0.807100 0.060301 0.280831 0.001730 24.000000 2.000000 59.000000 224.000000 0.000000 0.000000 40.513205
1 0.985951 2.000000 0.695515 0.029997 0.154350 0.004770 262.000000 2.000000 41.000000 205.000000 0.000000 0.000000 35.811594
1 5.269617 2.000000 1.303730 0.357952 1.957144 0.064895 5410.000000 2.000000 318.000000 1474.000000 0.000000 0.000000 38.687029
0 75.731360 2.000000 0.729471 15.414120 27.058778 0.001507 23.000000 2.000000 127.000000 4154866.000000 0.000000 0.000000 -1.000000
1 14.486059 2.000000 1.267451 1.295807 6.535304 0.006347 77.000000 2.000000 383.000000 2660.000000 0.000000 0.000000 41.458165
1 1.500570 2.000000 0.666981 0.093012 0.453980 0.001673 27.000000 2.000000 213.000000 434.000000 0.000000 0.000000 35.483950
1 1.770648 2.000000 1.264466 0.051243 0.268235 0.001660 23.000000 2.000000 118.000000 179.000000 0.000000 0.000000 38.419015
1 29.156878 2.000000 0.761104 1.309883 6.122342 0.008293 95.000000 2.000000 3766.000000 2840.000000 0.000000 0.000000 48.228612
1 20.879189 2.000000 1.318342 1.370316 8.535475 0.008165 68.000000 2.000000 531.000000 3980.000000 0.000000 0.000000 32.898235
1 0.885105 2.000000 0.750212 0.015661 0.069667 0.001359 19.000000 2.000000 36.000000 51.000000 0.000000 0.000000 40.622485
1 28.410898 2.000000 0.762638 2.384976 12.183450 0.031406 1987.000000 2.000000 1044.000000 8251.000000 0.000000 0.000000 38.432473
1 25.579921 2.000000 0.750701 2.002101 9.935212 0.009181 101.000000 2.000000 2491.000000 4247.000000 0.000000 0.000000 30.779189
1 22.487808 2.000000 0.677564 1.831327 9.904595 0.009889 153.000000 2.000000 323.000000 4293.000000 0.000000 0.000000 32.539917
1 1.992773 2.000000 0.760061 0.133410 0.674468 0.002374 23.000000 2.000000 130.000000 252.000000 0.000000 0.000000 38.555766
1 3.646294 2.000000 1.423022 0.224815 1.215687 0.002712 31.000000 2.000000 258.000000 647.000000 0.000000 0.000000 42.510423
1 1.484226 2.000000 0.784267 0.078005 0.375988 0.001986 26.000000 2.000000 135.000000 337.000000 0.000000 0.000000 36.980086
1 2.435866 2.000000 0.755906 0.162037 0.899003 0.034440 2302.000000 2.000000 424.000000 373.000000 0.000000 0.000000 63.023771
1 25.912125 2.000000 1.362386 1.612679 8.114486 0.009117 145.000000 2.000000 2133.000000 4614.000000 0.000000 0.000000 43.444317
1 3.339971 2.000000 0.864395 0.233099 1.190413 0.001919 27.000000 2.000000 342.000000 778.000000 0.000000 0.000000 36.139480
1 0.985845 2.000000 0.750315 0.025061 0.123543 0.002057 30.000000 2.000000 43.000000 92.000000 0.000000 0.000000 38.593955
1 39.031368 2.000000 0.790068 1.294796 8.220283 0.011117 258.000000 2.000000 949.000000 9242.000000 0.000000 0.000000 33.034391
1 25.940034 2.000000 0.692369 2.280657 11.045267 0.009794 131.000000 2.000000 536.000000 6236.000000 0.000000 0.000000 48.018654
1 1.737821 2.000000 0.772808 0.097594 0.511332 0.001349 18.000000 2.000000 117.000000 584.000000 0.000000 0.000000 40.878289
1 2.680068 4.000000 0.808389 0.199743 1.033671 0.022572 88.000000 2.000000 314.000000 551.000000 0.000000 0.000000 44.324236
1 9.469280 4.000000 2.304602 0.670813 4.000348 0.044652 161.000000 2.000000 1038.000000 1826.000000 0.000000 0.000000 43.713367
1 2.757121 4.000000 1.650188 0.103422 0.571030 0.022094 104.000000 2.000000 147.000000 383.000000 0.000000 0.000000 44.362850
1 14.275963 4.000000 1.434226 1.270921 7.238835 0.034321 136.000000 2.000000 1124.000000 2604.000000 0.000000 0.000000 58.616972
1 3.386953 4.000000 1.932920 0.139997 0.755919 0.037647 198.000000 2.000000 575.000000 329.000000 0.000000 0.000000 63.212451
1 37.047008 4.000000 1.252588 3.720448 19.519162 0.117894 452.000000 2.000000 5029.000000 9972.000000 0.000000 0.000000 45.572163
1 17.407714 4.000000 0.963316 1.680245 8.756566 0.065596 224.000000 2.000000 2928.000000 2969.000000 0.000000 0.000000 40.506840
1 13.594938 4.000000 1.738257 1.158564 6.455532 0.064607 299.000000 2.000000 2303.000000 3027.000000 0.000000 0.000000 41.097833
1 4.844263 4.000000 1.311388 0.333271 1.946826 0.027799 137.000000 2.000000 662.000000 1199.000000 0.000000 0.000000 35.726424
1 32.096567 4.000000 0.839873 3.199486 17.099996 0.072898 254.000000 2.000000 4387.000000 6311.000000 0.000000 0.000000 46.802465
0 75.966353 4.000000 0.776193 7.026155 38.391433 0.060598 240.000000 2.000000 8966.000000 17774.000000 0.000000 0.000000 -1.000000
1 3.285230 4.000000 2.040128 0.115149 0.645681 0.036422 167.000000 2.000000 198.000000 403.000000 0.000000 0.000000 39.608632
1 6.870878 4.000000 1.153704 0.576399 3.058032 0.033339 169.000000 2.000000 1238.000000 1887.000000 0.000000 0.000000 41.791933
1 58.194386 4.000000 0.739376 5.705117 28.774123 0.055444 237.000000 2.000000 9102.000000 10456.000000 0.000000 0.000000 51.556510
1 3.633399 4.000000 0.725110 0.295181 1.684759 0.028977 137.000000 2.000000 878.000000 1070.000000 0.000000 0.000000 34.384215
1 4.820126 4.000000 1.773631 0.295975 1.584461 0.058877 290.000000 2.000000 578.000000 1016.000000 0.000000 0.000000 52.877901
1 10.276915 4.000000 1.252257 0.902508 4.990498 0.039191 190.000000 2.000000 2610.000000 3763.000000 0.000000 0.000000 32.519136
1 15.108799 4.000000 1.954142 1.235667 7.206956 0.035671 138.000000 2.000000 1554.000000 2892.000000 0.000000 0.000000 44.223501
1 9.067294 4.000000 1.319103 0.761219 4.312393 0.035060 118.000000 2.000000 1287.000000 2210.000000 0.000000 0.000000 39.587529
0 75.966353 4.000000 0.776193 7.026155 38.391433 0.060598 240.000000 2.000000 8966.000000 17774.000000 0.000000 0.000000 -1.000000
1 11.505550 4.000000 1.306271 1.001827 5.696057 0.030818 128.000000 2.000000 991.000000 2206.000000 0.000000 0.000000 48.786440
0 76.518343 4.000000 1.504129 2.451488 9.099152 0.014540 66.000000 2.000000 189.000000 287418.000000 0.000000 0.000000 -1.000000
1 11.748245 4.000000 1.358243 1.028766 6.036967 0.048502 169.000000 2.000000 1560.000000 3401.000000 0.000000 0.000000 41.117718
1 6.605597 4.000000 1.719428 0.509606 2.674822 0.051605 260.000000 2.000000 1612.000000 2104.000000 0.000000 0.000000 42.877445
1 5.318646 4.000000 1.749698 0.361392 2.044411 0.043151 126.000000 2.000000 800.000000 769.000000 0.000000 0.000000 44.417683
1 7.592694 4.000000 1.368780 0.593942 3.377763 0.020639 111.000000 2.000000 1277.000000 2108.000000 0.000000 0.000000 52.137832
1 3.652604 4.000000 2.218893 0.143961 0.760305 0.056122 245.000000 2.000000 399.000000 331.000000 0.000000 0.000000 61.327194
0 77.737236 4.000000 2.662544 3.798942 19.735596 0.085058 268.000000 2.000000 5305.000000 64612.000000 0.000000 0.000000 -1.000000
1 8.902602 4.000000 1.303981 0.774520 4.089995 0.024011 98.000000 2.000000 706.000000 1487.000000 0.000000 0.000000 41.469547
0 76.518343 4.000000 1.504129 2.451488 9.099152 0.014540 66.000000 2.000000 189.000000 287418.000000 0.000000 0.000000 -1.000000
1 8.453011 4.000000 1.463274 0.750130 3.863557 0.047140 170.000000 2.000000 1176.000000 1494.000000 0.000000 0.000000 39.237816
1 10.078658 4.000000 2.732641 0.711983 3.940930 0.092528 334.000000 2.000000 1778.000000 2274.000000 0.000000 0.000000 46.792560
1 13.259365 4.000000 1.617171 1.124819 6.183695 0.096822 431.000000 2.000000 2224.000000 3273.000000 0.000000 0.000000 55.434055
1 38.870048 4.000000 0.705073 3.604657 19.822775 0.057691 266.000000 2.000000 6861.000000 9465.000000 0.000000 0.000000 41.626266
1 5.307365 4.000000 1.256958 0.426585 2.210082 0.030050 104.000000 2.000000 708.000000 1002.000000 0.000000 0.000000 41.805524
1 7.297174 4.000000 1.202285 0.644153 3.386132 0.044743 172.000000 2.000000 1358.000000 1532.000000 0.000000 0.000000 59.110258
1 21.390389 4.000000 0.796951 2.226770 11.392497 0.054624 226.000000 2.000000 4026.000000 4153.000000 0.000000 0.000000 40.246077
1 10.358015 4.000000 0.912588 0.950182 5.330345 0.042938 197.000000 2.000000 2434.000000 2856.000000 0.000000 0.000000 45.200996
1 14.593109 4.000000 1.315003 1.357303 7.260083 0.059790 243.000000 2.000000 1459.000000 2610.000000 0.000000 0.000000 43.315768
0 76.716150 4.000000 1.570881 6.246987 37.581742 0.077718 305.000000 2.000000 9441.000000 22665.000000 0.000000 0.000000 -1.000000
1 4.933279 4.000000 1.184389 0.363653 2.177367 0.027019 146.000000 2.000000 724.000000 1285.000000 0.000000 0.000000 34.699297
1 4.566233 4.000000 1.293008 0.320571 1.860679 0.030187 151.000000 2.000000 660.000000 1195.000000 0.000000 0.000000 36.503835
1 21.390389 4.000000 0.796951 2.226770 11.392497 0.054624 226.000000 2.000000 4026.000000 4153.000000 0.000000 0.000000 40.246077
1 1.622382 4.000000 0.755332 0.088592 0.495254 0.014207 79.000000 2.000000 145.000000 252.000000 0.000000 0.000000 37.778227
0 76.541723 4.000000 1.280937 7.111468 37.353000 0.068421 295.000000 2.000000 8204.000000 12928.000000 0.000000 0.000000 -1.000000
1 7.311228 4.000000 1.121561 0.613509 3.443872 0.035784 194.000000 2.000000 1546.000000 2932.000000 0.000000 0.000000 35.780473
1 42.597993 4.000000 1.174290 3.801852 22.835057 0.058763 275.000000 2.000000 5538.000000 12747.000000 0.000000 0.000000 35.075336
1 5.023339 4.000000 3.312193 0.173046 0.965352 0.046314 117.000000 2.000000 138.000000 393.000000 0.000000 0.000000 42.271058
1 11.572953 4.000000 1.356484 1.035354 5.783723 0.047622 162.000000 2.000000 1746.000000 3208.000000 0.000000 0.000000 39.423706
1 15.141377 4.000000 1.181793 1.386839 7.445513 0.038244 179.000000 2.000000 2909.000000 4075.000000 0.000000 0.000000 56.628957
1 28.400598 4.000000 0.973455 2.767038 14.620688 0.089332 326.000000 2.000000 4542.000000 8287.000000 0.000000 0.000000 59.698633
1 8.354099 4.000000 1.220184 0.754413 3.973547 0.041000 135.000000 2.000000 1016.000000 1506.000000 0.000000 0.000000 40.827218
1 19.096758 4.000000 1.175977 1.787636 9.515994 0.034491 162.000000 2.000000 3225.000000 4267.000000 0.000000 0.000000 44.858388
1 7.160636 4.000000 0.865130 0.637907 3.680085 0.035164 130.000000 2.000000 1086.000000 1456.000000 0.000000 0.000000 47.413973
1 3.390091 4.000000 1.905194 0.134985 0.786012 0.038499 116.000000 2.000000 237.000000 251.000000 0.000000 0.000000 38.126511
1 8.993712 4.000000 2.696245 0.622964 3.509613 0.050796 235.000000 2.000000 1402.000000 1599.000000 0.000000 0.000000 45.631398
1 20.016657 4.000000 1.248607 1.946593 10.123138 0.055105 204.000000 2.000000 3101.000000 3380.000000 0.000000 0.000000 53.629558
1 3.399174 4.000000 1.544957 0.197355 1.012356 0.053389 249.000000 2.000000 413.000000 466.000000 0.000000 0.000000 41.469352
0 76.292551 4.000000 1.266196 2.724074 11.957251 0.059519 237.000000 2.000000 2448.000000 119255.000000 0.000000 0.000000 -1.000000
1 2.854485 4.000000 1.604582 0.123812 0.658596 0.033028 144.000000 2.000000 348.000000 523.000000 0.000000 0.000000 43.412350
0 76.516731 6.000000 1.346990 7.182191 39.583696 0.408930 1075.000000 2.000000 20821.000000 18832.000000 0.000000 0.000000 -1.000000
0 76.688729 6.000000 1.637667 7.413770 40.722997 0.269457 696.000000 2.000000 13622.000000 15632.000000 0.000000 0.000000 -1.000000
0 77.418792 6.000000 2.353493 6.772636 39.907144 0.332211 783.000000 2.000000 3907.000000 43580.000000 0.000000 0.000000 -1.000000
0 76.040363 6.000000 0.854441 7.226706 41.218155 0.222567 578.000000 2.000000 12226.000000 16208.000000 0.000000 0.000000 -1.000000
0 76.538390 6.000000 1.498127 7.077856 39.608036 0.301537 748.000000 2.000000 20995.000000 20062.000000 0.000000 0.000000 -1.000000
1 7.006796 6.000000 1.314006 0.545402 3.196982 0.122536 285.000000 2.000000 1256.000000 1376.000000 0.000000 0.000000 39.691193
0 76.403094 6.000000 1.384183 7.386018 40.048769 0.317173 953.000000 2.000000 12004.000000 13240.000000 0.000000 0.000000 -1.000000
1 5.681472 6.000000 0.815123 0.502373 2.658535 0.092318 264.000000 2.000000 2618.000000 1605.000000 0.000000 0.000000 50.744976
1 19.283692 6.000000 1.329656 1.747959 10.086670 0.214186 533.000000 2.000000 3342.000000 3311.000000 0.000000 0.000000 33.281812
1 47.249029 6.000000 1.334727 4.753359 24.681908 0.254948 663.000000 2.000000 6963.000000 11842.000000 0.000000 0.000000 44.353249
1 25.560290 6.000000 2.338551 2.201064 12.808048 0.223947 541.000000 2.000000 5206.000000 4840.000000 0.000000 0.000000 54.193773
0 76.331349 6.000000 1.271692 6.964327 40.187995 0.306814 791.000000 2.000000 10205.000000 18756.000000 0.000000 0.000000 -1.000000
1 50.420981 6.000000 2.398019 4.784441 25.622948 0.585410 1165.000000 2.000000 8405.000000 10036.000000 0.000000 0.000000 57.120601
1 10.105042 6.000000 1.208143 0.907241 4.874587 0.153213 476.000000 2.000000 2367.000000 2096.000000 0.000000 0.000000 40.020584
1 7.121201 6.000000 3.291002 0.373753 1.999135 0.204351 419.000000 2.000000 674.000000 851.000000 0.000000 0.000000 55.466443
1 17.179643 6.000000 1.518819 1.522946 8.439970 0.179418 466.000000 2.000000 3430.000000 2621.000000 0.000000 0.000000 41.091793
1 5.626869 6.000000 2.052206 0.349910 1.912514 0.173673 388.000000 2.000000 736.000000 798.000000 0.000000 0.000000 52.611034
1 40.049846 6.000000 1.427252 3.472300 20.621682 0.284121 754.000000 2.000000 8072.000000 9705.000000 0.000000 0.000000 41.275790
1 22.827112 6.000000 1.730303 2.005785 10.765979 1.005748 1618.000000 2.000000 2832.000000 4928.000000 0.000000 0.000000 37.211042
1 39.258796 6.000000 1.235402 3.756720 20.846753 0.222009 658.000000 2.000000 5651.000000 7099.000000 0.000000 0.000000 46.963002
1 26.902015 6.000000 1.258543 2.529646 14.478991 0.195241 470.000000 2.000000 5091.000000 6467.000000 0.000000 0.000000 41.826642
1 13.570380 6.000000 2.390252 1.094618 5.945203 0.274532 587.000000 2.000000 2309.000000 2484.000000 0.000000 0.000000 48.964328
1 30.772214 6.000000 1.169312 2.665774 16.345496 0.279652 696.000000 2.000000 6446.000000 6877.000000 0.000000 0.000000 31.386399
1 24.407517 6.000000 1.269291 2.080136 12.387391 0.189539 548.000000 2.000000 4227.000000 5795.000000 0.000000 0.000000 36.432774
1 36.945740 6.000000 2.416003 2.841411 15.743770 1.977471 3924.000000 2.000000 5533.000000 11376.000000 0.000000 0.000000 47.159822
1 8.184949 6.000000 1.663372 0.580368 3.593850 0.226146 476.000000 2.000000 1310.000000 1366.000000 0.000000 0.000000 36.884445
1 6.141045 6.000000 1.936600 0.405995 2.233453 0.167220 495.000000 2.000000 1138.000000 1339.000000 0.000000 0.000000 43.998125
1 13.615277 6.000000 2.064788 1.044185 6.241391 0.519794 908.000000 2.000000 1557.000000 2201.000000 0.000000 0.000000 54.056101
1 2.743990 6.000000 1.813289 0.095428 0.481580 0.055409 155.000000 2.000000 85.000000 306.000000 0.000000 0.000000 53.662548
1 8.576540 6.000000 1.336485 0.754856 4.124581 0.093839 279.000000 2.000000 1889.000000 2164.000000 0.000000 0.000000 50.519249
1 35.156894 6.000000 2.349815 3.275883 17.744293 0.265608 573.000000 2.000000 5967.000000 8472.000000 0.000000 0.000000 38.603825
1 18.855423 6.000000 2.375770 1.570628 9.049184 0.267803 718.000000 2.000000 3202.000000 3084.000000 0.000000 0.000000 38.914882
0 76.399993 6.000000 1.199867 7.343515 41.462040 0.249327 773.000000 2.000000 14168.000000 18231.000000 0.000000 0.000000 -1.000000
1 28.824777 6.000000 1.274515 3.044214 15.124527 0.204764 512.000000 2.000000 6704.000000 7378.000000 0.000000 0.000000 38.127534
1 6.035988 6.000000 1.408732 0.454189 2.577024 0.073547 159.000000 2.000000 708.000000 611.000000 0.000000 0.000000 39.312192
1 38.242110 6.000000 1.649947 3.373600 19.194735 0.488387 1082.000000 2.000000 9556.000000 9914.000000 0.000000 0.000000 63.878150
1 38.579920 6.000000 2.851967 3.264887 18.692559 0.708689 1594.000000 2.000000 5781.000000 6793.000000 0.000000 0.000000 63.568267
0 76.359503 6.000000 1.307536 7.514473 40.427179 0.329442 820.000000 2.000000 12695.000000 17145.000000 0.000000 0.000000 -1.000000
0 76.897836 6.000000 1.892255 5.942194 20.150862 0.504938 1263.000000 2.000000 3113.000000 346992.000000 0.000000 0.000000 -1.000000
1 26.764016 6.000000 3.052283 2.570656 13.197303 0.364313 800.000000 2.000000 2506.000000 5146.000000 0.000000 0.000000 55.680742
0 76.366656 6.000000 1.351464 3.965660 18.269828 0.267133 598.000000 2.000000 3670.000000 160587.000000 0.000000 0.000000 -1.000000
0 76.930053 6.000000 1.877346 6.858363 38.750162 1.052861 2407.000000 2.000000 15125.000000 17960.000000 0.000000 0.000000 -1.000000
1 75.927595 6.000000 1.335270 7.252118 39.052566 0.699488 1809.000000 2.000000 25931.000000 20158.000000 0.000000 0.000000 59.238681
0 77.306899 6.000000 2.287912 1.206703 5.142901 0.056880 96.000000 2.000000 232.000000 65321.000000 0.000000 0.000000 -1.000000
1 27.311209 6.000000 1.310443 2.526832 14.015229 0.299949 728.000000 2.000000 3668.000000 6834.000000 0.000000 0.000000 40.679986
1 53.321949 6.000000 1.190799 5.009223 27.720723 0.376171 1056.000000 2.000000 7592.000000 16587.000000 0.000000 0.000000 35.381492
1 13.810906 6.000000 4.231634 0.888033 5.056357 0.472570 1170.000000 2.000000 1293.000000 2285.000000 0.000000 0.000000 98.232039
1 52.559413 6.000000 2.325649 4.859176 27.907557 0.285331 774.000000 2.000000 12392.000000 15506.000000 0.000000 0.000000 42.539158
1 22.053239 6.000000 1.133450 1.979144 11.451798 0.189144 507.000000 2.000000 3440.000000 4856.000000 0.000000 0.000000 41.962976
1 11.270600 6.000000 1.147979 0.944406 5.523449 0.172025 375.000000 2.000000 2168.000000 1863.000000 0.000000 0.000000 38.130127
1 7.538174 6.000000 2.247436 0.541108 2.991601 0.152854 402.000000 2.000000 978.000000 1431.000000 0.000000 0.000000 36.987301
1 16.679231 6.000000 3.046766 1.300851 7.270788 0.227188 605.000000 2.000000 2102.000000 3270.000000 0.000000 0.000000 35.126789
1 4.162611 6.000000 1.139729 0.303644 1.684380 0.060056 191.000000 2.000000 768.000000 1110.000000 0.000000 0.000000 45.337569
0 76.760945 6.000000 1.706820 6.405293 37.613654 1.119914 2621.000000 2.000000 9222.000000 15747.000000 0.000000 0.000000 -1.000000
0 75.766933 6.000000 0.766519 6.484489 31.070629 0.227576 576.000000 2.000000 8353.000000 149194.000000 0.000000 0.000000 -1.000000
1 30.014121 6.000000 1.176022 2.559617 16.023260 0.122718 332.000000 2.000000 8803.000000 9629.000000 0.000000 0.000000 49.906391
1 10.420529 6.000000 4.158077 0.612967 3.205141 0.425377 746.000000 2.000000 938.000000 1195.000000 0.000000 0.000000 82.575514
0 77.067645 6.000000 1.992934 7.193342 39.264759 0.785547 1912.000000 2.000000 12760.000000 18088.000000 0.000000 0.000000 -1.000000
1 10.447613 6.000000 2.701221 0.775041 4.239070 0.242831 553.000000 2.000000 1515.000000 2482.000000 0.000000 0.000000 43.729229
1 22.146693 6.000000 1.889845 1.826481 10.365714 0.909672 1773.000000 2.000000 3683.000000 5516.000000 0.000000 0.000000 61.929401
1 20.945352 8.000000 3.611411 1.407149 8.274411 1.908658 2638.000000 2.000000 3865.000000 3724.000000 0.000000 0.000000 75.215659
0 76.472912 8.000000 1.296674 6.984406 39.633147 0.989906 1844.000000 2.000000 11867.000000 15748.000000 0.000000 0.000000 -1.000000
1 37.487390 8.000000 2.691033 3.298888 18.690183 0.672619 1188.000000 2.000000 6553.000000 9542.000000 0.000000 0.000000 47.292778
0 76.243118 8.000000 1.049371 6.749658 38.882250 1.073360 2084.000000 2.000000 11097.000000 17023.000000 0.000000 0.000000 -1.000000
1 55.054363 8.000000 1.555273 5.243030 29.024216 0.673274 1326.000000 2.000000 16932.000000 15749.000000 0.000000 0.000000 56.996779
0 79.307855 8.000000 4.169759 5.278049 32.145868 3.895088 6164.000000 2.000000 14905.000000 18524.000000 0.000000 0.000000 -1.000000
0 76.891653 8.000000 1.671390 6.316214 37.213734 1.846219 3161.000000 2.000000 13619.000000 25003.000000 0.000000 0.000000 -1.000000
1 68.143894 8.000000 2.691059 5.849075 33.831355 1.069289 2121.000000 2.000000 12268.000000 15399.000000 0.000000 0.000000 41.552255
1 38.479697 8.000000 2.152543 2.932248 16.737763 2.415826 3495.000000 2.000000 6198.000000 8189.000000 0.000000 0.000000 93.881246
0 76.455745 8.000000 1.265338 6.331180 38.874457 0.897959 1858.000000 2.000000 16284.000000 13784.000000 0.000000 0.000000 -1.000000
0 76.693068 8.000000 1.599695 6.536066 37.495630 1.751766 2948.000000 2.000000 12956.000000 19577.000000 0.000000 0.000000 -1.000000
0 76.029517 8.000000 0.989243 3.777614 22.034696 0.563830 1244.000000 2.000000 7591.000000 82504.000000 0.000000 0.000000 -1.000000
1 4.893182 8.000000 1.347841 0.374976 1.951221 0.113368 286.000000 2.000000 894.000000 1145.000000 0.000000 0.000000 46.121584
0 76.374058 8.000000 1.203751 7.241543 40.135871 1.251879 1776.000000 2.000000 9163.000000 14716.000000 0.000000 0.000000 -1.000000
1 55.331696 8.000000 3.096502 4.793152 25.770403 1.877209 2724.000000 2.000000 5661.000000 9638.000000 0.000000 0.000000 53.937939
1 40.850643 8.000000 1.808279 3.248885 19.417399 1.296225 2462.000000 2.000000 5563.000000 11179.000000 0.000000 0.000000 65.297555
0 76.330583 8.000000 1.204694 6.718767 40.237761 0.652044 1203.000000 2.000000 8872.000000 17377.000000 0.000000 0.000000 -1.000000
1 9.875986 8.000000 2.056539 0.712006 3.926331 0.495763 839.000000 2.000000 1511.000000 1727.000000 0.000000 0.000000 50.426259
1 13.569162 8.000000 1.417792 1.182053 6.612148 0.329769 745.000000 2.000000 2728.000000 3314.000000 0.000000 0.000000 41.393633
0 76.891778 8.000000 1.812577 6.215843 36.496085 2.577945 4726.000000 2.000000 11163.000000 25200.000000 0.000000 0.000000 -1.000000
1 4.628464 8.000000 1.800103 0.257544 1.481030 0.198018 428.000000 2.000000 784.000000 1057.000000 0.000000 0.000000 43.270440
0 76.257130 8.000000 1.209505 6.495053 39.834198 1.230907 2265.000000 2.000000 8948.000000 20404.000000 0.000000 0.000000 -1.000000
1 67.401231 8.000000 1.899229 4.879630 29.061767 3.589747 6259.000000 2.000000 16623.000000 15618.000000 0.000000 0.000000 98.966294
1 8.295494 8.000000 1.972876 0.536177 3.279546 0.530927 1094.000000 2.000000 764.000000 2044.000000 0.000000 0.000000 67.722474
1 58.975866 8.000000 2.340338 5.515393 31.537616 0.715254 995.000000 2.000000 8098.000000 12569.000000 0.000000 0.000000 50.193731
1 71.434817 8.000000 1.539895 5.887201 33.448863 1.933477 3912.000000 2.000000 14658.000000 18982.000000 0.000000 0.000000 43.982451
1 8.601291 8.000000 3.207504 0.472773 2.771434 0.556888 774.000000 2.000000 973.000000 1966.000000 0.000000 0.000000 49.489911
0 76.254944 8.000000 1.199019 7.350088 40.631115 1.089436 1931.000000 2.000000 12392.000000 20497.000000 0.000000 0.000000 -1.000000
1 14.796066 8.000000 3.667343 1.031302 5.820862 0.545265 949.000000 2.000000 1955.000000 2330.000000 0.000000 0.000000 49.470237
1 45.566795 8.000000 2.033827 3.477323 20.269799 2.298721 3658.000000 2.000000 13069.000000 8450.000000 0.000000 0.000000 41.771371
1 6.843089 8.000000 2.021178 0.440358 2.521259 0.243794 527.000000 2.000000 613.000000 1069.000000 0.000000 0.000000 69.625100
0 76.253586 8.000000 1.245516 6.193959 35.040102 0.995823 1708.000000 2.000000 8103.000000 88662.000000 0.000000 0.000000 -1.000000
0 76.919383 8.000000 1.691050 6.614612 36.137422 2.593136 4477.000000 2.000000 14060.000000 18269.000000 0.000000 0.000000 -1.000000
1 23.708645 8.000000 1.151056 2.071485 12.214416 0.493327 1204.000000 2.000000 6127.000000 7411.000000 0.000000 0.000000 44.335365
1 54.556078 8.000000 3.078930 4.707497 26.233545 1.697462 2872.000000 2.000000 5704.000000 12188.000000 0.000000 0.000000 47.506176
1 51.435492 8.000000 2.098190 4.429364 25.842903 1.004110 1709.000000 2.000000 7208.000000 16435.000000 0.000000 0.000000 50.759656
0 76.292067 8.000000 1.257356 6.915512 38.485697 0.939080 1921.000000 2.000000 12572.000000 16873.000000 0.000000 0.000000 -1.000000
0 77.562034 8.000000 2.423645 6.240884 36.581304 2.062703 3953.000000 2.000000 12286.000000 19207.000000 0.000000 0.000000 -1.000000
1 21.726379 8.000000 12.266334 0.759985 4.885792 0.762092 1171.000000 2.000000 1803.000000 2141.000000 0.000000 0.000000 50.728179
0 76.490266 8.000000 1.310228 6.454907 39.910881 1.155973 2066.000000 2.000000 14391.000000 21168.000000 0.000000 0.000000 -1.000000
1 24.413660 8.000000 3.240032 1.949421 11.243314 0.742603 1307.000000 2.000000 3980.000000 6861.000000 0.000000 0.000000 44.904364
0 76.779275 8.000000 1.754621 7.155371 39.881950 1.264594 2279.000000 2.000000 16184.000000 22060.000000 0.000000 0.000000 -1.000000
0 77.615408 8.000000 2.292569 5.162647 30.135467 5.492539 8755.000000 2.000000 5278.000000 19577.000000 0.000000 0.000000 -1.000000
0 76.281305 8.000000 1.210854 6.848526 40.142397 1.077656 1971.000000 2.000000 14029.000000 21700.000000 0.000000 0.000000 -1.000000
0 76.546533 8.000000 1.316981 7.050355 41.244749 1.058113 1923.000000 2.000000 12626.000000 18256.000000 0.000000 0.000000 -1.000000
0 79.535617 8.000000 4.526718 6.104505 36.649914 2.856127 4625.000000 2.000000 16795.000000 14120.000000 0.000000 0.000000 -1.000000
0 76.294081 8.000000 1.222094 6.674391 39.007025 0.918023 1905.000000 2.000000 14075.000000 21154.000000 0.000000 0.000000 -1.000000
1 11.533436 8.000000 2.036587 0.902580 5.061551 0.334079 619.000000 2.000000 2710.000000 2283.000000 0.000000 0.000000 42.741977
1 76.279085 8.000000 3.420462 6.147653 35.823644 2.837521 5417.000000 2.000000 6443.000000 19727.000000 0.000000 0.000000 68.431364
1 32.861080 8.000000 1.682408 2.684617 16.747542 0.797814 1237.000000 2.000000 6267.000000 7566.000000 0.000000 0.000000 47.262323
0 76.286531 8.000000 1.220357 6.195465 34.047973 0.967667 1952.000000 2.000000 13824.000000 51568.000000 0.000000 0.000000 -1.000000
0 76.412701 8.000000 1.373622 6.858036 38.552575 0.879349 1932.000000 2.000000 19269.000000 22593.000000 0.000000 0.000000 -1.000000
1 46.167248 8.000000 1.890095 3.825891 21.783251 2.546468 4241.000000 2.000000 10560.000000 11040.000000 0.000000 0.000000 72.987762
1 60.359360 8.000000 2.237520 5.277168 30.324435 1.101731 2232.000000 2.000000 13505.000000 12796.000000 0.000000 0.000000 42.391173
0 76.448571 8.000000 1.325010 7.156679 39.791983 1.240885 2285.000000 2.000000 9337.000000 14730.000000 0.000000 0.000000 -1.000000
1 37.816842 8.000000 1.306922 3.493822 19.887801 0.720803 1211.000000 2.000000 6697.000000 7792.000000 0.000000 0.000000 39.744376
0 76.679878 8.000000 1.592936 6.452565 39.953109 1.346659 2445.000000 2.000000 20099.000000 17997.000000 0.000000 0.000000 -1.000000
1 11.682294 8.000000 2.078572 0.967446 5.195489 0.355886 611.000000 2.000000 1653.000000 2257.000000 0.000000 0.000000 44.701459
0 76.424813 10.000000 1.349923 6.756137 37.380389 1.869166 2882.000000 2.000000 6669.000000 21808.000000 0.000000 0.000000 -1.000000
1 26.288437 10.000000 5.020375 1.744307 10.268326 2.245495 2614.000000 2.000000 2300.000000 5359.000000 0.000000 0.000000 61.891288
1 12.169502 10.000000 2.757940 0.830502 4.623298 0.781276 928.000000 2.000000 1943.000000 5389.000000 0.000000 0.000000 51.235879
0 77.093633 10.000000 2.060269 6.189049 37.764568 2.238219 2731.000000 2.000000 11477.000000 19277.000000 0.000000 0.000000 -1.000000
0 77.464139 10.000000 2.196352 6.478507 36.761537 2.105293 3261.000000 2.000000 10858.000000 17689.000000 0.000000 0.000000 -1.000000
0 79.217878 10.000000 3.953784 6.501834 36.292984 4.764186 5073.000000 2.000000 9399.000000 17313.000000 0.000000 0.000000 -1.000000
1 15.258623 10.000000 3.149998 1.182344 6.558145 0.636202 649.000000 2.000000 910.000000 2001.000000 0.000000 0.000000 56.992697
1 53.098052 10.000000 2.380996 5.021473 27.544033 0.959824 1125.000000 2.000000 6731.000000 13398.000000 0.000000 0.000000 44.324117
1 27.293852 10.000000 2.514907 1.985596 11.088990 2.783530 3929.000000 2.000000 4944.000000 7240.000000 0.000000 0.000000 69.412503
0 77.335970 10.000000 1.982706 6.542393 35.416463 4.498495 4951.000000 2.000000 8832.000000 14582.000000 0.000000 0.000000 -1.000000
0 77.847765 10.000000 2.513945 6.508008 38.963835 2.103004 2622.000000 2.000000 13990.000000 15629.000000 0.000000 0.000000 -1.000000
0 77.436527 10.000000 2.430599 6.803030 37.827092 1.822881 2313.000000 2.000000 9176.000000 13689.000000 0.000000 0.000000 -1.000000
0 77.896020 10.000000 2.559088 6.429165 36.245484 3.331901 4690.000000 2.000000 8194.000000 18223.000000 0.000000 0.000000 -1.000000
1 4.962871 10.000000 3.328534 0.148076 0.871077 0.139860 137.000000 2.000000 38.000000 590.000000 0.000000 0.000000 42.312619
1 25.897947 10.000000 2.468963 2.236110 12.903662 0.735724 744.000000 2.000000 2338.000000 4742.000000 0.000000 0.000000 44.433773
0 78.916003 10.000000 3.874049 6.081112 36.567218 4.215383 5286.000000 2.000000 3913.000000 25828.000000 0.000000 0.000000 -1.000000
0 77.704122 10.000000 2.437028 5.021726 31.281192 14.557959 7493.000000 2.000000 3269.000000 13088.000000 0.000000 0.000000 -1.000000
1 18.310589 10.000000 2.245300 1.379032 8.071368 1.190822 1886.000000 2.000000 1239.000000 5123.000000 0.000000 0.000000 80.107354
1 62.717610 10.000000 1.365216 6.014873 32.199360 1.623725 2452.000000 2.000000 8579.000000 11806.000000 0.000000 0.000000 45.661844
1 54.096068 10.000000 1.299235 4.766312 27.252104 1.978905 2137.000000 2.000000 5458.000000 11090.000000 0.000000 0.000000 40.819750
0 77.810288 10.000000 2.425314 6.437317 37.245845 2.119842 3167.000000 2.000000 8909.000000 18451.000000 0.000000 0.000000 -1.000000
0 77.043117 10.000000 1.820173 6.373835 36.702895 3.028051 4161.000000 2.000000 8089.000000 26072.000000 0.000000 0.000000 -1.000000
0 76.668627 10.000000 1.482529 6.706595 37.003589 2.159830 3391.000000 2.000000 10528.000000 17275.000000 0.000000 0.000000 -1.000000
1 72.757433 10.000000 1.270928 6.775108 36.948752 1.965799 2905.000000 2.000000 5525.000000 16244.000000 0.000000 0.000000 46.710909
0 78.215999 10.000000 2.823092 6.217600 34.770327 3.777668 5035.000000 2.000000 7391.000000 17326.000000 0.000000 0.000000 -1.000000
0 78.651730 10.000000 3.255507 6.529279 38.223439 1.815487 2658.000000 2.000000 12616.000000 25619.000000 0.000000 0.000000 -1.000000
0 76.959565 10.000000 1.821993 6.640981 38.480975 2.082600 3074.000000 2.000000 8668.000000 16564.000000 0.000000 0.000000 -1.000000
0 76.784529 10.000000 1.751160 6.006490 35.809694 3.596933 5133.000000 2.000000 8923.000000 22633.000000 0.000000 0.000000 -1.000000
1 41.170334 10.000000 3.497897 3.322976 18.005352 2.904685 3840.000000 2.000000 6220.000000 6948.000000 0.000000 0.000000 97.635071
0 77.837831 10.000000 2.620796 6.087820 35.737600 3.803162 5169.000000 2.000000 11370.000000 19666.000000 0.000000 0.000000 -1.000000
1 24.131352 10.000000 3.844297 1.943375 10.675364 0.902651 1114.000000 2.000000 2237.000000 4842.000000 0.000000 0.000000 50.588568
0 76.810147 10.000000 1.666050 6.622213 39.688619 1.649697 2640.000000 2.000000 10392.000000 28169.000000 0.000000 0.000000 -1.000000
0 76.912472 10.000000 1.842494 6.404578 37.099111 3.227968 4736.000000 2.000000 11528.000000 20936.000000 0.000000 0.000000 -1.000000
0 76.859107 10.000000 1.759554 6.250418 35.587287 5.593582 6082.000000 2.000000 15387.000000 15906.000000 0.000000 0.000000 -1.000000
0 78.143229 10.000000 3.135265 6.438990 37.697436 2.938401 3828.000000 2.000000 9370.000000 17898.000000 0.000000 0.000000 -1.000000
1 22.546582 10.000000 2.606504 1.626863 9.414084 2.506494 2071.000000 2.000000 1048.000000 5428.000000 0.000000 0.000000 73.937172
0 76.594033 10.000000 1.244513 6.943352 39.244952 1.265753 1919.000000 2.000000 10056.000000 15404.000000 0.000000 0.000000 -1.000000
0 78.943046 10.000000 3.797052 6.398335 35.528621 5.201796 5242.000000 2.000000 11398.000000 16411.000000 0.000000 0.000000 -1.000000
1 7.694996 10.000000 2.247861 0.441764 2.602436 0.666030 1041.000000 2.000000 1219.000000 2142.000000 0.000000 0.000000 49.480026
0 76.420609 10.000000 1.416832 6.669156 37.826162 1.984780 2704.000000 2.000000 7686.000000 29178.000000 0.000000 0.000000 -1.000000
1 17.949562 10.000000 3.851469 1.287350 7.147354 1.166146 1490.000000 2.000000 1772.000000 3285.000000 0.000000 0.000000 72.479673
0 76.958071 10.000000 1.643831 6.009277 36.130214 3.474652 5065.000000 2.000000 11994.000000 17676.000000 0.000000 0.000000 -1.000000
0 76.578836 10.000000 1.496449 7.030374 39.424963 1.323810 1951.000000 2.000000 18178.000000 18649.000000 0.000000 0.000000 -1.000000
0 77.006732 10.000000 1.728369 6.123418 34.380470 3.551512 4316.000000 2.000000 11265.000000 14655.000000 0.000000 0.000000 -1.000000
1 73.219751 10.000000 3.300810 6.156015 35.960414 3.327615 3451.000000 2.000000 9459.000000 11793.000000 0.000000 0.000000 66.092598
0 76.320039 10.000000 1.232823 6.706357 38.586036 1.430928 1970.000000 2.000000 9900.000000 19881.000000 0.000000 0.000000 -1.000000
1 31.882367 10.000000 3.253994 2.744098 14.795644 1.450344 1371.000000 2.000000 2195.000000 4747.000000 0.000000 0.000000 50.936093
1 65.728909 10.000000 1.597608 6.175105 32.305466 2.134242 3281.000000 2.000000 13322.000000 17489.000000 0.000000 0.000000 58.250896
1 36.134595 10.000000 1.264446 3.067657 18.474369 1.162385 1935.000000 2.000000 5114.000000 12008.000000 0.000000 0.000000 43.089836
0 79.688442 10.000000 4.419698 5.813867 35.112799 5.946321 5483.000000 2.000000 5478.000000 18524.000000 0.000000 0.000000 -1.000000
0 76.758119 10.000000 1.634235 6.201344 35.899704 2.307595 3869.000000 2.000000 10714.000000 22248.000000 0.000000 0.000000 -1.000000
1 40.659394 10.000000 1.659371 3.211484 18.758017 3.231635 3243.000000 2.000000 6348.000000 10129.000000 0.000000 0.000000 49.056045
0 76.542490 10.000000 1.392083 7.018662 37.266630 1.882851 2776.000000 2.000000 12521.000000 18553.000000 0.000000 0.000000 -1.000000
0 76.596103 10.000000 1.314667 6.446777 37.370089 2.387953 3384.000000 2.000000 7756.000000 17901.000000 0.000000 0.000000 -1.000000
1 48.800574 10.000000 2.495353 4.159405 24.156543 1.888491 2664.000000 2.000000 3795.000000 12850.000000 0.000000 0.000000 41.464400
