Grid2 -30 -15 30 15 128 128
SceneView
eye 0.000000-39.557487 108.871504
center 0.000000 0.000000 0.000000
right 1.000000 -0.000000 0.000000
forward 0.000000 0.342020 -0.939693
GroundFile none
ObstaclesFile none
Obstacles 8
20
-12.043578 3.498097 -15.212823 3.220824 -18.328026 2.386108 -21.250955 1.023124 -23.892798 -0.826715 -26.173285 -3.107202 -28.023124 -5.749045 -29.386108 -8.671974 -30.220824 -11.787177 -30.498097 -14.956422 -29.501903 -15.043578 -29.232255 -11.961489 -28.442826 -9.015301 -27.153791 -6.250955 -25.404315 -3.752445 -23.247555 -1.595685 -20.749045 0.153791 -17.984699 1.442826 -15.038511 2.232255 -11.956422 2.501903
0
20
-12.043578 -2.501903 -14.170934 -2.688022 -16.275905 -3.252048 -18.250955 -4.173028 -20.036073 -5.422981 -21.577019 -6.963927 -22.826972 -8.749045 -23.747952 -10.724095 -24.311978 -12.829066 -24.498097 -14.956422 -23.501903 -15.043578 -23.323408 -13.003378 -22.804670 -11.067422 -21.957638 -9.250955 -20.808048 -7.609170 -19.390830 -6.191952 -17.749045 -5.042362 -15.932578 -4.195330 -13.996622 -3.676592 -11.956422 -3.498097
0
20
12.043578 -3.498097 15.212823 -3.220824 18.328026 -2.386108 21.250955 -1.023124 23.892798 0.826715 26.173285 3.107202 28.023124 5.749045 29.386108 8.671974 30.220824 11.787177 30.498097 14.956422 29.501903 15.043578 29.232255 11.961489 28.442826 9.015301 27.153791 6.250955 25.404315 3.752445 23.247555 1.595685 20.749045 -0.153791 17.984699 -1.442826 15.038511 -2.232255 11.956422 -2.501903
0
20
12.043578 2.501903 14.170934 2.688022 16.275905 3.252048 18.250955 4.173028 20.036073 5.422981 21.577019 6.963927 22.826972 8.749045 23.747952 10.724095 24.311978 12.829066 24.498097 14.956422 23.501903 15.043578 23.323408 13.003378 22.804670 11.067422 21.957638 9.250955 20.808048 7.609170 19.390830 6.191952 17.749045 5.042362 15.932578 4.195330 13.996622 3.676592 11.956422 3.498097
0
4
-12.000000 2.500000 -3.500000 2.500000 -3.500000 3.500000 -12.000000 3.500000
0
4
-12.000000 -3.500000 -3.500000 -3.500000 -3.500000 -2.500000 -12.000000 -2.500000
0
4
12.000000 3.500000 3.500000 3.500000 3.500000 2.500000 12.000000 2.500000
0
4
12.000000 -2.500000 3.500000 -2.500000 3.500000 -3.500000 12.000000 -3.500000
0
10
-10.487707 8.082614 -9.246596 9.812704 -10.423131 12.143443 -13.033749 12.178854 -14.044444 10.304804 -12.645558 9.550370 -12.092112 10.576579 -11.407880 10.567298 -11.099516 9.956421 -11.779134 9.009043
0
16
-20.539481 7.541185 -21.199014 8.753309 -22.779166 9.298988 -24.314022 8.636517 -25.000810 7.112388 -24.480322 5.523760 -23.024787 4.701527 -21.679867 5.010425 -22.016676 6.476869 -22.792839 6.298602 -23.232174 6.546783 -23.389277 7.026292 -23.181979 7.486332 -22.718701 7.686290 -22.241751 7.521584 -21.861130 6.822059
0
5
-17.143934 11.895336 -18.106694 13.220462 -19.664473 12.714309 -19.664473 11.076364 -18.106694 10.570211
0
6
-22.697060 13.493149 -24.111224 14.685983 -25.776562 13.880154 -25.206400 12.701849 -24.305807 13.137630 -23.541047 12.492561
0
5
-26.952216 4.588541 -27.822999 5.787071 -29.231955 5.329273 -29.231955 3.847809 -27.822999 3.390012
0
8
-28.643088 14.808062 -30.087762 14.364977 -30.202572 12.505042 -28.823360 11.887644 -28.407639 12.816328 -29.143598 13.145776 -29.115630 13.598866 -28.344740 13.835300
0
4
-14.632923 7.260363 -15.706959 8.334398 -16.780994 7.260363 -15.706959 6.186328
0
12
-7.343458 6.462110 -6.625953 6.467127 -5.895485 6.931601 -5.522829 7.712911 -5.621581 8.572892 -6.069235 9.133647 -6.875238 8.490209 -6.612391 8.160953 -6.581224 7.889540 -6.698836 7.642956 -6.929374 7.496366 -7.350669 7.493420
0
4
-9.110820 -9.669442 -10.381871 -8.398391 -11.652922 -9.669442 -10.381871 -10.940493
0
4
-6.656161 -13.216208 -7.888956 -11.983412 -9.121752 -13.216208 -7.888956 -14.449003
0
8
-12.836127 -15.070545 -12.048475 -13.872089 -12.898436 -12.332946 -14.332274 -12.361264 -14.311064 -13.435172 -13.525339 -13.419654 -13.302116 -13.823874 -13.733740 -14.480613
0
10
23.150533 -8.222919 21.440162 -9.473573 22.125491 -11.994148 24.724413 -12.256012 25.677043 -10.363395 24.395820 -9.718504 23.886707 -10.729973 23.250792 -10.665899 23.083103 -10.049154 23.997174 -9.380768
0
14
16.291778 -8.914119 17.383558 -9.357301 18.728996 -8.882107 19.420790 -7.634134 19.110857 -6.241312 17.955144 -5.404449 16.782542 -5.520200 16.911297 -6.824540 17.589127 -6.757629 17.939461 -7.011309 18.033411 -7.433518 17.823706 -7.811819 17.415861 -7.955866 16.784751 -7.699681
0
6
16.911893 -12.574358 17.654470 -13.990470 19.253447 -13.982413 19.247449 -12.792168 18.372397 -12.796578 17.966016 -12.021600
0
4
11.773462 -12.678518 10.548834 -11.453890 9.324207 -12.678518 10.548834 -13.903145
0
5
29.634124 -6.827800 28.780580 -5.652997 27.399517 -6.101732 27.399517 -7.553868 28.780580 -8.002602
0
6
9.400016 -7.577214 8.705784 -6.374770 7.317322 -6.374770 6.623090 -7.577214 7.317322 -8.779658 8.705784 -8.779658
0
5
23.770961 -4.492789 22.927896 -3.332409 21.563789 -3.775635 21.563789 -5.209942 22.927896 -5.653168
0
3
29.872481 -13.109459 27.933765 -11.990140 27.933765 -14.228777
0
7
13.124071 8.684914 12.664572 9.639073 11.632088 9.874731 10.804100 9.214432 10.804100 8.155396 11.632088 7.495097 12.664572 7.730755
0
12
7.678429 12.164375 6.553803 12.080018 5.567326 11.137401 5.403537 9.782840 6.136911 8.632265 7.209019 8.282286 7.619125 9.538586 6.996936 9.741693 6.772338 10.094060 6.822499 10.508899 7.124610 10.797578 7.777278 10.846533
0
8
13.700570 13.501202 13.367010 14.306488 12.561723 14.640049 11.756437 14.306488 11.422877 13.501202 11.756437 12.695915 12.561723 12.362355 13.367010 12.695915
0
8
1.355112 12.019318 1.674063 13.522049 0.425626 14.917714 -1.103225 14.767565 -0.973614 13.447828 -0.114247 13.532226 0.237204 13.139329 0.057922 12.294644
0
3
-1.456651 -11.103312 -3.024019 -10.198391 -3.024019 -12.008232
0
