1 13.536030 3.000000 0.997731 1.231419 6.584262 0.478149 8128.000000 2.000000 6524.000000 6471.000000 0.000000 0.000000 96.765694
1 6.175745 3.000000 0.964507 0.504011 2.649599 0.427020 7736.000000 2.000000 2083.000000 2526.000000 0.000000 0.000000 90.416258
1 9.080817 3.000000 0.960805 0.869518 4.265295 0.267362 4470.000000 2.000000 3556.000000 3699.000000 0.000000 0.000000 101.665301
1 11.713854 3.000000 0.731844 1.060444 5.883473 0.421031 6921.000000 2.000000 5164.000000 4182.000000 0.000000 0.000000 95.321794
1 6.490061 3.000000 0.788903 0.552609 2.978871 0.424173 8037.000000 2.000000 2505.000000 2470.000000 0.000000 0.000000 92.403118
1 22.650332 3.000000 0.780761 2.064048 10.577011 1.128603 22740.000000 2.000000 7602.000000 7945.000000 0.000000 0.000000 87.892487
1 42.095903 3.000000 1.523216 3.572989 20.824724 1.812878 24517.000000 2.000000 17268.000000 20637.000000 0.000000 0.000000 110.523129
1 55.438215 3.000000 1.000725 4.719814 27.388866 2.456221 33814.000000 2.000000 24052.000000 27555.000000 0.000000 0.000000 103.569808
1 8.631440 3.000000 0.764758 0.755205 3.865570 0.518104 9527.000000 2.000000 3888.000000 3373.000000 0.000000 0.000000 109.458192
1 8.046199 3.000000 0.817561 0.770430 3.612411 0.540471 10855.000000 2.000000 3199.000000 2733.000000 0.000000 0.000000 119.429149
1 4.531216 3.000000 1.196976 0.339486 1.755500 0.141304 2009.000000 2.000000 1733.000000 1687.000000 0.000000 0.000000 99.413115
1 20.251944 3.000000 1.580312 1.685060 9.147424 1.244252 24795.000000 2.000000 9755.000000 9097.000000 0.000000 0.000000 91.390773
0 76.055688 3.000000 1.028058 6.356991 38.331720 3.106253 37786.000000 2.000000 24469.000000 38144.000000 0.000000 0.000000 -1.000000
1 10.029221 3.000000 0.955503 0.929577 4.855524 0.382539 6067.000000 2.000000 3942.000000 3439.000000 0.000000 0.000000 100.410481
1 18.763111 3.000000 1.127469 1.669245 8.854939 0.458976 8293.000000 2.000000 7578.000000 6830.000000 0.000000 0.000000 106.359383
1 3.675757 3.000000 1.719261 0.185025 0.945247 0.175963 2630.000000 2.000000 955.000000 874.000000 0.000000 0.000000 109.955081
1 50.718347 3.000000 0.813029 4.580499 26.376934 1.771615 33069.000000 2.000000 22352.000000 22439.000000 0.000000 0.000000 119.176562
1 3.085754 3.000000 1.031476 0.207160 1.062785 0.104609 1662.000000 2.000000 739.000000 1035.000000 0.000000 0.000000 89.877698
1 5.622377 3.000000 0.981274 0.457985 2.492457 0.213718 3525.000000 2.000000 2263.000000 1968.000000 0.000000 0.000000 107.567307
1 8.176894 3.000000 0.777305 0.785792 3.905670 0.262643 4180.000000 2.000000 3521.000000 3758.000000 0.000000 0.000000 96.240235
1 33.248434 3.000000 0.767110 2.966432 17.107618 1.619113 30175.000000 2.000000 14724.000000 15137.000000 0.000000 0.000000 95.436503
1 7.882389 3.000000 0.925179 0.658143 3.745167 0.324208 5741.000000 2.000000 3798.000000 3852.000000 0.000000 0.000000 104.933653
0 75.784682 3.000000 0.747536 5.481357 32.107096 3.708829 73204.000000 2.000000 51024.000000 29185.000000 0.000000 0.000000 -1.000000
1 7.694416 3.000000 0.750206 0.724175 3.627050 0.354335 7038.000000 2.000000 4316.000000 3826.000000 0.000000 0.000000 121.014477
1 16.566299 3.000000 0.931411 1.512271 8.109664 0.761682 11393.000000 2.000000 6061.000000 8243.000000 0.000000 0.000000 89.530597
1 7.204516 3.000000 0.506324 0.704981 3.449522 0.372513 7965.000000 2.000000 3881.000000 3583.000000 0.000000 0.000000 96.636537
1 6.510252 3.000000 0.799465 0.526993 2.990427 0.423394 7862.000000 2.000000 2829.000000 3324.000000 0.000000 0.000000 101.004974
1 31.145049 3.000000 0.791253 2.796182 14.866135 1.405563 27449.000000 2.000000 12446.000000 11807.000000 0.000000 0.000000 93.358266
1 8.973632 3.000000 1.482759 0.690310 4.036078 0.503336 7069.000000 2.000000 2656.000000 3920.000000 0.000000 0.000000 93.468538
1 13.723500 3.000000 2.407936 1.062002 5.901563 0.466203 8219.000000 2.000000 4826.000000 6311.000000 0.000000 0.000000 100.470609
1 10.554492 3.000000 0.992377 0.908984 5.315355 0.306574 5972.000000 2.000000 3352.000000 5498.000000 0.000000 0.000000 96.804407
1 11.191380 3.000000 0.777824 0.983197 5.595284 0.626630 11262.000000 2.000000 4177.000000 4903.000000 0.000000 0.000000 111.075140
0 75.787319 3.000000 0.748036 6.191108 32.177542 3.308198 63323.000000 2.000000 27503.000000 31682.000000 0.000000 0.000000 -1.000000
1 2.169458 3.000000 1.022020 0.114358 0.632557 0.055588 800.000000 2.000000 545.000000 569.000000 0.000000 0.000000 88.157803
1 52.298225 3.000000 0.778412 4.560903 26.178225 2.130633 34925.000000 2.000000 23016.000000 26144.000000 0.000000 0.000000 101.774062
1 9.935779 3.000000 0.807551 0.923053 4.567285 0.671561 13033.000000 2.000000 3923.000000 3421.000000 0.000000 0.000000 89.779766
1 4.437249 3.000000 1.786672 0.263168 1.373780 0.191625 2539.000000 2.000000 857.000000 1459.000000 0.000000 0.000000 86.246073
1 34.103397 3.000000 0.962852 3.097037 17.679505 1.554201 18477.000000 2.000000 13934.000000 16972.000000 0.000000 0.000000 103.327793
1 47.829863 3.000000 0.701956 4.193826 25.149041 1.944902 31922.000000 2.000000 16489.000000 25357.000000 0.000000 0.000000 96.997350
1 60.237333 3.000000 0.804151 5.127982 29.379683 4.460155 75164.000000 2.000000 23774.000000 28263.000000 0.000000 0.000000 114.338127
1 7.163910 3.000000 0.789119 0.606587 3.231588 0.385465 7721.000000 2.000000 3505.000000 2961.000000 0.000000 0.000000 97.027153
1 36.016145 3.000000 1.009870 3.095753 18.491602 1.112078 19044.000000 2.000000 13398.000000 19697.000000 0.000000 0.000000 110.707425
1 14.921513 3.000000 1.129989 1.229504 7.961895 0.670722 9967.000000 2.000000 6114.000000 8457.000000 0.000000 0.000000 107.090118
1 49.758005 3.000000 1.618664 4.540032 24.559174 1.555712 20787.000000 2.000000 19189.000000 22903.000000 0.000000 0.000000 114.924657
1 41.668068 3.000000 2.363056 3.592061 20.128569 2.013078 21843.000000 2.000000 10438.000000 15788.000000 0.000000 0.000000 125.289194
0 75.645624 3.000000 0.521098 5.307636 30.230436 5.789200 127600.000000 2.000000 24960.000000 33177.000000 0.000000 0.000000 -1.000000
0 76.048928 3.000000 0.947196 6.498909 37.441808 1.345329 23810.000000 2.000000 29345.000000 33712.000000 0.000000 0.000000 -1.000000
1 6.864349 3.000000 0.752852 0.646492 3.517199 0.069091 955.000000 2.000000 3177.000000 3922.000000 0.000000 0.000000 124.132337
1 56.888417 3.000000 0.773421 4.863386 26.990237 3.583642 67051.000000 2.000000 23027.000000 25499.000000 0.000000 0.000000 92.794370
1 6.913020 3.000000 0.740862 0.587187 3.148416 0.586880 11666.000000 2.000000 4147.000000 3134.000000 0.000000 0.000000 109.093774
0 75.796659 3.000000 0.757715 5.554253 29.743133 1.873840 38244.000000 2.000000 17289.000000 22357.000000 0.000000 0.000000 -1.000000
1 7.648266 3.000000 0.786056 0.659825 3.472894 0.510711 9765.000000 2.000000 3076.000000 3106.000000 0.000000 0.000000 99.456680
1 12.123550 3.000000 0.754989 1.094286 6.043924 0.653975 12735.000000 2.000000 5318.000000 4677.000000 0.000000 0.000000 98.006774
1 3.890598 3.000000 0.756085 0.342456 1.693283 0.086156 1524.000000 2.000000 1770.000000 1233.000000 0.000000 0.000000 113.373300
1 10.587540 3.000000 0.985701 0.950048 5.046209 0.578591 9039.000000 2.000000 4893.000000 5770.000000 0.000000 0.000000 122.851884
1 12.239038 3.000000 0.790024 1.069129 5.926140 0.493054 10762.000000 2.000000 6833.000000 4523.000000 0.000000 0.000000 99.136444
0 76.353948 3.000000 1.333800 5.936588 34.872152 1.655336 29634.000000 2.000000 34544.000000 31032.000000 0.000000 0.000000 -1.000000
1 25.669149 3.000000 0.950138 2.309471 12.793078 1.203900 17444.000000 2.000000 12466.000000 11776.000000 0.000000 0.000000 85.151927
0 75.813133 3.000000 0.739615 6.792667 37.864352 3.947008 63805.000000 2.000000 30987.000000 34776.000000 0.000000 0.000000 -1.000000
1 27.366585 3.000000 0.810435 2.597257 13.700676 1.190035 19817.000000 2.000000 13171.000000 10496.000000 0.000000 0.000000 117.156881
