0 76.224287 3.000000 0.987458 33.720428 15.908565 0.794907 2632.000000 0.000000 3983.000000 17019.000000 1.000000 1.000000 -1.000000
1 3.281983 3.000000 1.387734 0.887994 0.442634 0.039971 173.000000 0.000000 1240.000000 944.000000 1.000000 1.000000 219.837976
1 10.188496 3.000000 0.807602 4.827847 2.133171 0.079978 394.000000 0.000000 786.000000 2858.000000 1.000000 1.000000 249.828924
1 2.986111 3.000000 1.405091 0.734992 0.348675 0.038475 211.000000 0.000000 233.000000 685.000000 1.000000 1.000000 204.177944
1 4.562079 3.000000 0.790107 1.918080 0.872420 0.045732 238.000000 0.000000 785.000000 1288.000000 1.000000 1.000000 197.752257
1 3.997781 3.000000 1.789400 1.055398 0.495133 0.037712 215.000000 0.000000 499.000000 611.000000 1.000000 1.000000 182.026380
1 3.185503 3.000000 1.386050 0.850977 0.404076 0.039500 216.000000 0.000000 562.000000 548.000000 1.000000 1.000000 297.868253
1 18.768965 3.000000 0.829338 9.078195 4.208212 0.104301 791.000000 0.000000 7930.000000 7463.000000 1.000000 1.000000 311.726305
1 2.418370 3.000000 0.951467 0.695687 0.333403 0.032937 255.000000 0.000000 173.000000 409.000000 1.000000 1.000000 237.711554
1 57.555920 3.000000 0.753749 28.494109 12.920965 0.192564 788.000000 0.000000 3973.000000 12889.000000 1.000000 1.000000 389.821246
1 54.571270 3.000000 0.775022 26.053318 12.037080 0.296480 1231.000000 0.000000 3834.000000 13859.000000 1.000000 1.000000 387.713067
1 7.579845 3.000000 1.029807 3.109280 1.474399 0.133097 459.000000 0.000000 798.000000 1020.000000 1.000000 1.000000 200.025374
1 5.458558 3.000000 1.083899 2.051823 0.960985 0.082898 567.000000 0.000000 358.000000 1302.000000 1.000000 1.000000 298.467684
1 4.386914 3.000000 1.032096 1.490158 0.777282 0.085461 312.000000 0.000000 626.000000 1608.000000 1.000000 1.000000 203.395499
1 2.220970 3.000000 1.085109 0.533386 0.255918 0.027707 153.000000 0.000000 203.000000 236.000000 1.000000 1.000000 190.723903
1 5.598998 3.000000 1.564399 1.936364 0.907325 0.065792 382.000000 0.000000 898.000000 1210.000000 1.000000 1.000000 256.033235
1 3.459939 3.000000 1.963898 0.673870 0.319704 0.044031 238.000000 0.000000 194.000000 783.000000 1.000000 1.000000 227.583902
1 3.383541 3.000000 0.991293 1.144764 0.534562 0.043046 277.000000 0.000000 212.000000 863.000000 1.000000 1.000000 293.718976
1 1.630411 3.000000 0.763584 0.417317 0.194715 0.031950 136.000000 0.000000 109.000000 237.000000 1.000000 1.000000 275.490072
1 33.801648 3.000000 0.990703 15.301525 7.477917 0.277069 1800.000000 0.000000 9869.000000 10232.000000 1.000000 1.000000 313.383900
1 1.971861 3.000000 0.944149 0.485674 0.228733 0.027874 127.000000 0.000000 171.000000 406.000000 1.000000 1.000000 186.915237
1 7.485764 3.000000 2.545857 2.194638 1.072712 0.124092 712.000000 0.000000 486.000000 1719.000000 1.000000 1.000000 311.495098
1 39.278456 3.000000 1.030706 17.413766 8.432914 0.323167 2091.000000 0.000000 1916.000000 9819.000000 1.000000 1.000000 318.575928
1 3.721692 3.000000 1.698068 0.935606 0.478509 0.030988 249.000000 0.000000 257.000000 1768.000000 1.000000 1.000000 319.608040
1 2.294321 3.000000 0.836293 0.730895 0.336876 0.029812 153.000000 0.000000 177.000000 438.000000 1.000000 1.000000 199.524850
1 12.210019 3.000000 1.690862 4.923710 2.341445 0.163095 941.000000 0.000000 1235.000000 3674.000000 1.000000 1.000000 302.302014
1 3.101147 3.000000 1.579732 0.681805 0.331615 0.043998 274.000000 0.000000 159.000000 455.000000 1.000000 1.000000 298.531682
1 6.391221 3.000000 2.256999 1.896943 0.902370 0.093840 625.000000 0.000000 742.000000 1060.000000 1.000000 1.000000 447.549497
1 3.429881 3.000000 0.994880 1.146998 0.564711 0.038886 223.000000 0.000000 668.000000 768.000000 1.000000 1.000000 185.166490
1 4.309063 3.000000 0.757840 1.786940 0.822205 0.061817 286.000000 0.000000 732.000000 1203.000000 1.000000 1.000000 162.759611
1 15.640336 3.000000 0.775887 7.494027 3.438098 0.109080 796.000000 0.000000 1672.000000 21943.000000 1.000000 1.000000 295.482884
1 69.413884 3.000000 0.764531 32.704626 15.407294 0.362584 1405.000000 0.000000 4381.000000 19518.000000 1.000000 1.000000 246.835525
1 12.031743 3.000000 0.967519 3.786464 1.834750 0.091998 651.000000 0.000000 12550.000000 3465.000000 1.000000 1.000000 235.128960
1 2.580490 3.000000 1.048906 0.698359 0.323426 0.048220 248.000000 0.000000 260.000000 391.000000 1.000000 1.000000 373.320385
1 34.125643 3.000000 0.577049 16.692755 7.992652 0.168392 475.000000 0.000000 2714.000000 14095.000000 1.000000 1.000000 315.428139
1 5.674748 3.000000 0.786538 2.408092 1.131625 0.080675 557.000000 0.000000 314.000000 1634.000000 1.000000 1.000000 281.573036
1 4.009230 3.000000 1.023783 1.419551 0.698515 0.078457 280.000000 0.000000 787.000000 1127.000000 1.000000 1.000000 200.305728
1 2.908245 3.000000 1.010916 0.893159 0.438229 0.049114 206.000000 0.000000 380.000000 1149.000000 1.000000 1.000000 216.277730
1 5.678105 3.000000 0.837167 2.424608 1.150885 0.060698 350.000000 0.000000 1233.000000 1150.000000 1.000000 1.000000 202.408729
1 6.877196 3.000000 0.828631 3.077729 1.453737 0.054968 297.000000 0.000000 1181.000000 2129.000000 1.000000 1.000000 191.293719
1 1.812450 3.000000 0.997108 0.366666 0.175094 0.029803 173.000000 0.000000 117.000000 193.000000 1.000000 1.000000 220.899898
1 16.648425 3.000000 0.973913 7.762960 3.618911 0.146485 765.000000 0.000000 3130.000000 6412.000000 1.000000 1.000000 345.611592
1 2.066122 3.000000 0.735625 0.657140 0.302862 0.028229 192.000000 0.000000 169.000000 321.000000 1.000000 1.000000 287.387198
1 11.003301 3.000000 0.830912 5.105322 2.337484 0.089433 668.000000 0.000000 748.000000 2801.000000 1.000000 1.000000 335.953710
1 8.596410 3.000000 1.037851 3.683047 1.767911 0.091816 386.000000 0.000000 3206.000000 3053.000000 1.000000 1.000000 206.047077
1 3.665179 3.000000 1.817436 0.857591 0.423232 0.042424 228.000000 0.000000 596.000000 589.000000 1.000000 1.000000 213.108830
1 4.421096 3.000000 0.795813 1.812569 0.846247 0.060540 303.000000 0.000000 709.000000 1294.000000 1.000000 1.000000 172.852060
1 7.381495 3.000000 3.312982 1.892801 0.922733 0.069491 370.000000 0.000000 917.000000 1149.000000 1.000000 1.000000 252.073731
1 7.356653 3.000000 0.803835 3.287057 1.541558 0.047183 341.000000 0.000000 789.000000 1413.000000 1.000000 1.000000 277.759604
1 5.643935 3.000000 1.056280 2.138581 1.070433 0.087883 376.000000 0.000000 949.000000 1698.000000 1.000000 1.000000 204.899536
1 3.081630 3.000000 1.050098 0.928622 0.445612 0.058238 301.000000 0.000000 546.000000 473.000000 1.000000 1.000000 180.618432
1 3.430566 3.000000 1.594546 0.879274 0.433318 0.044175 182.000000 0.000000 612.000000 1177.000000 1.000000 1.000000 193.296953
1 3.206236 3.000000 0.804835 1.236202 0.562160 0.028487 135.000000 0.000000 189.000000 986.000000 1.000000 1.000000 256.352380
1 2.657902 3.000000 1.026696 0.707609 0.348236 0.077904 289.000000 0.000000 116.000000 457.000000 1.000000 1.000000 249.422176
1 10.159714 3.000000 0.824980 4.622301 2.136742 0.140596 601.000000 0.000000 497.000000 2974.000000 1.000000 1.000000 243.421267
1 5.238105 3.000000 1.000859 1.902325 0.984284 0.083258 583.000000 0.000000 1354.000000 1364.000000 1.000000 1.000000 295.548990
1 12.684029 3.000000 0.584156 6.172062 2.932278 0.064576 189.000000 0.000000 830.000000 4159.000000 1.000000 1.000000 255.168591
1 7.222898 3.000000 0.845259 3.181118 1.516368 0.059645 407.000000 0.000000 1285.000000 2579.000000 1.000000 1.000000 290.728811
