1 13.068946 3.000000 0.730816 1.394738 6.633626 0.070409 314.000000 0.000000 1892.000000 7232.000000 1.000000 0.000000 106.964258
1 16.886403 3.000000 0.698588 1.706634 9.100174 0.207542 1563.000000 0.000000 4403.000000 10057.000000 1.000000 0.000000 107.338965
1 1.369331 3.000000 0.918027 0.037796 0.207330 0.037377 168.000000 0.000000 158.000000 215.000000 1.000000 0.000000 97.024394
1 2.536313 3.000000 2.186105 0.029733 0.155587 0.031386 125.000000 0.000000 59.000000 134.000000 1.000000 0.000000 101.130361
1 10.123720 3.000000 1.090685 0.953029 4.474078 0.286750 1043.000000 0.000000 923.000000 3455.000000 1.000000 0.000000 140.437455
1 1.195775 3.000000 0.899269 0.028444 0.137453 0.019557 114.000000 0.000000 87.000000 185.000000 1.000000 0.000000 94.710473
1 7.292580 3.000000 1.415079 0.583725 3.058757 0.142354 963.000000 0.000000 1072.000000 3082.000000 1.000000 0.000000 107.567796
1 2.141470 3.000000 1.461516 0.058083 0.322631 0.035842 270.000000 0.000000 133.000000 245.000000 1.000000 0.000000 140.821609
1 6.865082 3.000000 1.463678 0.542560 2.755876 0.147000 919.000000 0.000000 767.000000 2718.000000 1.000000 0.000000 95.766241
1 0.951885 3.000000 0.522578 0.050798 0.234076 0.015868 66.000000 0.000000 175.000000 170.000000 1.000000 0.000000 81.558177
1 48.455196 3.000000 0.934608 4.987688 24.107138 0.448993 1558.000000 0.000000 4308.000000 17979.000000 1.000000 0.000000 129.771723
1 5.673087 3.000000 1.803172 0.402499 1.998666 0.109373 480.000000 0.000000 757.000000 1220.000000 1.000000 0.000000 136.786152
1 9.368873 3.000000 3.820041 0.524096 3.044913 0.112672 716.000000 0.000000 2626.000000 2653.000000 1.000000 0.000000 141.085161
1 1.587997 3.000000 0.909744 0.074104 0.332873 0.022275 179.000000 0.000000 310.000000 258.000000 1.000000 0.000000 100.645758
1 1.519609 3.000000 0.929305 0.052973 0.274436 0.036015 223.000000 0.000000 237.000000 290.000000 1.000000 0.000000 91.549104
1 1.191750 3.000000 0.918682 0.022472 0.117608 0.022613 118.000000 0.000000 132.000000 123.000000 1.000000 0.000000 94.290452
1 6.194901 3.000000 0.921789 0.539922 2.771045 0.103201 745.000000 0.000000 915.000000 2431.000000 1.000000 0.000000 118.662880
1 6.202946 3.000000 0.932451 0.523957 2.716931 0.131383 659.000000 0.000000 1078.000000 1276.000000 1.000000 0.000000 139.980445
1 3.538729 3.000000 2.442735 0.113984 0.532104 0.040892 241.000000 0.000000 458.000000 490.000000 1.000000 0.000000 89.504016
1 0.756030 3.000000 0.515677 0.030571 0.124319 0.011466 52.000000 0.000000 175.000000 83.000000 1.000000 0.000000 86.335603
1 4.253678 3.000000 0.910206 0.340668 1.703257 0.069783 513.000000 0.000000 1297.000000 1149.000000 1.000000 0.000000 131.936751
1 2.224040 3.000000 0.586156 0.193954 0.942525 0.026324 87.000000 0.000000 252.000000 605.000000 1.000000 0.000000 104.760303
1 3.482109 3.000000 0.919670 0.262055 1.334191 0.086429 367.000000 0.000000 1702.000000 1408.000000 1.000000 0.000000 94.013614
1 6.742816 3.000000 5.092794 0.148936 0.810432 0.066658 274.000000 0.000000 643.000000 855.000000 1.000000 0.000000 98.348138
1 8.008095 3.000000 1.140395 0.664359 3.536010 0.138636 822.000000 0.000000 895.000000 2569.000000 1.000000 0.000000 140.261945
1 1.603041 3.000000 0.870370 0.080780 0.385657 0.037540 151.000000 0.000000 196.000000 218.000000 1.000000 0.000000 98.989756
1 1.276392 3.000000 1.117748 0.012995 0.064559 0.016377 79.000000 0.000000 13.000000 63.000000 1.000000 0.000000 90.110662
1 1.126051 3.000000 0.513814 0.069169 0.353778 0.013945 64.000000 0.000000 301.000000 378.000000 1.000000 0.000000 87.831390
1 3.814744 3.000000 0.747971 0.349034 1.701043 0.041147 182.000000 0.000000 467.000000 1944.000000 1.000000 0.000000 131.413662
1 1.538307 3.000000 0.953955 0.054124 0.274268 0.035366 168.000000 0.000000 267.000000 270.000000 1.000000 0.000000 106.974579
1 2.243135 3.000000 0.732956 0.165911 0.838253 0.026474 209.000000 0.000000 286.000000 928.000000 1.000000 0.000000 137.393561
1 1.158615 3.000000 0.951826 0.019022 0.084920 0.016262 83.000000 0.000000 63.000000 79.000000 1.000000 0.000000 95.546152
1 4.750886 3.000000 1.530375 0.295084 1.592612 0.119097 639.000000 0.000000 725.000000 1470.000000 1.000000 0.000000 139.667556
1 10.767372 3.000000 1.510025 0.906752 4.340092 0.369196 1179.000000 0.000000 1018.000000 3132.000000 1.000000 0.000000 151.737559
1 2.666928 3.000000 0.770424 0.209423 1.019681 0.062956 281.000000 0.000000 211.000000 932.000000 1.000000 0.000000 140.506607
1 1.154764 3.000000 0.946390 0.017973 0.085388 0.019214 96.000000 0.000000 41.000000 112.000000 1.000000 0.000000 91.309719
1 1.074109 3.000000 0.799428 0.030910 0.130648 0.017637 83.000000 0.000000 39.000000 133.000000 1.000000 0.000000 100.728148
1 2.528790 3.000000 1.070625 0.133987 0.699916 0.058056 344.000000 0.000000 163.000000 476.000000 1.000000 0.000000 148.066352
1 1.870890 3.000000 1.091772 0.069389 0.385690 0.037233 180.000000 0.000000 429.000000 344.000000 1.000000 0.000000 90.153884
1 19.827472 3.000000 0.734661 2.140327 10.266025 0.116269 500.000000 0.000000 1941.000000 7032.000000 1.000000 0.000000 143.057906
1 3.359370 3.000000 1.434918 0.186785 0.988083 0.083918 372.000000 0.000000 779.000000 780.000000 1.000000 0.000000 95.829904
1 1.991886 3.000000 1.457946 0.049646 0.255164 0.028258 180.000000 0.000000 215.000000 259.000000 1.000000 0.000000 101.538488
1 6.576506 3.000000 0.906325 0.521435 2.838282 0.142485 919.000000 0.000000 960.000000 2826.000000 1.000000 0.000000 143.073103
1 4.711559 3.000000 1.463105 0.312998 1.614331 0.091161 613.000000 0.000000 713.000000 1517.000000 1.000000 0.000000 140.179797
1 1.624006 3.000000 1.322371 0.027602 0.131219 0.022742 107.000000 0.000000 145.000000 136.000000 1.000000 0.000000 87.000636
1 1.822935 3.000000 0.923559 0.084430 0.444321 0.029987 272.000000 0.000000 240.000000 494.000000 1.000000 0.000000 132.885667
1 9.588091 3.000000 0.757002 1.013576 4.726345 0.083008 373.000000 0.000000 1248.000000 3617.000000 1.000000 0.000000 122.732107
1 4.442293 3.000000 1.415861 0.338758 1.654096 0.103236 281.000000 0.000000 195.000000 1153.000000 1.000000 0.000000 142.906113
1 1.078748 3.000000 0.820637 0.029580 0.130618 0.011666 72.000000 0.000000 70.000000 76.000000 1.000000 0.000000 88.445009
1 11.617568 3.000000 0.806839 1.263592 5.886645 0.117443 512.000000 0.000000 1535.000000 4874.000000 1.000000 0.000000 147.702403
1 4.215827 3.000000 0.953578 0.332461 1.689600 0.084933 593.000000 0.000000 492.000000 1431.000000 1.000000 0.000000 125.180101
1 11.925556 3.000000 0.794261 1.274538 6.120817 0.087301 376.000000 0.000000 1588.000000 5236.000000 1.000000 0.000000 128.227999
1 2.004896 3.000000 0.540605 0.171658 0.841769 0.028799 91.000000 0.000000 248.000000 955.000000 1.000000 0.000000 114.987005
1 4.222903 3.000000 1.017272 0.320320 1.653889 0.075396 546.000000 0.000000 695.000000 1392.000000 1.000000 0.000000 134.216375
1 56.008416 3.000000 1.669302 5.375908 27.831075 0.231052 1836.000000 0.000000 10537.000000 21300.000000 1.000000 0.000000 134.288368
1 10.509819 3.000000 0.928244 0.971791 4.954788 0.157398 1309.000000 0.000000 1838.000000 3897.000000 1.000000 0.000000 140.478935
1 4.912693 3.000000 0.737107 0.476735 2.213768 0.038450 286.000000 0.000000 5703.000000 912.000000 1.000000 0.000000 125.851248
1 2.860529 3.000000 1.041003 0.170156 0.892801 0.084607 434.000000 0.000000 303.000000 657.000000 1.000000 0.000000 125.047943
1 54.874218 3.000000 0.785062 5.349886 26.975035 0.103524 396.000000 0.000000 4985.000000 22556.000000 1.000000 0.000000 110.912323
1 2.266643 3.000000 1.807708 0.041613 0.196565 0.033533 168.000000 0.000000 132.000000 190.000000 1.000000 0.000000 95.090991
