1 7.748668 3.000000 1.520561 3.066591 1.418583 0.288812 1020.000000 5.000000 332.000000 2500.000000 0.000000 1.000000 405.366175
1 2.867253 3.000000 0.922099 0.951198 0.433994 0.152403 493.000000 5.000000 78.000000 705.000000 0.000000 1.000000 405.981633
1 5.254455 3.000000 0.940904 2.099820 0.992884 0.219459 783.000000 5.000000 368.000000 1680.000000 0.000000 1.000000 214.077677
1 3.877487 3.000000 0.740169 1.553806 0.727208 0.165236 672.000000 5.000000 137.000000 1483.000000 0.000000 1.000000 359.478016
1 4.676883 3.000000 0.946684 1.805709 0.817036 0.304433 1339.000000 5.000000 195.000000 1569.000000 0.000000 1.000000 354.047749
1 1.477108 3.000000 0.737573 0.341291 0.158985 0.092131 507.000000 5.000000 35.000000 280.000000 0.000000 1.000000 245.194277
1 3.669711 3.000000 0.942743 1.305419 0.623971 0.212066 874.000000 5.000000 188.000000 1147.000000 0.000000 1.000000 308.221821
1 4.136431 3.000000 0.736221 1.642069 0.755949 0.285807 1639.000000 5.000000 201.000000 1572.000000 0.000000 1.000000 214.041938
1 3.590133 3.000000 0.961503 1.276113 0.597313 0.172005 642.000000 5.000000 140.000000 910.000000 0.000000 1.000000 261.264080
1 2.234117 3.000000 0.982110 0.607141 0.288339 0.093508 305.000000 5.000000 69.000000 534.000000 0.000000 1.000000 209.597197
1 1.521372 3.000000 0.552638 0.491759 0.226491 0.037132 295.000000 5.000000 106.000000 447.000000 0.000000 1.000000 244.689590
1 4.982311 3.000000 0.747726 2.104804 0.983054 0.205995 1187.000000 5.000000 199.000000 1803.000000 0.000000 1.000000 289.230568
1 2.814765 3.000000 0.761959 1.027837 0.476399 0.102614 574.000000 5.000000 79.000000 813.000000 0.000000 1.000000 203.221252
1 2.493828 3.000000 0.983394 0.732718 0.347511 0.097734 385.000000 5.000000 115.000000 527.000000 0.000000 1.000000 342.003616
1 2.165940 3.000000 0.789012 0.701983 0.318248 0.059129 328.000000 5.000000 90.000000 625.000000 0.000000 1.000000 200.734017
1 9.135274 3.000000 1.707110 3.514706 1.692962 0.516813 1848.000000 5.000000 317.000000 2927.000000 0.000000 1.000000 268.404149
1 3.223026 3.000000 0.988151 1.097763 0.526177 0.126809 360.000000 5.000000 80.000000 1109.000000 0.000000 1.000000 263.480152
1 5.436557 3.000000 0.941704 2.188511 1.054682 0.293847 964.000000 5.000000 267.000000 1924.000000 0.000000 1.000000 319.709941
1 8.157608 3.000000 0.935031 3.512354 1.641742 0.502355 2192.000000 5.000000 476.000000 3149.000000 0.000000 1.000000 371.052043
1 2.411429 3.000000 0.967071 0.677767 0.321765 0.134701 495.000000 5.000000 134.000000 450.000000 0.000000 1.000000 243.208992
1 6.503338 3.000000 0.713741 2.961112 1.365159 0.159117 686.000000 5.000000 331.000000 2278.000000 0.000000 1.000000 276.058336
1 2.997379 3.000000 1.439501 0.742975 0.366724 0.112863 384.000000 5.000000 99.000000 656.000000 0.000000 1.000000 241.219625
1 2.573703 3.000000 0.726269 0.919697 0.430735 0.101997 530.000000 5.000000 116.000000 701.000000 0.000000 1.000000 204.567922
1 2.786729 3.000000 0.916603 0.902866 0.428230 0.141832 518.000000 5.000000 89.000000 803.000000 0.000000 1.000000 282.866715
1 4.106232 3.000000 0.742196 1.740782 0.774169 0.109670 515.000000 5.000000 127.000000 1763.000000 0.000000 1.000000 341.620716
1 3.771384 3.000000 1.088113 1.295938 0.599708 0.194983 701.000000 5.000000 159.000000 1853.000000 0.000000 1.000000 331.009754
1 2.575678 3.000000 0.951963 0.767338 0.382839 0.129933 363.000000 5.000000 75.000000 730.000000 0.000000 1.000000 240.087015
1 6.177475 3.000000 0.725434 2.752750 1.258077 0.271589 1528.000000 5.000000 338.000000 2225.000000 0.000000 1.000000 280.414281
1 4.754782 3.000000 0.957713 1.767953 0.852855 0.366157 1278.000000 5.000000 242.000000 1355.000000 0.000000 1.000000 268.113236
1 3.268170 3.000000 0.947748 1.150615 0.541504 0.115508 392.000000 5.000000 101.000000 1155.000000 0.000000 1.000000 334.329278
1 11.020322 3.000000 0.754189 5.006421 2.322334 0.706711 4554.000000 5.000000 656.000000 4895.000000 0.000000 1.000000 319.721732
1 2.186817 3.000000 1.498854 0.330042 0.159181 0.051526 174.000000 5.000000 33.000000 209.000000 0.000000 1.000000 215.981668
1 4.141968 3.000000 1.331901 1.282815 0.605811 0.349764 1596.000000 5.000000 304.000000 985.000000 0.000000 1.000000 332.928599
1 2.042300 3.000000 0.697577 0.687800 0.316067 0.046580 208.000000 5.000000 68.000000 510.000000 0.000000 1.000000 255.261444
1 1.744571 3.000000 0.717253 0.512168 0.234722 0.063154 334.000000 5.000000 78.000000 347.000000 0.000000 1.000000 231.271620
1 4.307990 3.000000 1.483635 1.399707 0.649451 0.167100 725.000000 5.000000 109.000000 1124.000000 0.000000 1.000000 273.283552
1 4.075285 3.000000 0.728132 1.693386 0.798336 0.129091 713.000000 5.000000 319.000000 1631.000000 0.000000 1.000000 290.317187
1 4.245483 3.000000 1.444300 1.366418 0.675109 0.128709 580.000000 5.000000 105.000000 2251.000000 0.000000 1.000000 355.973653
1 6.961587 3.000000 1.634731 2.557300 1.226803 0.367672 1294.000000 5.000000 472.000000 2138.000000 0.000000 1.000000 294.498889
1 11.832631 3.000000 0.730077 5.627575 2.552944 0.537680 2793.000000 5.000000 576.000000 4006.000000 0.000000 1.000000 318.781925
1 3.705101 3.000000 1.615015 1.022496 0.469459 0.143574 431.000000 5.000000 80.000000 939.000000 0.000000 1.000000 300.462735
1 2.177332 3.000000 0.787316 0.699850 0.335629 0.045283 155.000000 5.000000 66.000000 675.000000 0.000000 1.000000 249.729598
1 8.756238 3.000000 0.893316 3.745517 1.783490 0.587574 2434.000000 5.000000 286.000000 3052.000000 0.000000 1.000000 284.520035
1 7.163731 3.000000 0.943400 3.046676 1.407335 0.404856 1692.000000 5.000000 275.000000 2655.000000 0.000000 1.000000 242.581192
1 17.127247 3.000000 0.731714 8.372573 3.817126 0.514489 2583.000000 5.000000 954.000000 5574.000000 0.000000 1.000000 318.385237
1 2.908730 3.000000 1.171536 0.832026 0.396657 0.136987 432.000000 5.000000 57.000000 711.000000 0.000000 1.000000 245.473721
1 2.311651 3.000000 1.240623 0.501730 0.239974 0.104695 453.000000 5.000000 90.000000 440.000000 0.000000 1.000000 292.519833
1 2.271198 3.000000 0.925972 0.645079 0.308195 0.113128 357.000000 5.000000 50.000000 502.000000 0.000000 1.000000 246.273620
1 3.819692 3.000000 0.703664 1.551216 0.737272 0.154394 719.000000 5.000000 109.000000 1193.000000 0.000000 1.000000 360.317809
1 4.220791 3.000000 0.902016 1.608261 0.765319 0.205096 694.000000 5.000000 167.000000 1214.000000 0.000000 1.000000 305.244885
1 2.985605 3.000000 0.728227 1.144265 0.547466 0.071662 295.000000 5.000000 92.000000 1182.000000 0.000000 1.000000 246.415705
1 6.167099 3.000000 0.721374 2.762345 1.290093 0.199466 1156.000000 5.000000 293.000000 2083.000000 0.000000 1.000000 240.793214
1 4.120722 3.000000 0.729451 1.690893 0.795439 0.172973 1088.000000 5.000000 343.000000 1783.000000 0.000000 1.000000 261.955355
1 4.186543 3.000000 0.952636 1.462298 0.704701 0.419352 873.000000 5.000000 74.000000 637.000000 0.000000 1.000000 291.388343
1 3.697495 3.000000 2.423478 0.584453 0.279194 0.155193 445.000000 5.000000 105.000000 472.000000 0.000000 1.000000 299.734528
1 3.882996 3.000000 0.807394 1.536395 0.698577 0.182216 1055.000000 5.000000 210.000000 1208.000000 0.000000 1.000000 339.108084
1 6.636268 3.000000 0.716765 3.015405 1.396631 0.188349 1140.000000 5.000000 316.000000 2428.000000 0.000000 1.000000 312.598570
1 8.050546 3.000000 0.899945 3.482052 1.630743 0.460156 1792.000000 5.000000 388.000000 2667.000000 0.000000 1.000000 223.378310
1 3.948935 3.000000 1.271010 1.270245 0.619401 0.211146 793.000000 5.000000 189.000000 1068.000000 0.000000 1.000000 192.025546
1 3.703374 3.000000 0.719011 1.500793 0.693588 0.143969 925.000000 5.000000 218.000000 1260.000000 0.000000 1.000000 208.843091
