1 6.584818 3.000000 2.520797 1.972124 0.972392 0.123046 1014.000000 2.000000 904.000000 1436.000000 0.000000 1.000000 226.157808
1 27.721724 3.000000 0.695406 13.125038 6.195389 0.539155 11219.000000 2.000000 8021.000000 7795.000000 0.000000 1.000000 175.085020
1 52.142606 3.000000 1.143750 24.536922 11.521566 0.809281 9575.000000 2.000000 12490.000000 23530.000000 0.000000 1.000000 313.660830
1 12.026404 3.000000 1.497975 5.197572 2.469682 0.166470 2264.000000 2.000000 2350.000000 4207.000000 0.000000 1.000000 203.966005
1 11.404018 3.000000 0.964226 4.990855 2.372778 0.389664 3695.000000 2.000000 2520.000000 4102.000000 0.000000 1.000000 314.712725
1 7.355796 3.000000 0.770553 3.260960 1.587148 0.097917 1801.000000 2.000000 1341.000000 2648.000000 0.000000 1.000000 223.250908
1 5.767605 3.000000 0.974119 2.368445 1.135486 0.120313 1578.000000 2.000000 1096.000000 1883.000000 0.000000 1.000000 234.885236
1 4.383908 3.000000 0.978264 1.706140 0.801546 0.073143 882.000000 2.000000 715.000000 1305.000000 0.000000 1.000000 277.512274
1 14.763748 3.000000 0.801166 6.808847 3.270943 0.220986 4219.000000 2.000000 3631.000000 3635.000000 0.000000 1.000000 190.644204
1 74.796062 3.000000 0.759865 33.833940 16.477727 1.520031 30932.000000 2.000000 26259.000000 27026.000000 0.000000 1.000000 226.555965
1 17.142426 3.000000 0.954537 7.844580 3.850728 0.358547 5146.000000 2.000000 4737.000000 7826.000000 0.000000 1.000000 224.442013
1 27.233765 3.000000 0.966253 13.072057 6.361293 0.278310 3557.000000 2.000000 6091.000000 8663.000000 0.000000 1.000000 322.431269
1 38.991103 3.000000 0.508503 19.033282 8.877524 0.363710 6746.000000 2.000000 10529.000000 12005.000000 0.000000 1.000000 220.309427
1 6.224536 3.000000 0.970130 2.520619 1.234193 0.228260 2528.000000 2.000000 1652.000000 2016.000000 0.000000 1.000000 227.675343
1 12.984500 3.000000 0.806182 5.853606 2.897216 0.319367 5793.000000 2.000000 3247.000000 4228.000000 0.000000 1.000000 197.873540
1 19.538088 3.000000 0.768335 9.311307 4.437137 0.227570 3579.000000 2.000000 4699.000000 6801.000000 0.000000 1.000000 217.715267
1 8.372229 3.000000 0.789629 3.747608 1.765245 0.177929 2405.000000 2.000000 1495.000000 3073.000000 0.000000 1.000000 197.740132
1 27.065345 3.000000 1.007124 12.423437 6.347065 0.342172 5132.000000 2.000000 6102.000000 9061.000000 0.000000 1.000000 188.934807
1 8.545274 3.000000 1.678042 3.351879 1.638184 0.113052 1381.000000 2.000000 1212.000000 3325.000000 0.000000 1.000000 265.955027
1 26.681141 3.000000 1.280675 12.164617 5.818987 0.411628 5979.000000 2.000000 6154.000000 11865.000000 0.000000 1.000000 186.851208
1 17.741658 3.000000 0.517833 8.228133 3.965514 0.490367 10373.000000 2.000000 4535.000000 5692.000000 0.000000 1.000000 192.005083
1 22.832604 3.000000 1.692455 10.521098 4.892817 0.428078 5690.000000 2.000000 4270.000000 10117.000000 0.000000 1.000000 308.642330
1 8.163834 3.000000 0.746667 3.700689 1.805722 0.054961 902.000000 2.000000 1937.000000 3116.000000 0.000000 1.000000 205.649329
1 9.740165 3.000000 1.345190 4.191722 2.022817 0.183725 2514.000000 2.000000 2291.000000 3795.000000 0.000000 1.000000 214.505192
1 6.471949 3.000000 0.848472 2.805697 1.370068 0.093357 1188.000000 2.000000 1322.000000 2445.000000 0.000000 1.000000 237.440537
1 4.888865 3.000000 0.843261 1.982247 0.971835 0.104227 1475.000000 2.000000 898.000000 1581.000000 0.000000 1.000000 248.636603
1 12.637479 3.000000 0.868055 5.841680 2.864617 0.205336 4202.000000 2.000000 3287.000000 4702.000000 0.000000 1.000000 218.434963
1 33.713608 3.000000 0.672694 16.247016 7.838602 0.343391 7807.000000 2.000000 9011.000000 15293.000000 0.000000 1.000000 223.680045
1 34.862443 3.000000 0.664544 16.822086 7.942856 0.713867 14957.000000 2.000000 13697.000000 15419.000000 0.000000 1.000000 226.782561
1 4.569581 3.000000 0.855650 1.883788 0.899866 0.062031 644.000000 2.000000 961.000000 2114.000000 0.000000 1.000000 216.077923
1 6.211025 3.000000 0.654640 2.808304 1.352188 0.076066 1587.000000 2.000000 1491.000000 2940.000000 0.000000 1.000000 197.312813
1 9.249399 3.000000 1.488477 3.843570 1.880227 0.120736 1265.000000 2.000000 1269.000000 4285.000000 0.000000 1.000000 397.712414
1 7.272733 3.000000 0.857410 3.178420 1.577112 0.097579 906.000000 2.000000 1317.000000 3588.000000 0.000000 1.000000 284.170420
1 10.021017 3.000000 0.492128 4.688141 2.271161 0.216198 4905.000000 2.000000 2925.000000 2941.000000 0.000000 1.000000 192.686820
1 8.388482 3.000000 0.654992 3.872061 1.857092 0.144110 2959.000000 2.000000 2363.000000 3131.000000 0.000000 1.000000 201.385699
1 10.155449 3.000000 0.879285 4.574874 2.183333 0.291264 3618.000000 2.000000 2010.000000 4065.000000 0.000000 1.000000 215.473016
1 30.788881 3.000000 1.364741 14.723248 6.994033 0.487270 7164.000000 2.000000 5632.000000 15598.000000 0.000000 1.000000 277.071474
1 11.157948 3.000000 1.306978 5.044842 2.366973 0.112575 1726.000000 2.000000 2259.000000 5148.000000 0.000000 1.000000 251.838846
1 21.486085 3.000000 0.851805 10.148446 4.922984 0.209930 3474.000000 2.000000 6379.000000 10113.000000 0.000000 1.000000 177.186099
1 15.052526 3.000000 0.668667 7.259152 3.388220 0.228906 4186.000000 2.000000 3949.000000 6403.000000 0.000000 1.000000 210.440296
1 28.812602 3.000000 0.682016 13.714467 6.502602 0.545082 12448.000000 2.000000 9496.000000 12437.000000 0.000000 1.000000 201.937545
1 36.728594 3.000000 0.672623 17.575262 8.454764 0.654906 13636.000000 2.000000 12419.000000 13664.000000 0.000000 1.000000 218.252127
1 57.350850 3.000000 0.842657 26.967709 13.507789 0.709885 12785.000000 2.000000 15577.000000 23817.000000 0.000000 1.000000 207.318206
1 19.131534 3.000000 0.852616 8.927701 4.307984 0.215858 3089.000000 2.000000 5538.000000 9512.000000 0.000000 1.000000 195.126736
1 36.671099 3.000000 0.859714 17.708160 8.372208 0.745629 11421.000000 2.000000 10120.000000 19062.000000 0.000000 1.000000 271.375847
1 7.324538 3.000000 1.511354 2.897872 1.398372 0.135242 1795.000000 2.000000 1215.000000 2667.000000 0.000000 1.000000 209.608203
1 11.822532 3.000000 0.830716 5.316937 2.647311 0.280721 3891.000000 2.000000 2895.000000 4492.000000 0.000000 1.000000 262.555323
1 15.627592 3.000000 0.841526 7.275985 3.658702 0.152109 2168.000000 2.000000 3220.000000 6745.000000 0.000000 1.000000 236.153125
1 20.013590 3.000000 0.872228 9.515166 4.600794 0.281103 4037.000000 2.000000 4969.000000 8595.000000 0.000000 1.000000 226.914229
1 25.722449 3.000000 0.672395 12.550929 5.858532 0.592216 11692.000000 2.000000 7955.000000 11747.000000 0.000000 1.000000 286.174356
1 5.342487 3.000000 0.658449 2.339512 1.139107 0.069439 1164.000000 2.000000 1217.000000 1946.000000 0.000000 1.000000 263.191170
1 25.024478 3.000000 0.670215 11.852645 5.704743 0.619976 11506.000000 2.000000 7787.000000 11351.000000 0.000000 1.000000 223.020078
0 75.561315 3.000000 0.499937 34.254031 16.297497 1.573004 33468.000000 2.000000 20025.000000 32501.000000 0.000000 1.000000 -1.000000
1 38.295616 3.000000 0.781003 17.983330 8.543234 1.010232 16898.000000 2.000000 8935.000000 15062.000000 0.000000 1.000000 292.162153
1 25.757403 3.000000 1.092255 11.966739 5.916110 0.461524 7071.000000 2.000000 5966.000000 7677.000000 0.000000 1.000000 197.120832
1 18.856261 3.000000 0.696044 8.999869 4.355389 0.224279 4397.000000 2.000000 4222.000000 6399.000000 0.000000 1.000000 232.314275
1 12.317793 3.000000 0.711479 5.702145 2.778394 0.349996 7040.000000 2.000000 3032.000000 5402.000000 0.000000 1.000000 229.942808
1 13.755143 3.000000 0.477549 6.628011 3.159108 0.288507 6623.000000 2.000000 4295.000000 6355.000000 0.000000 1.000000 202.448497
1 17.156380 3.000000 0.659400 8.246139 3.969933 0.172510 3474.000000 2.000000 4256.000000 8564.000000 0.000000 1.000000 275.496014
1 10.907278 3.000000 0.482839 5.146623 2.455558 0.317278 7165.000000 2.000000 4269.000000 4736.000000 0.000000 1.000000 208.346867
