1 2.508518 3.000000 1.686675 0.056302 0.283800 0.340144 244.000000 10.000000 34.000000 255.000000 0.000000 0.000000 146.096003
1 2.803993 3.000000 2.128442 0.045842 0.210265 0.307175 252.000000 10.000000 60.000000 196.000000 0.000000 0.000000 142.012296
1 10.215551 3.000000 0.715603 0.955428 4.954363 0.816881 1916.000000 10.000000 571.000000 4984.000000 0.000000 0.000000 228.651777
1 1.870683 3.000000 1.260647 0.046411 0.226383 0.223189 227.000000 10.000000 31.000000 225.000000 0.000000 0.000000 119.321002
1 3.409725 3.000000 0.728911 0.250165 1.323091 0.423403 473.000000 10.000000 272.000000 1254.000000 0.000000 0.000000 108.000286
1 3.014732 3.000000 0.721469 0.229875 1.147718 0.320726 726.000000 10.000000 241.000000 1181.000000 0.000000 0.000000 182.648263
1 8.602781 3.000000 0.727522 0.800308 4.069175 0.694084 1350.000000 10.000000 439.000000 4310.000000 0.000000 0.000000 200.604026
1 2.570755 3.000000 0.518691 0.208374 1.080692 0.219711 660.000000 10.000000 261.000000 1277.000000 0.000000 0.000000 137.364886
1 4.305900 3.000000 2.808948 0.117949 0.588714 0.496475 248.000000 10.000000 28.000000 246.000000 0.000000 0.000000 129.714612
1 2.673931 3.000000 0.978771 0.122371 0.624914 0.588676 899.000000 10.000000 110.000000 524.000000 0.000000 0.000000 132.436619
1 2.853137 3.000000 0.750364 0.207343 1.038038 0.335543 360.000000 10.000000 87.000000 994.000000 0.000000 0.000000 162.221189
1 1.658494 3.000000 0.969965 0.054261 0.275940 0.209551 182.000000 10.000000 42.000000 337.000000 0.000000 0.000000 101.846235
1 1.675945 3.000000 0.949804 0.045217 0.268835 0.284731 224.000000 10.000000 67.000000 322.000000 0.000000 0.000000 91.792894
1 1.868459 3.000000 1.060541 0.036681 0.218735 0.452651 247.000000 10.000000 1.000000 230.000000 0.000000 0.000000 133.610028
1 5.543180 3.000000 0.770400 0.508116 2.478659 0.511519 809.000000 10.000000 396.000000 2047.000000 0.000000 0.000000 110.149103
1 3.240673 3.000000 1.060568 0.166997 0.887062 0.645015 567.000000 10.000000 98.000000 596.000000 0.000000 0.000000 203.707646
1 2.720980 3.000000 0.926050 0.151829 0.754918 0.474043 765.000000 10.000000 224.000000 784.000000 0.000000 0.000000 143.439324
1 4.972514 3.000000 1.087131 0.301099 1.593950 1.122373 826.000000 10.000000 123.000000 1310.000000 0.000000 0.000000 148.873614
1 1.138859 3.000000 0.849665 0.024869 0.125511 0.081109 85.000000 10.000000 10.000000 129.000000 0.000000 0.000000 90.756037
1 2.779845 3.000000 0.719260 0.202012 0.958415 0.395708 939.000000 10.000000 129.000000 1000.000000 0.000000 0.000000 191.539606
1 2.184970 3.000000 1.119561 0.077827 0.414976 0.369747 283.000000 10.000000 47.000000 450.000000 0.000000 0.000000 135.870031
1 3.754929 3.000000 0.737549 0.310373 1.569039 0.333175 658.000000 10.000000 391.000000 1556.000000 0.000000 0.000000 146.729463
1 2.513269 3.000000 1.935674 0.035524 0.184161 0.267450 162.000000 10.000000 52.000000 135.000000 0.000000 0.000000 114.785132
1 2.974722 3.000000 0.719494 0.210143 1.067217 0.436087 900.000000 10.000000 159.000000 1254.000000 0.000000 0.000000 120.866841
1 1.704122 3.000000 0.915681 0.051038 0.248037 0.353068 246.000000 10.000000 46.000000 252.000000 0.000000 0.000000 106.585111
1 1.212967 3.000000 0.933215 0.017116 0.088568 0.127926 131.000000 10.000000 11.000000 85.000000 0.000000 0.000000 92.294641
1 1.516081 3.000000 0.942555 0.041921 0.214588 0.200767 167.000000 10.000000 46.000000 203.000000 0.000000 0.000000 98.711714
1 1.350543 3.000000 0.698839 0.053669 0.272568 0.197582 199.000000 10.000000 5.000000 326.000000 0.000000 0.000000 131.909069
1 1.755375 3.000000 0.902108 0.056954 0.285329 0.356639 263.000000 10.000000 47.000000 263.000000 0.000000 0.000000 114.171099
1 2.903200 3.000000 0.741509 0.204304 0.952116 0.477380 1145.000000 10.000000 166.000000 730.000000 0.000000 0.000000 101.693364
1 1.097766 3.000000 0.730962 0.036206 0.178757 0.066078 118.000000 10.000000 30.000000 143.000000 0.000000 0.000000 97.688972
1 3.253698 3.000000 2.249941 0.069166 0.333749 0.427693 636.000000 10.000000 99.000000 360.000000 0.000000 0.000000 121.330399
1 2.349415 3.000000 0.740725 0.157766 0.790574 0.287514 616.000000 10.000000 184.000000 902.000000 0.000000 0.000000 103.141745
1 1.893979 3.000000 0.918883 0.072225 0.393121 0.319192 260.000000 10.000000 56.000000 431.000000 0.000000 0.000000 125.583012
1 2.418574 3.000000 0.718305 0.142581 0.834612 0.366725 1141.000000 10.000000 207.000000 953.000000 0.000000 0.000000 179.203273
1 2.309082 3.000000 0.941044 0.105417 0.548933 0.449161 403.000000 10.000000 37.000000 637.000000 0.000000 0.000000 144.553029
1 1.891412 3.000000 1.484604 0.030442 0.143760 0.151889 151.000000 10.000000 51.000000 164.000000 0.000000 0.000000 97.265752
1 2.533195 3.000000 1.089099 0.093533 0.515524 0.583354 634.000000 10.000000 38.000000 500.000000 0.000000 0.000000 112.159317
1 1.628582 3.000000 0.706650 0.087832 0.494313 0.116006 196.000000 10.000000 114.000000 458.000000 0.000000 0.000000 105.524039
1 2.764844 3.000000 0.972825 0.152616 0.752424 0.491226 420.000000 10.000000 50.000000 714.000000 0.000000 0.000000 142.094029
1 1.698638 3.000000 0.926197 0.057571 0.282072 0.283019 262.000000 10.000000 61.000000 276.000000 0.000000 0.000000 123.826993
1 1.343632 3.000000 0.926591 0.028747 0.150968 0.163804 140.000000 10.000000 9.000000 202.000000 0.000000 0.000000 93.387907
1 1.455346 3.000000 0.932268 0.031907 0.188448 0.219477 164.000000 10.000000 14.000000 198.000000 0.000000 0.000000 112.148115
1 2.129147 3.000000 0.927065 0.084498 0.455441 0.447043 394.000000 10.000000 77.000000 541.000000 0.000000 0.000000 151.051070
1 2.844105 3.000000 0.546901 0.234078 1.208284 0.322730 1375.000000 10.000000 164.000000 1262.000000 0.000000 0.000000 115.961554
1 2.613378 3.000000 1.479476 0.087820 0.451024 0.368135 619.000000 10.000000 111.000000 448.000000 0.000000 0.000000 108.799998
1 2.449436 3.000000 1.488944 0.069559 0.351367 0.353213 405.000000 10.000000 85.000000 334.000000 0.000000 0.000000 111.563509
1 2.585022 3.000000 0.513049 0.226983 1.146097 0.142944 244.000000 10.000000 280.000000 1484.000000 0.000000 0.000000 137.834756
1 2.221856 3.000000 1.249452 0.088995 0.412111 0.259023 610.000000 10.000000 79.000000 327.000000 0.000000 0.000000 116.607593
1 1.309348 3.000000 0.745254 0.057317 0.279126 0.088400 169.000000 10.000000 93.000000 230.000000 0.000000 0.000000 91.358521
1 1.466998 3.000000 0.920945 0.035151 0.214132 0.202949 177.000000 10.000000 20.000000 299.000000 0.000000 0.000000 96.409566
1 3.456446 3.000000 0.916557 0.211085 1.005667 0.785961 635.000000 10.000000 209.000000 870.000000 0.000000 0.000000 95.783670
1 1.428071 3.000000 0.724644 0.068929 0.344453 0.128781 195.000000 10.000000 24.000000 300.000000 0.000000 0.000000 125.136588
1 1.748956 3.000000 0.934889 0.069907 0.348609 0.215024 243.000000 10.000000 80.000000 319.000000 0.000000 0.000000 105.412592
1 2.124927 3.000000 0.707421 0.143812 0.698010 0.235829 393.000000 10.000000 46.000000 743.000000 0.000000 0.000000 145.887314
1 7.042235 3.000000 0.723890 0.652177 3.026131 1.023335 1840.000000 10.000000 354.000000 2036.000000 0.000000 0.000000 133.981212
1 2.586513 3.000000 0.769687 0.172852 0.934108 0.274530 365.000000 10.000000 33.000000 921.000000 0.000000 0.000000 173.591977
1 1.005704 3.000000 0.717602 0.023458 0.134484 0.072698 106.000000 10.000000 1.000000 105.000000 0.000000 0.000000 105.360280
1 1.677450 3.000000 1.260920 0.023645 0.125595 0.207508 181.000000 10.000000 14.000000 125.000000 0.000000 0.000000 100.071481
1 3.092376 3.000000 0.509444 0.275438 1.424702 0.226913 952.000000 10.000000 252.000000 1638.000000 0.000000 0.000000 192.696019
