1 5.281479 3.000000 0.913080 1.942364 0.935944 0.604232 981.000000 10.000000 310.000000 1327.000000 0.000000 1.000000 331.724641
1 2.385079 3.000000 0.743742 0.780559 0.368693 0.160395 270.000000 10.000000 102.000000 587.000000 0.000000 1.000000 251.981094
1 4.840645 3.000000 0.751068 1.974886 0.933342 0.329676 448.000000 10.000000 115.000000 1547.000000 0.000000 1.000000 352.663552
1 1.870940 3.000000 0.896214 0.376205 0.180393 0.259313 221.000000 10.000000 56.000000 236.000000 0.000000 1.000000 279.489412
1 1.931448 3.000000 0.517816 0.740523 0.310334 0.050755 95.000000 10.000000 351.000000 3360.000000 0.000000 1.000000 210.891514
1 3.749944 3.000000 0.747569 1.468560 0.680874 0.213562 267.000000 10.000000 63.000000 908.000000 0.000000 1.000000 250.016462
1 5.704865 3.000000 1.299301 1.933766 0.919124 0.689077 775.000000 10.000000 294.000000 1386.000000 0.000000 1.000000 350.561520
1 9.144146 3.000000 2.136652 2.900495 1.358084 1.376051 1055.000000 10.000000 167.000000 1560.000000 0.000000 1.000000 289.149195
1 4.435307 3.000000 2.296769 0.949507 0.438333 0.309485 338.000000 10.000000 95.000000 779.000000 0.000000 1.000000 315.834785
1 3.770192 3.000000 0.727568 1.468312 0.683657 0.231349 790.000000 10.000000 271.000000 1032.000000 0.000000 1.000000 242.324741
1 7.296897 3.000000 0.720797 3.142949 1.435498 0.469498 946.000000 10.000000 308.000000 2477.000000 0.000000 1.000000 276.473393
1 5.091004 3.000000 2.207971 1.198662 0.552475 0.582926 705.000000 10.000000 117.000000 858.000000 0.000000 1.000000 224.702051
1 3.494087 3.000000 0.947447 1.060504 0.509788 0.471312 355.000000 10.000000 27.000000 854.000000 0.000000 1.000000 393.079315
1 3.111612 3.000000 1.658296 0.565772 0.269088 0.348509 392.000000 10.000000 115.000000 431.000000 0.000000 1.000000 309.516810
1 1.645547 3.000000 0.785361 0.387441 0.181329 0.117197 167.000000 10.000000 30.000000 285.000000 0.000000 1.000000 261.548384
1 7.199238 3.000000 1.401084 2.608041 1.205292 0.710233 1456.000000 10.000000 552.000000 1695.000000 0.000000 1.000000 175.190256
1 7.138935 3.000000 1.300604 2.183420 1.044358 1.498116 1035.000000 10.000000 94.000000 1331.000000 0.000000 1.000000 387.620918
1 5.727344 3.000000 1.704340 1.785683 0.830814 0.522531 696.000000 10.000000 292.000000 1108.000000 0.000000 1.000000 228.199588
1 2.790036 3.000000 0.783885 0.917888 0.424700 0.257842 455.000000 10.000000 116.000000 1004.000000 0.000000 1.000000 334.432745
1 3.949035 3.000000 0.994914 1.207352 0.563591 0.629913 417.000000 10.000000 63.000000 705.000000 0.000000 1.000000 343.276621
1 3.024594 3.000000 0.788150 1.049831 0.502876 0.205223 303.000000 10.000000 95.000000 739.000000 0.000000 1.000000 327.983446
1 11.526847 3.000000 0.797130 5.208468 2.411875 0.758477 1255.000000 10.000000 405.000000 3421.000000 0.000000 1.000000 271.947011
1 2.204463 3.000000 1.307627 0.345360 0.168384 0.227933 193.000000 10.000000 40.000000 207.000000 0.000000 1.000000 209.868572
1 2.420851 3.000000 0.971754 0.566648 0.271552 0.368317 331.000000 10.000000 38.000000 494.000000 0.000000 1.000000 256.435060
1 3.100026 3.000000 1.484227 0.689488 0.325288 0.307718 283.000000 10.000000 62.000000 661.000000 0.000000 1.000000 313.504561
1 1.569941 3.000000 0.718944 0.402683 0.185687 0.095630 180.000000 10.000000 12.000000 190.000000 0.000000 1.000000 204.677069
1 2.725640 3.000000 0.730382 0.956957 0.445294 0.187868 581.000000 10.000000 117.000000 747.000000 0.000000 1.000000 247.839182
1 7.877857 3.000000 1.717197 2.790338 1.312496 0.799421 1046.000000 10.000000 413.000000 1636.000000 0.000000 1.000000 324.099751
1 4.126251 3.000000 0.540219 1.767080 0.834326 0.218205 873.000000 10.000000 246.000000 1303.000000 0.000000 1.000000 227.632024
1 2.325432 3.000000 1.554025 0.280658 0.133383 0.235251 185.000000 10.000000 9.000000 216.000000 0.000000 1.000000 305.059342
1 3.306358 3.000000 0.917498 0.906009 0.435813 0.633955 420.000000 10.000000 46.000000 591.000000 0.000000 1.000000 262.989884
1 2.912967 3.000000 0.921157 0.809439 0.385279 0.450368 432.000000 10.000000 52.000000 652.000000 0.000000 1.000000 251.648611
1 1.355705 3.000000 0.751305 0.284537 0.136493 0.062238 88.000000 10.000000 20.000000 260.000000 0.000000 1.000000 171.685341
1 3.000721 3.000000 1.652386 0.502464 0.244147 0.376327 298.000000 10.000000 59.000000 392.000000 0.000000 1.000000 257.098547
1 3.534240 3.000000 1.371855 0.838512 0.407691 0.536782 373.000000 10.000000 18.000000 469.000000 0.000000 1.000000 459.547608
1 4.973483 3.000000 0.743185 2.101884 0.969395 0.256195 572.000000 10.000000 285.000000 1450.000000 0.000000 1.000000 291.738545
1 4.238876 3.000000 0.936937 1.425919 0.654596 0.602609 599.000000 10.000000 90.000000 930.000000 0.000000 1.000000 321.065870
1 8.766430 3.000000 0.721153 3.898395 1.846685 0.587053 974.000000 10.000000 253.000000 3046.000000 0.000000 1.000000 401.340068
1 4.551565 3.000000 1.267524 1.340065 0.646498 0.697125 714.000000 10.000000 94.000000 1042.000000 0.000000 1.000000 370.166401
1 6.772167 3.000000 0.898564 2.660606 1.246189 0.692989 1190.000000 10.000000 345.000000 1506.000000 0.000000 1.000000 272.406585
1 2.924726 3.000000 1.011793 0.946797 0.444235 0.114554 241.000000 10.000000 154.000000 534.000000 0.000000 1.000000 256.458658
1 4.514581 3.000000 0.866123 1.712512 0.782757 0.390376 503.000000 10.000000 100.000000 1155.000000 0.000000 1.000000 240.365678
1 3.601515 3.000000 0.742541 1.330869 0.609703 0.323686 503.000000 10.000000 94.000000 1118.000000 0.000000 1.000000 234.169370
1 10.809677 3.000000 0.841777 4.835051 2.191030 0.727769 1454.000000 10.000000 359.000000 2641.000000 0.000000 1.000000 230.980429
1 1.935911 3.000000 0.932363 0.390923 0.186480 0.244890 235.000000 10.000000 54.000000 272.000000 0.000000 1.000000 282.479128
1 4.621797 3.000000 0.725364 1.861838 0.874972 0.291939 634.000000 10.000000 213.000000 1359.000000 0.000000 1.000000 279.868397
1 1.799607 3.000000 0.872856 0.451266 0.212901 0.066113 96.000000 10.000000 49.000000 332.000000 0.000000 1.000000 182.796491
1 4.106304 3.000000 2.418675 0.690426 0.319329 0.355115 277.000000 10.000000 44.000000 601.000000 0.000000 1.000000 207.983478
1 2.516229 3.000000 0.942006 0.655056 0.306394 0.315796 445.000000 10.000000 138.000000 584.000000 0.000000 1.000000 187.016087
1 2.580523 3.000000 1.198405 0.585268 0.273420 0.264273 288.000000 10.000000 96.000000 320.000000 0.000000 1.000000 270.748978
1 2.425394 3.000000 1.144594 0.482019 0.235174 0.343973 340.000000 10.000000 69.000000 252.000000 0.000000 1.000000 211.505546
1 3.078461 3.000000 1.087441 0.857509 0.398742 0.331750 302.000000 10.000000 173.000000 586.000000 0.000000 1.000000 322.012587
1 2.747900 3.000000 0.759262 0.862151 0.416390 0.318409 283.000000 10.000000 33.000000 640.000000 0.000000 1.000000 378.933644
1 3.686579 3.000000 1.164318 1.132621 0.523289 0.341780 241.000000 10.000000 81.000000 759.000000 0.000000 1.000000 221.588538
1 2.304834 3.000000 1.156195 0.438061 0.214787 0.302009 235.000000 10.000000 45.000000 390.000000 0.000000 1.000000 293.854343
1 1.841061 3.000000 0.904066 0.347046 0.169802 0.267505 223.000000 10.000000 29.000000 262.000000 0.000000 1.000000 279.960364
1 5.382239 3.000000 1.619524 1.609046 0.774645 0.645399 761.000000 10.000000 195.000000 1360.000000 0.000000 1.000000 242.709268
1 2.799744 3.000000 0.888644 0.807085 0.381054 0.366202 367.000000 10.000000 132.000000 454.000000 0.000000 1.000000 345.872437
1 1.644314 3.000000 0.885159 0.275511 0.131919 0.232038 165.000000 10.000000 23.000000 240.000000 0.000000 1.000000 193.516192
1 5.595858 3.000000 1.498999 1.719144 0.805604 0.816325 609.000000 10.000000 71.000000 1134.000000 0.000000 1.000000 393.966376
