1 2.895355 3.000000 1.609955 0.121158 0.662379 0.173805 537.000000 5.000000 174.000000 706.000000 0.000000 0.000000 126.381896
1 2.498279 3.000000 0.691884 0.186592 1.011695 0.124747 765.000000 5.000000 254.000000 1255.000000 0.000000 0.000000 187.105400
1 2.719989 3.000000 1.039532 0.160013 0.825640 0.272096 1304.000000 5.000000 126.000000 750.000000 0.000000 0.000000 195.124167
1 2.661134 3.000000 2.120180 0.043587 0.282307 0.092946 317.000000 5.000000 75.000000 291.000000 0.000000 0.000000 112.373977
1 6.526336 3.000000 0.486632 0.659229 3.552411 0.183301 1629.000000 5.000000 585.000000 3859.000000 0.000000 0.000000 134.274400
1 1.569301 3.000000 0.694960 0.081944 0.485436 0.088281 503.000000 5.000000 148.000000 774.000000 0.000000 0.000000 119.028041
1 1.399504 3.000000 0.874745 0.048121 0.279813 0.071793 270.000000 5.000000 56.000000 319.000000 0.000000 0.000000 112.257080
1 1.675574 3.000000 1.219706 0.039828 0.257772 0.049744 183.000000 5.000000 82.000000 293.000000 0.000000 0.000000 106.396087
1 1.549260 3.000000 0.883318 0.051531 0.353047 0.109824 367.000000 5.000000 90.000000 555.000000 0.000000 0.000000 115.192661
1 2.093876 3.000000 1.649859 0.039049 0.207473 0.092148 268.000000 5.000000 25.000000 236.000000 0.000000 0.000000 107.107270
1 1.676462 3.000000 0.712095 0.105442 0.549901 0.042598 187.000000 5.000000 114.000000 646.000000 0.000000 0.000000 111.989658
1 7.815562 3.000000 0.509842 0.870187 4.141147 0.171112 1374.000000 5.000000 1010.000000 3946.000000 0.000000 0.000000 119.295170
1 1.519647 3.000000 0.884732 0.052893 0.308968 0.129566 489.000000 5.000000 48.000000 364.000000 0.000000 0.000000 100.538287
1 1.557221 3.000000 0.888859 0.066989 0.347090 0.079666 313.000000 5.000000 76.000000 490.000000 0.000000 0.000000 145.919613
1 2.072040 3.000000 0.708848 0.141962 0.785250 0.075046 380.000000 5.000000 110.000000 916.000000 0.000000 0.000000 106.377827
1 2.451599 3.000000 0.736117 0.176157 0.927199 0.174918 1159.000000 5.000000 161.000000 1013.000000 0.000000 0.000000 150.984527
1 5.754941 3.000000 0.708169 0.490143 2.835133 0.394219 2395.000000 5.000000 294.000000 3004.000000 0.000000 0.000000 173.780458
1 1.401004 3.000000 0.953235 0.036113 0.190079 0.123435 435.000000 5.000000 23.000000 184.000000 0.000000 0.000000 120.201308
1 2.466764 3.000000 0.737846 0.157296 0.938244 0.226883 1336.000000 5.000000 214.000000 1072.000000 0.000000 0.000000 146.199550
1 2.226916 3.000000 0.960598 0.105520 0.616691 0.259834 1084.000000 5.000000 70.000000 737.000000 0.000000 0.000000 134.108300
0 75.748736 3.000000 0.734417 3.159610 10.107201 0.219432 1364.000000 5.000000 86.000000 641356.000000 0.000000 0.000000 -1.000000
1 1.353643 3.000000 0.953373 0.032674 0.196905 0.082717 236.000000 5.000000 15.000000 195.000000 0.000000 0.000000 102.017190
1 6.565508 3.000000 0.507597 0.616919 3.597288 0.252827 2279.000000 5.000000 582.000000 3968.000000 0.000000 0.000000 110.299098
1 2.875925 3.000000 0.497445 0.252203 1.402101 0.085137 709.000000 5.000000 167.000000 1487.000000 0.000000 0.000000 92.774118
1 2.007341 3.000000 1.481811 0.046709 0.282537 0.062960 275.000000 5.000000 23.000000 329.000000 0.000000 0.000000 139.035640
1 3.459268 3.000000 1.238099 0.234272 1.167939 0.203094 739.000000 5.000000 279.000000 1169.000000 0.000000 0.000000 134.603800
1 2.646816 3.000000 1.450640 0.113852 0.612522 0.154252 565.000000 5.000000 77.000000 780.000000 0.000000 0.000000 149.851460
1 1.483567 3.000000 0.697486 0.081541 0.437558 0.060172 370.000000 5.000000 95.000000 573.000000 0.000000 0.000000 138.298769
1 2.047239 3.000000 0.715665 0.132704 0.720784 0.128781 999.000000 5.000000 123.000000 983.000000 0.000000 0.000000 157.223994
1 2.500948 3.000000 1.278488 0.099342 0.628750 0.188851 550.000000 5.000000 51.000000 678.000000 0.000000 0.000000 148.636718
1 3.138438 3.000000 0.944633 0.155009 1.032856 0.518882 1806.000000 5.000000 184.000000 1298.000000 0.000000 0.000000 122.528766
1 2.981342 3.000000 0.742633 0.222906 1.284892 0.112716 592.000000 5.000000 101.000000 1563.000000 0.000000 0.000000 125.498644
1 1.399479 3.000000 0.775766 0.068809 0.345301 0.038364 151.000000 5.000000 61.000000 373.000000 0.000000 0.000000 92.933067
1 1.812362 3.000000 0.968800 0.071535 0.426881 0.127028 467.000000 5.000000 73.000000 460.000000 0.000000 0.000000 111.323340
1 2.173461 3.000000 1.641279 0.044238 0.271937 0.089232 297.000000 5.000000 15.000000 313.000000 0.000000 0.000000 104.456528
1 3.944448 3.000000 0.746822 0.329134 1.790839 0.197555 1285.000000 5.000000 180.000000 2277.000000 0.000000 0.000000 188.393828
1 1.841462 3.000000 0.725225 0.095328 0.608486 0.153644 948.000000 5.000000 22.000000 808.000000 0.000000 0.000000 113.340612
1 5.097970 3.000000 0.908097 0.379762 2.150252 0.512125 2717.000000 5.000000 176.000000 2225.000000 0.000000 0.000000 174.736134
1 2.720816 3.000000 2.342220 0.032516 0.187118 0.070654 223.000000 5.000000 36.000000 185.000000 0.000000 0.000000 92.403793
1 1.806409 3.000000 0.722904 0.111935 0.626506 0.054768 262.000000 5.000000 76.000000 636.000000 0.000000 0.000000 92.594435
1 2.195270 3.000000 0.906047 0.117311 0.662008 0.180659 661.000000 5.000000 100.000000 825.000000 0.000000 0.000000 126.250798
1 1.442791 3.000000 0.887354 0.044184 0.324856 0.061205 204.000000 5.000000 18.000000 378.000000 0.000000 0.000000 103.454850
1 1.390053 3.000000 0.876487 0.047310 0.274059 0.068381 255.000000 5.000000 42.000000 378.000000 0.000000 0.000000 118.731404
1 6.310138 3.000000 0.689761 0.620042 3.184712 0.281841 1955.000000 5.000000 641.000000 3057.000000 0.000000 0.000000 167.023855
1 5.994260 3.000000 3.708732 0.195138 1.063825 0.445989 1487.000000 5.000000 182.000000 1105.000000 0.000000 0.000000 166.146754
1 0.933061 3.000000 0.727895 0.019671 0.112636 0.021995 82.000000 5.000000 3.000000 144.000000 0.000000 0.000000 97.176841
1 6.754975 3.000000 0.710435 0.560844 3.035184 1.065540 5747.000000 5.000000 310.000000 3131.000000 0.000000 0.000000 206.316776
1 2.789329 3.000000 1.781287 0.088527 0.563328 0.129218 223.000000 5.000000 75.000000 258.000000 0.000000 0.000000 114.843329
1 1.299179 3.000000 0.822567 0.053440 0.260386 0.034106 142.000000 5.000000 69.000000 253.000000 0.000000 0.000000 94.312345
1 2.248817 3.000000 0.789662 0.165581 0.780580 0.116334 596.000000 5.000000 104.000000 801.000000 0.000000 0.000000 160.332876
1 2.946756 3.000000 2.076529 0.083888 0.418493 0.132644 411.000000 5.000000 18.000000 383.000000 0.000000 0.000000 109.863789
1 5.496804 3.000000 0.743774 0.542929 2.661166 0.246222 1472.000000 5.000000 540.000000 2386.000000 0.000000 0.000000 136.434923
1 1.390857 3.000000 0.743574 0.056376 0.335232 0.113376 536.000000 5.000000 39.000000 421.000000 0.000000 0.000000 119.415798
1 1.930968 3.000000 0.928412 0.087509 0.538049 0.120330 438.000000 5.000000 74.000000 615.000000 0.000000 0.000000 117.127289
1 2.171484 3.000000 0.938721 0.115407 0.632407 0.175096 555.000000 5.000000 111.000000 721.000000 0.000000 0.000000 150.043548
1 4.708698 3.000000 0.745360 0.365228 2.170176 0.427697 2589.000000 5.000000 264.000000 1921.000000 0.000000 0.000000 108.830128
1 1.713938 3.000000 0.953933 0.066973 0.419983 0.092956 346.000000 5.000000 62.000000 409.000000 0.000000 0.000000 113.290420
1 3.720172 3.000000 1.109270 0.251164 1.284705 0.378666 1767.000000 5.000000 209.000000 1329.000000 0.000000 0.000000 143.357691
1 1.974978 3.000000 1.712151 0.024016 0.136213 0.038973 128.000000 5.000000 34.000000 154.000000 0.000000 0.000000 103.339001
1 1.433673 3.000000 0.733798 0.072907 0.382879 0.062762 385.000000 5.000000 47.000000 371.000000 0.000000 0.000000 103.503321
