Grid2 -30 -15 30 15 128 128
SceneView
eye 0.000000 -39.386477 108.401657
center 0.000000 0.000000 0.000000
right 1.000000 -0.000000 0.000000
forward 0.000000 0.342020 -0.939693
GroundFile none
ObstaclesFile none
Obstacles 30
8
22.075128 2.583065 19.544094 6.327579 21.895985 10.534524 20.515875 14.925611 19.561885 14.625773 20.812693 10.646084 18.370660 6.277899 21.246638 2.023063
0
6
22.335782 -3.836054 18.770833 -9.247805 22.374677 -15.016693 23.222789 -14.486875 19.958871 -9.262127 23.170874 -4.386164
0
8
-19.746907 1.864482 -18.334417 5.542177 -20.827050 10.328592 -19.259757 14.407604 -20.193223 14.766272 -21.922188 10.266494 -19.429515 5.480003 -20.680423 2.223016
0
6
-21.874267 -4.567888 -19.809119 -9.483968 -21.846451 -14.667543 -20.915757 -15.033339 -18.729729 -9.471442 -20.952311 -4.180592
0
44
21.345400 2.673900 19.370829 2.031902 17.432505 1.623837 15.508070 1.503217 13.581888 1.686325 11.639272 2.148272 9.672844 2.822730 7.681040 3.607554 5.663851 4.379853 3.621469 5.015536 1.557006 5.408805 -0.519364 5.491170 -2.591558 5.247849 -4.645738 4.722036 -6.675625 4.003230 -8.680115 3.208764 -10.659213 2.464620 -12.613283 1.885634 -14.546250 1.557388 -16.469435 1.525614 -18.399172 1.794580 -20.368195 2.332667 -20.631805 1.368037 -18.600828 0.813020 -16.530565 0.524467 -14.453750 0.558780 -12.386717 0.909792 -10.340787 1.515996 -8.319885 2.275858 -6.324375 3.066765 -4.354262 3.764404 -2.408442 4.262481 -0.480636 4.488847 1.442994 4.412541 3.378531 4.043832 5.336149 3.434531 7.318960 2.675395 9.327156 1.884112 11.360728 1.186624 13.418112 0.697386 15.491930 0.500243 17.567495 0.630336 19.629171 1.064369 21.654600 1.722903
0
46
22.328966 -2.951754 20.348323 -3.672764 18.399172 -4.205420 16.469435 -4.474386 14.546250 -4.442612 12.613283 -4.114366 10.659213 -3.535380 8.680115 -2.791236 6.675625 -1.996770 4.645738 -1.277964 2.591558 -0.752151 0.519364 -0.508830 -1.557006 -0.591195 -3.621469 -0.984464 -5.663851 -1.620147 -7.681040 -2.392446 -9.672844 -3.177270 -11.639272 -3.851728 -13.581888 -4.313675 -15.508070 -4.496783 -17.432505 -4.376163 -19.370829 -3.968098 -21.345400 -3.326100 -21.654600 -4.277097 -19.629171 -4.935631 -17.567495 -5.369664 -15.491930 -5.499757 -13.418112 -5.302614 -11.360728 -4.813376 -9.327156 -4.115888 -7.318960 -3.324605 -5.336149 -2.565469 -3.378531 -1.956168 -1.442994 -1.587459 0.480636 -1.511153 2.408442 -1.737519 4.354262 -2.235596 6.324375 -2.933235 8.319885 -3.724142 10.340787 -4.484004 12.386717 -5.090208 14.453750 -5.441220 16.530565 -5.475533 18.600828 -5.186980 20.651677 -4.626532 22.671034 -3.891429
0
7
18.466880 12.439129 18.063283 13.277206 17.156410 13.484194 16.429154 12.904226 16.429154 11.974031 17.156410 11.394063 18.063283 11.601051
0
8
16.064272 8.046811 15.017223 9.287703 13.205763 8.407035 13.534944 6.817141 14.518066 7.020691 14.347260 7.845658 14.753664 8.043237 15.296958 7.399362
0
6
-3.552072 11.432217 -4.167881 12.498828 -5.399497 12.498828 -6.015305 11.432217 -5.399497 10.365606 -4.167881 10.365606
0
8
4.241893 12.999364 3.920131 13.776167 3.143329 14.097929 2.366526 13.776167 2.044764 12.999364 2.366526 12.222562 3.143329 11.900800 3.920131 12.222562
0
8
10.050843 11.348812 12.080558 12.232386 11.735838 14.951284 9.549839 15.300360 9.328091 13.911721 10.473337 13.728839 10.552929 13.101078 9.489560 12.638173
0
12
-11.088745 10.041479 -11.787334 8.435707 -10.609580 6.650304 -8.470747 6.662759 -7.313865 8.461756 -8.031107 10.059284 -9.336097 9.473383 -8.936461 8.583264 -9.254499 8.088702 -9.842487 8.085278 -10.166263 8.576103 -9.777020 9.470816
0
16
-13.302140 13.669824 -13.688900 14.497618 -14.692775 14.961258 -15.758958 14.668032 -16.384559 13.756248 -16.274499 12.655968 -15.480690 11.886166 -14.569175 11.823178 -14.496741 12.871382 -15.025006 12.907886 -15.267250 13.142804 -15.300836 13.478571 -15.109924 13.756816 -14.784562 13.846299 -14.478214 13.704812 -14.254068 13.225067
0
7
-13.670363 5.307962 -14.174706 6.355243 -15.307957 6.613900 -16.216753 5.889159 -16.216753 4.726765 -15.307957 4.002024 -14.174706 4.260681
0
7
1.418118 10.536399 0.922837 11.564862 -0.190051 11.818871 -1.082518 11.107153 -1.082518 9.965645 -0.190051 9.253926 0.922837 9.507935
0
8
11.881551 7.133808 11.439068 8.202055 10.370821 8.644538 9.302574 8.202055 8.860091 7.133808 9.302574 6.065561 10.370821 5.623079 11.439068 6.065561
0
3
-8.357799 13.410550 -9.895897 14.298572 -9.895897 12.522529
0
3
8.202872 10.737924 6.299087 11.837075 6.299087 9.638773
0
8
-6.402561 -10.430557 -6.841281 -9.371393 -7.900445 -8.932672 -8.959609 -9.371393 -9.398329 -10.430557 -8.959609 -11.489721 -7.900445 -11.928441 -6.841281 -11.489721
0
12
-12.995800 -10.295954 -12.830999 -9.255717 -13.449274 -8.142398 -14.622322 -7.646714 -15.851594 -7.979334 -16.482663 -8.822545 -15.459746 -9.588109 -15.092638 -9.097593 -14.713848 -8.995099 -14.352382 -9.147839 -14.161866 -9.490900 -14.257735 -10.096031
0
6
-0.349720 -10.770098 -2.420188 -11.342534 -2.004036 -13.449983 -0.848827 -13.221867 -1.053315 -12.186317 -0.035936 -11.905035
0
12
16.749260 -13.442692 17.267195 -12.779249 17.283156 -11.762075 16.682614 -10.940949 15.708428 -10.647933 14.919232 -10.940477 15.283271 -11.922547 15.743116 -11.752089 16.044570 -11.842761 16.230402 -12.096851 16.225463 -12.411607 15.923676 -12.798179
0
8
0.521889 -6.706005 0.068728 -5.611977 -1.025300 -5.158816 -2.119328 -5.611977 -2.572489 -6.706005 -2.119328 -7.800033 -1.025300 -8.253194 0.068728 -7.800033
0
8
5.100540 -12.871337 4.784962 -12.109463 4.023088 -11.793885 3.261215 -12.109463 2.945636 -12.871337 3.261215 -13.633211 4.023088 -13.948789 4.784962 -13.633211
0
12
11.281513 -9.143521 11.141196 -7.951716 10.052384 -6.989008 8.599025 -6.997131 7.521042 -7.971949 7.394056 -9.165249 8.713398 -9.305647 8.786767 -8.616191 9.113121 -8.321070 9.553119 -8.318611 9.882751 -8.610066 9.963822 -9.298658
0
8
-14.536567 -13.836806 -13.479609 -15.205389 -11.373254 -15.191752 -10.334105 -13.809598 -11.551651 -12.894207 -12.137471 -13.673395 -12.735116 -13.677265 -13.330976 -12.905726
0
6
7.446879 -13.538309 9.804494 -14.630142 10.264729 -12.073067 9.118266 -11.866721 8.925234 -12.939210 7.936402 -12.481273
0
6
5.987883 -8.073745 3.635996 -7.563819 2.985125 -9.880662 4.243192 -10.234091 4.561348 -9.101580 5.710988 -9.350840
0
7
-15.889295 -12.297212 -16.266800 -11.513316 -17.115045 -11.319709 -17.795285 -11.862182 -17.795285 -12.732242 -17.115045 -13.274715 -16.266800 -13.081108
0
3
-2.355096 -9.544380 -4.018602 -8.583955 -4.018602 -10.504806
0
