Robots 10

25.067825 23.840037 1.9
18.329400 35.047649 2.5
17.303704 20.079847 1.9
37.042808 33.625115 2.5

32.660731 -13.748667 -2.5
30.749550 -28.876384 2.5
9.425986 -33.765883 0.5
31.108754 -39.142945 2.5

-33.210728 -10.273601 -1
-26.863702 -22.666455 2.5
-12.788769 -32.876398 3
-38.233120 -28.868802 2.5

-25.846731 6.526052 1.3
-28.788420 39.567761 2.5
-28.023137 21.888840 1
-2.195591 25.765699 2.5

18.331000 -3.808377 -1.5
4.003235 -26.925186 2.5
-2.066475 -18.792212 0.2
5.938004 -1.871937 2.5

-4.002746 -18.658153 0
19.248751 -6.524130 2.5


-12.788769 -32.876398 0
-38.233120 -28.868802 2.5
-12.788769 -32.876398 0
-38.233120 -28.868802 2.5
-12.788769 -32.876398 0
-38.233120 -28.868802 2.5
-12.788769 -32.876398 0
-38.233120 -28.868802 2.5
-12.788769 -32.876398 0
-38.233120 -28.868802 2.5
-12.788769 -32.876398 0
-38.233120 -28.868802 2.5
-12.788769 -32.876398 0
-38.233120 -28.868802 2.5
-12.788769 -32.876398 0
-38.233120 -28.868802 2.5
-12.788769 -32.876398 0
-38.233120 -28.868802 2.5
-12.788769 -32.876398 0
-38.233120 -28.868802 2.5
-12.788769 -32.876398 0
-38.233120 -28.868802 2.5
