Grid2 -30 -15 30 15 128 128
SceneView
eye 0.000000 -51.159329 105.039005
center 0.000000 0.000000 0.000000
right 1.000000 -0.000000 0.000000
forward 0.000000 0.438371 -0.898794
GroundFile none
ObstaclesFile none
Obstacles 11
10
10.498372 -14.959683 10.365074 -13.311941 9.958947 -11.667783 9.293816 -10.110287 8.408636 -8.714121 7.564074 -9.249579 8.405937 -10.577423 9.007526 -11.986124 9.374853 -13.473208 9.501628 -15.040317
0
10
3.474635 -5.106046 -1.372451 -4.575203 -6.031014 -6.386820 -9.326699 -10.144828 -10.485671 -14.881157 -9.514329 -15.118843 -8.413518 -10.620200 -5.440515 -7.230139 -1.238073 -5.595899 3.365768 -6.100102
0
16
17.495306 -14.931648 16.850486 -10.259008 14.936634 -5.872413 11.906246 -2.168119 7.985848 0.576973 3.468496 2.157663 -1.308131 2.455792 -5.919517 1.463588 -5.709167 0.485961 -1.232692 1.449137 3.268472 1.168202 7.525314 -0.321332 11.219627 -2.908118 14.075256 -6.398790 15.878739 -10.532416 16.504694 -15.068352
0
10
-10.816700 -1.247192 -13.602568 -3.984857 -15.731803 -7.327087 -17.054628 -11.062629 -17.496786 -14.943398 -16.503214 -15.056602 -16.073954 -11.289035 -14.827194 -7.768294 -12.820394 -4.618249 -10.115790 -1.960442
0
10
24.497592 -14.950991 24.031612 -10.219815 22.637284 -5.623330 20.373017 -1.387185 17.357068 2.287759 16.584058 1.653366 19.537524 -1.945444 21.708934 -6.007865 23.046081 -10.415849 23.502408 -15.049009
0
16
12.935566 5.803368 8.208043 8.087288 3.046788 9.312793 -2.257269 9.398761 -7.455528 8.341164 -12.304348 6.189569 -16.576465 3.044822 -20.035774 -0.904727 -19.283524 -1.563604 -15.895958 2.304035 -11.799223 5.319681 -7.149459 7.382947 -2.164602 8.397128 2.921710 8.314689 7.871081 7.139494 12.500559 4.902941
0
10
-22.724457 -5.844596 -23.491636 -8.041460 -24.050432 -10.325070 -24.387781 -12.651724 -24.499424 -14.976011 -23.500576 -15.023989 -23.391237 -12.747680 -23.067673 -10.516099 -22.531711 -8.325803 -21.780368 -6.174287
0
4
-30.247203 14.601966 -17.182315 2.929324 -16.682623 3.488616 -29.747511 15.161258
0
4
8.480349 7.718872 15.293192 14.524243 14.763152 15.054863 7.950309 8.249492
0
4
17.968900 1.872939 29.854573 2.479351 29.816357 3.228377 17.930684 2.621965
0
4
-23.403060 -5.556202 -29.901977 -6.105579 -29.838803 -6.852913 -23.339886 -6.303536
0
