Scene1General 1.000000 0.487824 0.006859 0.482814 0.006928 128.743317 29.689290 0.000000 0.000000 0.000988 0.000313 0.001719 0.000575 
Scene1General 2.000000 0.496778 0.009490 0.484255 0.008204 133.273208 17.448571 0.000000 0.000000 0.002251 0.000567 0.004009 0.001021 
Scene1General 4.000000 0.515516 0.010043 0.488389 0.007395 137.881602 14.264078 0.000000 0.000000 0.005130 0.001264 0.008821 0.002088 
Scene1General 6.000000 0.543916 0.016278 0.496127 0.009982 134.848260 8.671671 0.000000 0.000000 0.009219 0.002415 0.015675 0.003694 
Scene1General 8.000000 0.589972 0.036365 0.503719 0.006393 139.002104 8.404025 0.000000 0.000000 0.017124 0.007315 0.029296 0.011756 
Scene1General 10.000000 0.617888 0.038137 0.508773 0.008359 139.636874 4.897367 0.000000 0.000000 0.021490 0.007773 0.037095 0.013390 
Scene2General 1.000000 1.339953 0.032251 1.332292 0.032726 52.123192 5.531476 0.000000 0.000000 0.001208 0.000620 0.002885 0.001305 
Scene2General 2.000000 3.794538 3.898962 1.325471 0.055851 71.121229 14.889047 0.000000 0.000000 0.258664 0.411130 0.668339 1.014143 
Scene2General 4.000000 35.195409 39.163316 1.637360 0.237701 69.373731 15.853413 -1.000000 0.000000 2.051113 2.311642 5.015473 5.555594 
Scene2General 6.000000 57.223304 38.635795 1.886848 0.167601 71.847329 11.771003 -1.000000 0.000000 2.304295 1.868290 5.560910 4.436160 
Scene2General 8.000000 63.268044 37.227875 1.633413 0.266727 69.224356 10.112794 -1.000000 0.000000 2.282631 1.699790 5.676738 4.072554 
Scene2General 10.000000 71.267970 31.642015 1.457767 0.116157 64.147615 7.197083 -1.000000 0.000000 2.293821 1.336743 5.813946 3.293229 
Scene3General 1.000000 0.390797 0.008603 0.384472 0.006915 63.948104 15.579653 -1.000000 0.000000 0.000989 0.000537 0.002165 0.001236 
Scene3General 2.000000 0.413867 0.026979 0.398141 0.022424 56.784774 10.434026 -1.000000 0.000000 0.002190 0.001283 0.004822 0.002880 
Scene3General 4.000000 19.431704 36.909360 0.414584 0.046830 70.660977 28.125745 -1.000000 0.000000 1.404695 2.715404 3.291142 6.363318 
Scene3General 6.000000 38.801530 43.938298 0.401127 0.027885 88.214328 29.230933 -0.791667 0.410414 2.747868 3.085334 6.223355 6.970885 
Scene3General 8.000000 65.055091 40.408483 0.391289 0.012092 106.809364 28.408251 -1.000000 0.000000 4.630665 2.868581 10.740966 6.654248 
Scene3General 10.000000 72.985965 34.460346 0.392167 0.010251 117.266829 26.302703 -1.000000 0.000000 4.685573 2.138089 11.306681 5.140267 
Scene1Special, 3.000000 100.000000 0.000000 0.068659 0.000000 1000.000000 0.000000 -1.000000 0.000000 1.468763 0.000000 3.498925 0.000000 
Scene2Special, 3.000000 100.000000 0.000000 0.134185 0.000000 1000.000000 0.000000 -1.000000 0.000000 1.563765 0.000000 3.316629 0.000000 
Scene3Special, 3.000000 100.000000 0.000000 0.048419 0.000000 1000.000000 0.000000 -1.000000 0.000000 2.645148 0.000000 5.176051 0.000000 
