Scene1General 1.000000 0.486181 0.008461 0.471531 0.006602 128.995453 29.621636 0.008797 0.001848 0.002036 0.000621 0.001792 0.000532 
Scene1General 2.000000 0.530064 0.017514 0.472611 0.009874 136.088497 21.902156 0.037923 0.007195 0.006389 0.001903 0.005918 0.001634 
Scene1General 4.000000 0.737612 0.066631 0.480378 0.008077 151.377613 15.289094 0.197020 0.042532 0.021604 0.007210 0.021535 0.007052 
Scene1General 6.000000 1.282885 0.304345 0.483711 0.008044 156.788526 13.848060 0.612761 0.196516 0.062119 0.035268 0.063960 0.034170 
Scene1General 8.000000 1.848789 0.383959 0.489407 0.008152 151.246114 10.087630 1.122306 0.295988 0.086915 0.036983 0.093039 0.037775 
Scene1General 10.000000 3.844976 1.194856 0.496080 0.009514 154.203415 8.040952 2.753880 0.922059 0.207687 0.085378 0.213826 0.079826 
Scene2General 1.000000 1.391826 0.065940 1.381362 0.060998 47.848447 3.495467 0.002619 0.000352 0.000908 0.000229 0.001175 0.000318 
Scene2General 2.000000 1.505689 0.138126 1.379873 0.095396 75.762945 16.864297 0.030785 0.013504 0.027171 0.020135 0.036626 0.026432 
Scene2General 4.000000 2.014611 0.396837 1.258313 0.034256 78.846226 18.048697 0.239020 0.110718 0.162072 0.090756 0.225478 0.127974 
Scene2General 6.000000 3.636154 1.288645 1.267192 0.019199 72.418306 14.853987 0.712944 0.321618 0.549285 0.313964 0.727878 0.423896 
Scene2General 8.000000 6.162589 2.666260 1.314595 0.049930 69.090191 12.050178 1.602740 0.664420 1.054233 0.639728 1.367277 0.828818 
Scene2General 10.000000 10.148392 4.818295 1.396362 0.108254 60.178487 5.691562 3.271945 1.511771 1.835571 1.159256 2.213118 1.348956 
Scene3General 1.000000 0.391183 0.024593 0.386042 0.021818 31.032556 2.767885 0.002434 0.000428 0.000533 0.000174 0.000657 0.000244 
Scene3General 2.000000 0.424912 0.019058 0.378120 0.006866 71.008749 11.109465 0.025854 0.006833 0.006772 0.003455 0.008444 0.004242 
Scene3General 4.000000 0.730864 0.184377 0.386226 0.011598 79.839415 13.995981 0.183259 0.076908 0.050810 0.029323 0.065605 0.039665 
Scene3General 6.000000 1.429696 0.388677 0.390879 0.017522 89.143798 11.749946 0.632875 0.225541 0.132226 0.055345 0.168960 0.073797 
Scene3General 8.000000 2.361458 0.818496 0.426912 0.028373 79.915681 10.722268 1.129110 0.414288 0.238754 0.121161 0.326122 0.172486 
Scene3General 10.000000 5.452189 1.868471 0.428381 0.032010 87.647481 8.526190 2.910803 0.882295 0.557233 0.241805 0.768636 0.433162 
Scene1Special, 3.000000 2.011556 1.099109 0.070376 0.005587 120.155804 36.922515 0.298489 0.168609 0.541436 0.317916 0.715624 0.403796 
Scene2Special, 3.000000 3.375996 1.607649 0.125969 0.033905 115.558048 25.677570 0.551242 0.225635 0.881701 0.453643 1.164926 0.599520 
Scene3Special, 3.000000 1.795514 0.988068 0.055377 0.024803 163.257541 19.669237 1.066784 0.665230 0.201878 0.114698 0.245239 0.139164 
