Scene1General 1.000000 0.183223 0.171937 0.000000 0.000000 188.453166 50.653277 0.000000 0.000000 0.016205 0.008793 0.041136 0.023631 
Scene1General 2.000000 0.429583 0.399010 0.000000 0.000000 192.187670 36.444998 0.000000 0.000000 0.034774 0.015088 0.088544 0.040800 
Scene1General 4.000000 5.650229 18.081448 0.000000 0.000000 199.828776 38.099799 0.000000 0.000000 0.132295 0.168021 0.304245 0.296505 
Scene1General 6.000000 20.285364 35.273356 0.000000 0.000000 203.642473 30.222412 0.000000 0.000000 0.305864 0.295232 0.655260 0.512435 
Scene1General 8.000000 37.320614 40.671002 0.000000 0.000000 214.869192 33.189330 0.000000 0.000000 0.527957 0.338301 1.138705 0.589049 
Scene1General 10.000000 53.779733 39.539697 0.000000 0.000000 236.188379 33.327869 0.000000 0.000000 0.704735 0.312257 1.505173 0.549083 
Scene2General 1.000000 1.022260 1.170368 0.000000 0.000000 45.661670 6.864861 -1.000000 0.000000 0.082556 0.061261 0.219926 0.163120 
Scene2General 2.000000 76.439680 28.949642 0.000000 0.000000 60.648022 3.930440 -1.000000 0.000000 1.088403 0.378433 2.991392 1.019025 
Scene2General 4.000000 100.000000 0.000000 0.000000 0.000000 1000.000000 0.000000 -1.000000 0.000000 1.073299 0.000000 2.886692 0.000000 
Scene2General 6.000000 100.000000 0.000000 0.000000 0.000000 1000.000000 0.000000 -1.000000 0.000000 1.924237 0.000000 5.801577 0.000000 
Scene2General 8.000000 100.000000 0.000000 0.000000 0.000000 1000.000000 0.000000 -1.000000 0.000000 2.392739 0.000000 7.959560 0.000000 
Scene2General 10.000000 100.000000 0.000000 0.000000 0.000000 1000.000000 0.000000 -1.000000 0.000000 2.348358 0.000000 6.645024 0.000000 
Scene3General 1.000000 0.390343 0.530957 0.000000 0.000000 35.241071 3.725140 -1.000000 0.000000 0.031886 0.027571 0.088088 0.078416 
Scene3General 2.000000 39.458482 39.245536 0.000000 0.000000 97.751938 49.977006 -1.000000 0.000000 0.533189 0.328511 1.428696 0.825512 
Scene3General 4.000000 100.000000 0.000000 0.000000 0.000000 1000.000000 0.000000 -1.000000 0.000000 0.779060 0.000000 2.003195 0.000000 
Scene3General 6.000000 100.000000 0.000000 0.000000 0.000000 1000.000000 0.000000 -1.000000 0.000000 1.495283 0.000000 4.717977 0.000000 
Scene3General 8.000000 100.000000 0.000000 0.000000 0.000000 1000.000000 0.000000 -1.000000 0.000000 0.835373 0.000000 2.341715 0.000000 
Scene3General 10.000000 100.000000 0.000000 0.000000 0.000000 1000.000000 0.000000 -1.000000 0.000000 0.978171 0.000000 2.827287 0.000000 
Scene1Special, 3.000000 100.000000 0.000000 0.000000 0.000000 1000.000000 0.000000 -1.000000 0.000000 1.730657 0.000000 4.062424 0.000000 
Scene2Special, 3.000000 100.000000 0.000000 0.000000 0.000000 1000.000000 0.000000 -1.000000 0.000000 1.679257 0.000000 3.597109 0.000000 
Scene3Special, 3.000000 100.000000 0.000000 0.000000 0.000000 1000.000000 0.000000 -1.000000 0.000000 1.878950 0.000000 3.739271 0.000000 
