Scene1General 1.000000 0.497131 0.008508 0.485196 0.007638 130.246729 24.996195 0.004811 0.000980 0.002298 0.000865 0.002029 0.000793 
Scene1General 2.000000 0.534968 0.016131 0.489749 0.010656 142.872161 23.806059 0.023111 0.004579 0.007820 0.002643 0.007283 0.002533 
Scene1General 4.000000 0.657550 0.039642 0.489202 0.008148 148.368452 14.088263 0.102640 0.018045 0.023897 0.008446 0.023859 0.007945 
Scene1General 6.000000 0.940256 0.165117 0.491115 0.005991 155.347509 14.043704 0.285465 0.079210 0.057727 0.027883 0.058855 0.029411 
Scene1General 8.000000 1.470052 0.405587 0.493548 0.005410 159.244642 9.076863 0.650081 0.225346 0.116541 0.058889 0.120973 0.059699 
Scene1General 10.000000 3.054782 2.348561 0.502435 0.006934 157.435615 9.762581 1.473977 0.807765 0.320901 0.363541 0.313963 0.310418 
Scene2General 1.000000 1.256644 0.021814 1.242244 0.010930 49.834254 7.212870 0.001298 0.000227 0.002583 0.004260 0.003094 0.004767 
Scene2General 2.000000 1.357693 0.090771 1.246193 0.016829 83.578634 18.477885 0.015480 0.008835 0.029810 0.027177 0.039882 0.034334 
Scene2General 4.000000 2.327278 0.594694 1.254731 0.036239 101.121269 23.503543 0.212841 0.099664 0.279934 0.167004 0.372782 0.221072 
Scene2General 6.000000 3.470476 0.873086 1.254682 0.010743 85.563072 19.548884 0.483329 0.181064 0.571864 0.235160 0.747275 0.299558 
Scene2General 8.000000 4.695463 1.762760 1.248623 0.008563 66.957471 9.907218 0.722563 0.248430 0.908034 0.489664 1.181617 0.656072 
Scene2General 10.000000 7.724149 2.535061 1.262238 0.026639 73.695242 11.045608 1.682215 0.590880 1.495020 0.587753 2.053111 0.818870 
Scene3General 1.000000 0.381518 0.021816 0.369370 0.011278 33.861138 3.950212 0.001144 0.000170 0.002555 0.004730 0.003489 0.006793 
Scene3General 2.000000 0.418140 0.037858 0.366192 0.009796 77.201859 19.807322 0.012654 0.003987 0.012092 0.011451 0.015598 0.014584 
Scene3General 4.000000 0.612497 0.141310 0.367200 0.010746 78.531239 13.472489 0.075535 0.027286 0.054263 0.036457 0.071472 0.045732 
Scene3General 6.000000 1.110022 0.429622 0.374000 0.011522 89.026582 13.629549 0.241261 0.094834 0.161402 0.114317 0.203767 0.136608 
Scene3General 8.000000 2.569317 1.199823 0.377320 0.009015 92.814889 17.626002 0.694623 0.326002 0.461236 0.273166 0.617052 0.367081 
Scene3General 10.000000 5.433749 2.724798 0.380091 0.009718 104.687190 16.064238 1.825908 0.839439 0.979362 0.552184 1.369343 0.789262 
Scene1Special, 3.000000 1.300211 0.627896 0.059391 0.003038 122.831429 25.204427 0.089159 0.044700 0.375119 0.191988 0.516480 0.256174 
Scene2Special, 3.000000 2.801636 1.415923 0.092454 0.003158 122.564090 28.226414 0.183697 0.071582 0.838890 0.437089 1.099751 0.563784 
Scene3Special, 3.000000 0.913209 0.325313 0.062249 0.024848 136.864188 17.320267 0.258262 0.106132 0.202682 0.094618 0.230618 0.111213 
