Scene1General 1.000000 0.183270 0.132895 0.000000 0.000000 208.234407 51.043377 0.000000 0.000000 0.017464 0.007367 0.043746 0.019979 
Scene1General 2.000000 49.758896 37.898777 0.000000 0.000000 313.275325 94.031232 0.000000 0.000000 0.809229 0.434382 1.424517 0.735991 
Scene1General 4.000000 100.000000 0.000000 0.000000 0.000000 1000.000000 0.000000 0.000000 0.000000 1.772027 0.110029 2.953035 0.218715 
Scene1General 6.000000 100.000000 0.000000 0.000000 0.000000 1000.000000 0.000000 0.000000 0.000000 4.961561 0.987723 7.025517 1.167957 
Scene1General 8.000000 100.000000 0.000000 0.000000 0.000000 1000.000000 0.000000 0.000000 0.000000 4.475335 0.848453 7.614781 0.970912 
Scene1General 10.000000 100.000000 0.000000 0.000000 0.000000 1000.000000 0.000000 0.000000 0.000000 4.475335 0.848453 7.614781 0.970912 
Scene2General 1.000000 0.839170 0.839176 0.000000 0.000000 44.463591 6.379946 -1.000000 0.000000 0.059386 0.046656 0.170632 0.135196 
Scene2General 2.000000 100.000000 0.000000 0.000000 0.000000 1000.000000 0.000000 -1.000000 0.000000 1.414014 0.135950 3.660817 0.504072 
Scene2General 4.000000 100.000000 0.000000 0.000000 0.000000 1000.000000 0.000000 -1.000000 0.000000 7.676150 1.029553 12.250489 2.573660 
Scene2General 6.000000 100.000000 0.000000 0.000000 0.000000 1000.000000 0.000000 -1.000000 0.000000 16.986439 0.000000 18.909587 0.000000 
Scene2General 8.000000 100.000000 0.000000 0.000000 0.000000 1000.000000 0.000000 -1.000000 0.000000 16.200537 0.000000 16.495717 0.000000 
Scene2General 10.000000 100.000000 0.000000 0.000000 0.000000 1000.000000 0.000000 -1.000000 0.000000 19.254802 0.000000 11.512945 0.000000 
Scene3General 1.000000 0.326755 0.393840 0.000000 0.000000 47.526671 16.007972 -1.000000 0.000000 0.029006 0.024932 0.081281 0.071018 
Scene3General 2.000000 71.419843 24.966975 0.000000 0.000000 216.426805 95.724663 -1.000000 0.000000 0.968985 0.201498 2.249764 0.465937 
Scene3General 4.000000 100.000000 0.000000 0.000000 0.000000 1000.000000 0.000000 -1.000000 0.000000 3.667107 0.628152 6.968942 0.986829 
Scene3General 6.000000 100.000000 0.000000 0.000000 0.000000 1000.000000 0.000000 -1.000000 0.000000 4.521870 0.000000 8.493751 0.000000 
Scene3General 8.000000 100.000000 0.000000 0.000000 0.000000 1000.000000 0.000000 -1.000000 0.000000 4.863644 0.000000 7.601089 0.000000 
Scene3General 10.000000 100.000000 0.000000 0.000000 0.000000 1000.000000 0.000000 -1.000000 0.000000 4.900437 0.000000 6.718199 0.000000 
Scene1Special 3.000000 100.000000 0.000000 0.000000 0.000000 1000.000000 0.000000 -1.000000 0.000000 1.699643 0.000000 3.456528 0.000000 
Scene2Special 3.000000 100.000000 0.000000 0.000000 0.000000 1000.000000 0.000000 -1.000000 0.000000 0.816570 0.000000 1.254246 0.000000 
Scene3Special 3.000000 100.000000 0.000000 0.000000 0.000000 1000.000000 0.000000 -1.000000 0.000000 2.184103 0.000000 3.985394 0.000000 
