Scene1General 1.000000 0.501037 0.009457 0.492247 0.008227 125.479545 32.515950 0.002391 0.000631 0.002134 0.000768 0.001871 0.000764 
Scene1General 2.000000 0.517529 0.013229 0.487355 0.008994 145.133139 24.475065 0.010880 0.001988 0.006750 0.001917 0.006199 0.001642 
Scene1General 4.000000 0.616145 0.062726 0.492101 0.010265 147.107832 15.084952 0.050905 0.014577 0.026728 0.016355 0.024605 0.013445 
Scene1General 6.000000 0.881048 0.232333 0.496910 0.008878 152.411634 10.188666 0.154502 0.055639 0.084553 0.069211 0.084191 0.065225 
Scene1General 8.000000 1.550307 0.630209 0.517834 0.013694 155.590130 9.364318 0.425500 0.188223 0.219735 0.154477 0.223207 0.153755 
Scene1General 10.000000 2.709565 1.419222 0.515900 0.014733 152.411497 8.800413 0.857177 0.317962 0.458624 0.349613 0.469837 0.333250 
Scene2General 1.000000 1.260460 0.015837 1.256268 0.014796 48.638494 3.334061 0.000658 0.000084 0.000835 0.000198 0.001108 0.000288 
Scene2General 2.000000 1.428016 0.086184 1.262063 0.015104 83.534994 19.733649 0.007777 0.002564 0.052351 0.029047 0.070657 0.036787 
Scene2General 4.000000 2.475897 0.874068 1.262834 0.018231 77.628779 15.868825 0.066260 0.029748 0.377569 0.265522 0.516948 0.376812 
Scene2General 6.000000 4.235838 1.354578 1.267188 0.015026 72.145094 14.112051 0.216377 0.071052 0.940042 0.432022 1.189941 0.552869 
Scene2General 8.000000 8.000020 3.554948 1.280732 0.016698 64.906875 7.709450 0.550825 0.216068 2.055419 1.107753 2.591954 1.333521 
Scene2General 10.000000 12.471219 5.393976 1.297898 0.048804 64.819260 8.050556 1.156590 0.386898 3.273968 1.639634 4.004176 1.883496 
Scene3General 1.000000 0.414069 0.043232 0.410593 0.041980 31.468617 2.978780 0.000596 0.000114 0.000570 0.000190 0.000721 0.000266 
Scene3General 2.000000 0.444703 0.039575 0.376800 0.007367 66.051119 8.297248 0.005863 0.001443 0.018932 0.012446 0.025983 0.017539 
Scene3General 4.000000 22.343355 30.091341 0.498825 0.078508 94.581622 46.415910 0.694422 0.737300 4.727184 5.880781 6.382990 7.688476 
Scene3General 6.000000 64.993166 37.962500 0.489139 0.067653 9175.210631 68.509813 3.266029 1.854198 12.571416 7.266622 19.148858 11.125046 
Scene3General 8.000000 80.308150 22.724890 0.465142 0.051958 9177.700179 48.189642 4.835556 1.484641 15.017342 4.501142 26.714939 7.671551 
Scene3General 10.000000 90.000000 0.000000 0.380928 0.007621 9131.505573 0.000000 6.874104 0.841392 18.386702 0.974383 35.266507 2.006239 
Scene1Special, 3.000000 100.000000 0.000000 0.066347 0.000000 1000.000000 0.000000 1.094163 0.000000 10.151579 0.000000 18.439798 0.000000 
Scene2Special, 3.000000 5.940260 2.272478 0.126520 0.025580 97.680706 20.195215 0.123262 0.035665 1.800307 0.709041 2.414402 0.920377 
Scene3Special, 3.000000 2.413415 1.084337 0.072451 0.031146 132.890604 19.429892 0.211098 0.127466 0.695929 0.363268 0.780771 0.420542 
