1 34.274869 3.000000 0.466135 3.753109 16.275512 1.140880 19416.000000 2.000000 12286.000000 21290.000000 0.000000 0.000000 68.102961
1 5.299538 3.000000 0.281473 0.559614 2.426017 0.313012 5519.000000 2.000000 3540.000000 4267.000000 0.000000 0.000000 55.019373
1 8.858629 3.000000 0.474852 0.948931 4.226084 0.190183 2915.000000 2.000000 3660.000000 6380.000000 0.000000 0.000000 73.929881
1 7.131181 3.000000 0.432556 0.781966 3.181656 0.293356 5469.000000 2.000000 3130.000000 5087.000000 0.000000 0.000000 64.663476
1 6.286465 3.000000 0.608192 0.689014 2.876309 0.153776 1303.000000 2.000000 2569.000000 3013.000000 0.000000 0.000000 71.442373
1 40.300469 3.000000 0.728439 4.194043 18.503894 1.478773 21997.000000 2.000000 18733.000000 25500.000000 0.000000 0.000000 60.486617
1 1.435339 3.000000 0.444414 0.117216 0.455456 0.089626 1495.000000 2.000000 229.000000 623.000000 0.000000 0.000000 75.229179
1 3.755137 3.000000 0.552798 0.362678 1.548233 0.225021 3545.000000 2.000000 1457.000000 2070.000000 0.000000 0.000000 70.568950
1 6.733694 3.000000 0.623420 0.697252 2.964997 0.228786 3218.000000 2.000000 1395.000000 3811.000000 0.000000 0.000000 64.832126
1 4.885284 3.000000 0.434744 0.492029 2.120963 0.357132 6203.000000 2.000000 1355.000000 2588.000000 0.000000 0.000000 70.231530
1 16.948595 3.000000 0.463215 1.788505 7.547140 0.994504 18123.000000 2.000000 7157.000000 9946.000000 0.000000 0.000000 72.224304
0 75.296131 3.000000 0.292347 9.344768 19.350400 0.258787 4388.000000 2.000000 930.000000 2069974.000000 0.000000 0.000000 -1.000000
1 8.160392 3.000000 0.418380 0.911397 3.799454 0.454142 5567.000000 2.000000 2337.000000 3384.000000 0.000000 0.000000 67.274570
1 2.355209 3.000000 0.537071 0.204895 0.910228 0.076824 1138.000000 2.000000 701.000000 1304.000000 0.000000 0.000000 61.035127
1 6.183737 3.000000 0.525313 0.684119 2.813762 0.060054 992.000000 2.000000 3377.000000 5239.000000 0.000000 0.000000 73.243585
0 75.313549 3.000000 0.264925 2.302520 6.635046 0.521177 9753.000000 2.000000 4076.000000 219763.000000 0.000000 0.000000 -1.000000
1 4.700700 3.000000 0.570895 0.444455 1.935656 0.333195 4913.000000 2.000000 1766.000000 2854.000000 0.000000 0.000000 60.845710
1 10.706516 3.000000 0.427368 1.150416 4.817951 0.535055 9663.000000 2.000000 4519.000000 6632.000000 0.000000 0.000000 64.512478
1 1.648613 3.000000 0.424015 0.148542 0.629065 0.028291 400.000000 2.000000 518.000000 1077.000000 0.000000 0.000000 59.145287
1 7.617601 3.000000 0.571048 0.764017 3.353582 0.527948 6288.000000 2.000000 847.000000 3410.000000 0.000000 0.000000 63.094800
1 8.248959 3.000000 0.407692 0.962556 3.797288 0.100370 1738.000000 2.000000 2525.000000 6379.000000 0.000000 0.000000 76.900310
1 10.356051 3.000000 0.566347 1.036004 4.705088 0.557489 9570.000000 2.000000 3961.000000 6874.000000 0.000000 0.000000 79.163242
1 3.679488 3.000000 0.409074 0.323145 1.659410 0.263640 4634.000000 2.000000 1031.000000 3349.000000 0.000000 0.000000 57.295612
1 3.249721 3.000000 0.608713 0.310348 1.326827 0.058495 673.000000 2.000000 965.000000 1746.000000 0.000000 0.000000 70.587846
1 2.578528 3.000000 0.577374 0.221869 1.027914 0.094269 1445.000000 2.000000 788.000000 1525.000000 0.000000 0.000000 65.231216
1 7.052575 3.000000 0.401217 0.781791 3.271677 0.248576 4532.000000 2.000000 2620.000000 6465.000000 0.000000 0.000000 78.567633
1 15.868704 3.000000 0.433286 1.585279 6.946456 1.267175 23978.000000 2.000000 7435.000000 10687.000000 0.000000 0.000000 77.172499
1 4.238852 3.000000 0.409948 0.422355 1.889616 0.232543 4575.000000 2.000000 1846.000000 2493.000000 0.000000 0.000000 67.302757
1 9.798420 3.000000 0.441746 1.104798 4.783967 0.177098 2388.000000 2.000000 3690.000000 5781.000000 0.000000 0.000000 72.709698
1 3.176060 3.000000 0.517682 0.331300 1.307942 0.066308 1037.000000 2.000000 2206.000000 2099.000000 0.000000 0.000000 67.075625
1 3.302860 3.000000 0.541981 0.316472 1.353760 0.059747 760.000000 2.000000 1513.000000 2004.000000 0.000000 0.000000 74.500065
1 3.383443 3.000000 0.686113 0.281256 1.224121 0.266906 3100.000000 2.000000 1162.000000 1702.000000 0.000000 0.000000 67.231098
1 2.918087 3.000000 0.416689 0.281140 1.198634 0.193917 3541.000000 2.000000 682.000000 1711.000000 0.000000 0.000000 60.341617
1 2.634867 3.000000 0.593249 0.225513 1.073669 0.076130 1126.000000 2.000000 712.000000 1796.000000 0.000000 0.000000 69.945718
1 3.173789 3.000000 0.596267 0.292333 1.199755 0.183100 2889.000000 2.000000 992.000000 1589.000000 0.000000 0.000000 65.541201
1 8.744953 3.000000 0.291303 0.962990 4.377940 0.186582 2960.000000 2.000000 4378.000000 7742.000000 0.000000 0.000000 67.343023
1 1.466121 3.000000 0.565890 0.104533 0.431213 0.056438 899.000000 2.000000 263.000000 496.000000 0.000000 0.000000 67.081984
1 6.477241 3.000000 0.557550 0.672906 2.863234 0.246930 3672.000000 2.000000 2213.000000 4110.000000 0.000000 0.000000 60.264688
1 23.833815 3.000000 0.422278 2.509791 11.537387 1.105813 19036.000000 2.000000 8089.000000 21674.000000 0.000000 0.000000 71.173991
1 1.731131 3.000000 0.543188 0.128752 0.540424 0.110537 1937.000000 2.000000 419.000000 520.000000 0.000000 0.000000 64.893620
1 9.553199 3.000000 0.406994 1.074191 4.520500 0.259113 4642.000000 2.000000 5175.000000 6179.000000 0.000000 0.000000 80.295276
1 8.887574 3.000000 0.429479 0.936925 3.917701 0.510608 9298.000000 2.000000 4391.000000 5458.000000 0.000000 0.000000 56.681583
1 11.185648 3.000000 0.589226 1.168104 5.067056 0.517249 8969.000000 2.000000 4285.000000 7398.000000 0.000000 0.000000 84.345347
1 7.226422 3.000000 0.738203 0.657454 2.914831 0.451190 4285.000000 2.000000 2607.000000 3789.000000 0.000000 0.000000 70.384773
1 4.889941 3.000000 0.750114 0.435972 1.990500 0.259915 2833.000000 2.000000 1296.000000 2598.000000 0.000000 0.000000 70.501808
1 1.991990 3.000000 0.406410 0.188392 0.792563 0.076777 1377.000000 2.000000 1001.000000 1263.000000 0.000000 0.000000 60.731797
1 2.586831 3.000000 0.417574 0.265562 0.982132 0.175741 3107.000000 2.000000 1323.000000 1133.000000 0.000000 0.000000 73.977854
1 9.330998 3.000000 0.571472 0.952051 4.279641 0.369665 5605.000000 2.000000 3352.000000 6945.000000 0.000000 0.000000 71.525282
1 2.661711 3.000000 0.440271 0.261446 1.021204 0.203348 3851.000000 2.000000 839.000000 1201.000000 0.000000 0.000000 61.192450
1 1.424282 3.000000 0.570101 0.104604 0.423652 0.031735 329.000000 2.000000 336.000000 476.000000 0.000000 0.000000 71.747573
1 1.883806 3.000000 0.579991 0.141051 0.624853 0.111714 1616.000000 2.000000 340.000000 928.000000 0.000000 0.000000 56.205107
1 18.710811 3.000000 0.439207 1.940215 8.318204 1.235951 20662.000000 2.000000 7291.000000 12932.000000 0.000000 0.000000 63.774051
1 2.219317 3.000000 0.446630 0.212931 0.798152 0.124399 2316.000000 2.000000 789.000000 1418.000000 0.000000 0.000000 56.825224
1 4.615665 3.000000 0.431871 0.491624 2.135506 0.141903 2364.000000 2.000000 832.000000 2436.000000 0.000000 0.000000 65.821239
1 2.605023 3.000000 0.575736 0.238818 0.976297 0.067452 1072.000000 2.000000 815.000000 1073.000000 0.000000 0.000000 60.947300
1 8.006854 3.000000 0.609707 0.819191 3.327323 0.629793 9844.000000 2.000000 2499.000000 3920.000000 0.000000 0.000000 61.891711
1 7.364843 3.000000 0.569896 0.759095 3.334900 0.288942 4280.000000 2.000000 2638.000000 4204.000000 0.000000 0.000000 61.558434
1 5.159833 3.000000 0.578470 0.466740 2.133396 0.526244 7005.000000 2.000000 1706.000000 1872.000000 0.000000 0.000000 76.728051
1 20.411257 3.000000 0.423211 2.068446 8.856814 1.320462 25489.000000 2.000000 7192.000000 16673.000000 0.000000 0.000000 74.215052
1 17.077298 3.000000 0.428835 1.856000 8.562877 0.190478 3224.000000 2.000000 7443.000000 17255.000000 0.000000 0.000000 69.663306
