1 1.367328 3.000000 0.543158 0.433657 0.165705 0.049599 105.000000 10.000000 7.000000 388.000000 0.000000 1.000000 142.304899
1 3.695938 3.000000 0.392226 1.783354 0.678451 0.131776 291.000000 10.000000 88.000000 1444.000000 0.000000 1.000000 159.081735
1 2.871061 3.000000 0.384232 1.390380 0.496240 0.062668 160.000000 10.000000 71.000000 906.000000 0.000000 1.000000 184.073414
1 0.783663 3.000000 0.530394 0.121067 0.044118 0.040539 58.000000 10.000000 3.000000 43.000000 0.000000 1.000000 171.561395
1 0.908912 3.000000 0.544224 0.172651 0.063389 0.061326 72.000000 10.000000 0.000000 88.000000 0.000000 1.000000 217.080662
1 2.061809 3.000000 0.550289 0.743746 0.280078 0.191691 364.000000 10.000000 54.000000 452.000000 0.000000 1.000000 124.791582
1 1.539231 3.000000 0.550932 0.480953 0.175781 0.141217 197.000000 10.000000 30.000000 329.000000 0.000000 1.000000 260.429057
1 0.624429 3.000000 0.412124 0.111854 0.039858 0.019656 43.000000 10.000000 1.000000 74.000000 0.000000 1.000000 132.557202
1 1.177556 3.000000 0.682152 0.195503 0.075195 0.141396 125.000000 10.000000 8.000000 84.000000 0.000000 1.000000 254.634142
1 1.237291 3.000000 0.540205 0.349739 0.132443 0.070233 104.000000 10.000000 0.000000 230.000000 0.000000 1.000000 182.042309
1 1.049126 3.000000 0.551609 0.221484 0.084887 0.103126 111.000000 10.000000 0.000000 168.000000 0.000000 1.000000 178.721908
1 3.548779 3.000000 0.411618 1.693773 0.630692 0.127996 255.000000 10.000000 61.000000 1041.000000 0.000000 1.000000 144.146200
1 1.254480 3.000000 0.533901 0.379144 0.138031 0.055124 110.000000 10.000000 21.000000 288.000000 0.000000 1.000000 168.712382
1 1.386443 3.000000 0.536915 0.433467 0.157018 0.083898 156.000000 10.000000 23.000000 315.000000 0.000000 1.000000 129.137999
1 1.051212 3.000000 0.539626 0.251786 0.096899 0.060151 94.000000 10.000000 8.000000 165.000000 0.000000 1.000000 140.102566
1 3.517959 3.000000 0.407553 1.690895 0.622679 0.125903 261.000000 10.000000 26.000000 1100.000000 0.000000 1.000000 203.059531
1 9.779804 3.000000 0.527206 5.017439 1.778947 0.405231 710.000000 10.000000 177.000000 3977.000000 0.000000 1.000000 213.362308
1 0.633913 3.000000 0.428128 0.100637 0.037899 0.029827 52.000000 10.000000 0.000000 77.000000 0.000000 1.000000 152.386263
1 1.877833 3.000000 1.206134 0.292610 0.108569 0.150072 146.000000 10.000000 4.000000 183.000000 0.000000 1.000000 172.566208
1 1.088013 3.000000 0.682218 0.176870 0.066564 0.091794 92.000000 10.000000 0.000000 113.000000 0.000000 1.000000 134.127875
1 4.542661 3.000000 0.565519 2.144059 0.791256 0.155603 320.000000 10.000000 127.000000 1559.000000 0.000000 1.000000 256.233993
1 1.433128 3.000000 0.401508 0.544231 0.200275 0.068114 122.000000 10.000000 5.000000 386.000000 0.000000 1.000000 171.080851
1 2.886332 3.000000 0.541446 1.129740 0.438312 0.291425 333.000000 10.000000 76.000000 1091.000000 0.000000 1.000000 195.523923
1 3.292272 3.000000 0.387842 1.583514 0.582517 0.100871 230.000000 10.000000 73.000000 1061.000000 0.000000 1.000000 162.433287
1 0.989246 3.000000 0.519469 0.229847 0.085185 0.063359 91.000000 10.000000 20.000000 117.000000 0.000000 1.000000 153.770358
1 2.047169 3.000000 0.241091 0.984874 0.344675 0.100511 182.000000 10.000000 87.000000 906.000000 0.000000 1.000000 175.616049
1 12.368797 3.000000 0.535323 6.408256 2.328416 0.374171 768.000000 10.000000 176.000000 4902.000000 0.000000 1.000000 210.584343
1 1.157876 3.000000 0.671653 0.193057 0.069258 0.147378 110.000000 10.000000 0.000000 107.000000 0.000000 1.000000 163.206184
1 1.353782 3.000000 0.427891 0.472461 0.175463 0.086639 159.000000 10.000000 2.000000 304.000000 0.000000 1.000000 140.325502
1 1.129848 3.000000 0.724607 0.184916 0.069380 0.077036 98.000000 10.000000 6.000000 189.000000 0.000000 1.000000 118.850360
1 3.260263 3.000000 0.575805 1.432441 0.507935 0.159162 373.000000 10.000000 58.000000 1185.000000 0.000000 1.000000 165.202034
1 1.537123 3.000000 0.420004 0.599670 0.212888 0.071073 233.000000 10.000000 25.000000 492.000000 0.000000 1.000000 151.696836
1 2.832654 3.000000 0.429478 1.315623 0.480253 0.084625 165.000000 10.000000 5.000000 1025.000000 0.000000 1.000000 130.968408
1 0.881295 3.000000 0.532670 0.181358 0.066211 0.034614 58.000000 10.000000 5.000000 144.000000 0.000000 1.000000 130.500435
1 3.145373 3.000000 0.561910 1.349616 0.512607 0.161500 284.000000 10.000000 159.000000 843.000000 0.000000 1.000000 183.295384
1 3.052879 3.000000 0.423463 1.461072 0.519028 0.079759 203.000000 10.000000 86.000000 1266.000000 0.000000 1.000000 149.451738
1 1.874903 3.000000 0.419041 0.775901 0.280328 0.101952 184.000000 10.000000 32.000000 474.000000 0.000000 1.000000 140.753597
1 5.235934 3.000000 0.423992 2.635744 0.895787 0.253111 697.000000 10.000000 112.000000 2228.000000 0.000000 1.000000 299.390507
1 5.733982 3.000000 0.404116 2.901088 1.013912 0.251578 546.000000 10.000000 57.000000 1289.000000 0.000000 1.000000 149.956384
1 1.752826 3.000000 0.421547 0.718950 0.266436 0.070018 117.000000 10.000000 38.000000 537.000000 0.000000 1.000000 118.939073
1 3.701744 3.000000 0.403465 1.780923 0.661453 0.148640 349.000000 10.000000 28.000000 1117.000000 0.000000 1.000000 184.830171
1 0.704288 3.000000 0.414545 0.149710 0.052586 0.032573 51.000000 10.000000 1.000000 92.000000 0.000000 1.000000 126.010231
1 1.317228 3.000000 0.395476 0.497766 0.172007 0.059697 126.000000 10.000000 37.000000 394.000000 0.000000 1.000000 148.818607
1 3.113689 3.000000 0.389038 1.499262 0.517885 0.121078 242.000000 10.000000 34.000000 920.000000 0.000000 1.000000 173.912768
1 1.691743 3.000000 0.394675 0.678299 0.256018 0.094046 185.000000 10.000000 40.000000 545.000000 0.000000 1.000000 254.106204
1 1.118517 3.000000 0.460094 0.337259 0.127773 0.058676 91.000000 10.000000 37.000000 279.000000 0.000000 1.000000 101.085823
1 1.496166 3.000000 0.686790 0.361101 0.136470 0.160519 174.000000 10.000000 53.000000 262.000000 0.000000 1.000000 129.220936
1 1.207889 3.000000 0.538361 0.316783 0.115235 0.110960 123.000000 10.000000 7.000000 220.000000 0.000000 1.000000 160.204470
1 0.968027 3.000000 0.412271 0.283229 0.115054 0.043164 81.000000 10.000000 20.000000 246.000000 0.000000 1.000000 154.508517
1 2.689966 3.000000 0.404479 1.256942 0.442496 0.110558 223.000000 10.000000 19.000000 711.000000 0.000000 1.000000 162.429760
1 1.253800 3.000000 0.548711 0.352981 0.126206 0.090487 114.000000 10.000000 0.000000 173.000000 0.000000 1.000000 153.511120
1 1.230365 3.000000 0.538660 0.337574 0.126127 0.096427 121.000000 10.000000 0.000000 259.000000 0.000000 1.000000 186.610822
1 3.804906 3.000000 0.558165 1.684658 0.617016 0.267155 246.000000 10.000000 33.000000 635.000000 0.000000 1.000000 194.829715
1 11.781327 3.000000 1.048106 5.849186 2.100105 0.428063 603.000000 10.000000 228.000000 2973.000000 0.000000 1.000000 152.644415
1 0.900021 3.000000 0.660108 0.092429 0.034200 0.075942 75.000000 10.000000 0.000000 44.000000 0.000000 1.000000 130.824976
1 2.488714 3.000000 0.385377 1.173299 0.405678 0.071912 169.000000 10.000000 28.000000 613.000000 0.000000 1.000000 183.763673
1 1.027421 3.000000 0.537587 0.228334 0.084524 0.084107 98.000000 10.000000 4.000000 134.000000 0.000000 1.000000 162.977720
1 2.655506 3.000000 0.560620 1.068716 0.399873 0.189242 232.000000 10.000000 19.000000 797.000000 0.000000 1.000000 219.829154
1 1.575350 3.000000 0.405860 0.653191 0.221889 0.058105 116.000000 10.000000 7.000000 376.000000 0.000000 1.000000 127.558032
1 1.518494 3.000000 0.562098 0.450493 0.173668 0.154564 169.000000 10.000000 3.000000 365.000000 0.000000 1.000000 165.540061
