1 6.294856 3.000000 0.642144 3.083344 1.089893 0.099848 292.000000 0.000000 582.000000 1871.000000 1.000000 1.000000 177.508137
1 10.791837 3.000000 0.458007 5.588291 2.099944 0.056474 262.000000 0.000000 1124.000000 3885.000000 1.000000 1.000000 173.098496
1 5.578417 3.000000 0.464626 2.850842 1.010177 0.026383 140.000000 0.000000 459.000000 2269.000000 1.000000 1.000000 154.066583
1 11.007244 3.000000 0.440376 5.683176 2.200533 0.040687 313.000000 0.000000 1408.000000 4938.000000 1.000000 1.000000 144.680490
1 2.190180 3.000000 0.293336 1.071220 0.370439 0.012867 64.000000 0.000000 84.000000 678.000000 1.000000 1.000000 130.378830
1 30.415812 3.000000 0.608804 15.704345 5.626881 0.320596 1055.000000 0.000000 3646.000000 11543.000000 1.000000 1.000000 122.892967
1 2.335282 3.000000 0.628612 0.901986 0.338622 0.033097 173.000000 0.000000 258.000000 557.000000 1.000000 1.000000 139.579235
1 28.971519 3.000000 0.628889 15.608949 5.617692 0.318657 824.000000 0.000000 4318.000000 13036.000000 1.000000 1.000000 240.401651
1 1.230586 3.000000 0.590430 0.341674 0.132861 0.010570 87.000000 0.000000 65.000000 212.000000 1.000000 1.000000 134.766700
1 25.068259 3.000000 0.564482 13.670654 4.935291 0.130982 629.000000 0.000000 2919.000000 10435.000000 1.000000 1.000000 196.883976
1 4.852164 3.000000 0.578609 2.376409 0.826471 0.078859 276.000000 0.000000 649.000000 1417.000000 1.000000 1.000000 188.019371
1 2.615110 3.000000 0.590308 1.049233 0.405620 0.081683 192.000000 0.000000 364.000000 630.000000 1.000000 1.000000 127.086549
1 5.948750 3.000000 0.587366 2.922858 1.140480 0.024589 195.000000 0.000000 650.000000 2700.000000 1.000000 1.000000 165.459880
1 20.258933 3.000000 0.451938 10.833338 3.988987 0.069689 309.000000 0.000000 2814.000000 7649.000000 1.000000 1.000000 206.760113
1 9.472102 3.000000 0.460757 5.049138 1.747613 0.086038 301.000000 0.000000 1714.000000 3134.000000 1.000000 1.000000 110.610365
1 2.970749 3.000000 0.470064 1.371791 0.511156 0.016647 96.000000 0.000000 281.000000 895.000000 1.000000 1.000000 188.817784
1 8.892496 3.000000 0.611016 4.508437 1.616825 0.124947 445.000000 0.000000 1272.000000 3050.000000 1.000000 1.000000 142.442789
1 26.657591 3.000000 0.600936 13.567891 5.077035 0.384366 1047.000000 0.000000 2701.000000 9691.000000 1.000000 1.000000 150.379403
1 1.992844 3.000000 0.456105 0.824044 0.318725 0.023896 115.000000 0.000000 164.000000 652.000000 1.000000 1.000000 144.624462
1 5.629956 3.000000 0.632873 2.664264 1.007865 0.071134 374.000000 0.000000 404.000000 1676.000000 1.000000 1.000000 217.000782
1 4.939045 3.000000 0.618058 2.341620 0.882560 0.046794 186.000000 0.000000 815.000000 2224.000000 1.000000 1.000000 119.825441
1 14.715603 3.000000 0.455384 7.966270 2.871460 0.055708 304.000000 0.000000 1167.000000 5758.000000 1.000000 1.000000 204.941548
1 1.084495 3.000000 0.652388 0.230616 0.087511 0.009128 74.000000 0.000000 37.000000 114.000000 1.000000 1.000000 106.379517
1 1.980294 3.000000 0.722842 0.618134 0.237048 0.066951 198.000000 0.000000 82.000000 370.000000 1.000000 1.000000 128.913671
1 30.031022 3.000000 0.590320 15.658298 5.613512 0.341108 963.000000 0.000000 3875.000000 11933.000000 1.000000 1.000000 145.410544
1 29.969557 3.000000 0.776672 14.421443 5.586806 0.295675 1604.000000 0.000000 3938.000000 9012.000000 1.000000 1.000000 298.151322
1 1.491623 3.000000 0.475192 0.563772 0.205118 0.013384 67.000000 0.000000 134.000000 325.000000 1.000000 1.000000 146.173052
1 71.474233 3.000000 0.490674 38.560505 13.823216 0.190867 831.000000 0.000000 7238.000000 31317.000000 1.000000 1.000000 118.406632
1 2.655669 3.000000 0.562757 1.127389 0.412366 0.042110 147.000000 0.000000 231.000000 783.000000 1.000000 1.000000 139.167353
1 6.196372 3.000000 0.670211 3.044816 1.118733 0.069398 217.000000 0.000000 832.000000 2026.000000 1.000000 1.000000 164.879401
1 3.482916 3.000000 0.617952 1.544363 0.566078 0.045873 158.000000 0.000000 526.000000 1250.000000 1.000000 1.000000 127.842579
1 25.561212 3.000000 0.593402 13.296870 5.214973 0.112876 902.000000 0.000000 1616.000000 12402.000000 1.000000 1.000000 113.522966
1 24.137666 3.000000 0.459848 13.126377 4.785751 0.097493 434.000000 0.000000 2555.000000 9188.000000 1.000000 1.000000 194.503407
1 5.109885 3.000000 0.402318 2.546103 1.020434 0.020768 206.000000 0.000000 749.000000 2142.000000 1.000000 1.000000 157.678758
1 1.787539 3.000000 0.569088 0.655485 0.232787 0.039439 151.000000 0.000000 69.000000 471.000000 1.000000 1.000000 157.039556
1 11.083312 3.000000 0.591910 5.853599 2.051827 0.124742 383.000000 0.000000 1803.000000 4169.000000 1.000000 1.000000 250.793575
1 3.027375 3.000000 0.596877 1.326694 0.470807 0.077863 242.000000 0.000000 473.000000 994.000000 1.000000 1.000000 161.384957
1 20.265496 3.000000 0.440405 10.809562 4.081965 0.045383 394.000000 0.000000 2370.000000 9291.000000 1.000000 1.000000 198.414597
1 2.509646 3.000000 0.467916 1.115580 0.414942 0.030875 122.000000 0.000000 264.000000 907.000000 1.000000 1.000000 173.992706
1 11.092397 3.000000 0.456174 6.049783 2.122131 0.031515 132.000000 0.000000 596.000000 2893.000000 1.000000 1.000000 135.747241
1 40.678702 3.000000 0.574644 20.415107 8.142407 0.337373 1269.000000 0.000000 3226.000000 12095.000000 1.000000 1.000000 365.587564
1 9.721826 3.000000 0.572270 4.994791 1.799407 0.106840 341.000000 0.000000 2401.000000 4127.000000 1.000000 1.000000 167.732620
0 75.708400 3.000000 0.616174 39.956627 14.749924 0.314461 914.000000 0.000000 5724.000000 29438.000000 1.000000 1.000000 -1.000000
1 17.640650 3.000000 0.471314 9.664443 3.400239 0.057227 310.000000 0.000000 1304.000000 5831.000000 1.000000 1.000000 279.117830
1 14.407143 3.000000 0.581442 7.362893 2.749518 0.081576 390.000000 0.000000 946.000000 4998.000000 1.000000 1.000000 160.225722
1 6.789318 3.000000 0.449344 3.555757 1.221669 0.059530 213.000000 0.000000 579.000000 2714.000000 1.000000 1.000000 150.459070
0 75.498288 3.000000 0.389238 22.603037 6.866404 0.047666 280.000000 0.000000 3204.000000 100332.000000 1.000000 1.000000 -1.000000
1 4.379442 3.000000 0.570725 2.068859 0.756506 0.054926 224.000000 0.000000 451.000000 1707.000000 1.000000 1.000000 139.331008
1 6.682554 3.000000 0.416574 3.499271 1.256981 0.026512 146.000000 0.000000 577.000000 2016.000000 1.000000 1.000000 159.276769
1 1.620526 3.000000 0.621178 0.541868 0.201795 0.014840 96.000000 0.000000 70.000000 351.000000 1.000000 1.000000 121.257143
1 6.412851 3.000000 0.297232 3.328285 1.274028 0.014399 126.000000 0.000000 920.000000 2677.000000 1.000000 1.000000 201.813534
1 2.151225 3.000000 0.461139 0.935796 0.328955 0.026099 114.000000 0.000000 177.000000 724.000000 1.000000 1.000000 182.853031
1 2.928514 3.000000 0.626913 1.200713 0.433214 0.080133 247.000000 0.000000 258.000000 650.000000 1.000000 1.000000 147.966197
1 8.460489 3.000000 0.612389 4.222019 1.560133 0.099879 307.000000 0.000000 1173.000000 3408.000000 1.000000 1.000000 136.427855
1 9.485312 3.000000 0.668007 4.830465 1.668948 0.152543 396.000000 0.000000 925.000000 3183.000000 1.000000 1.000000 145.296414
1 26.096260 3.000000 0.269362 14.271451 4.936635 0.178678 637.000000 0.000000 2318.000000 9119.000000 1.000000 1.000000 204.373738
1 11.692203 3.000000 0.644717 5.952410 2.101400 0.220798 601.000000 0.000000 1417.000000 4269.000000 1.000000 1.000000 219.635324
1 12.409201 3.000000 0.447526 6.696974 2.362483 0.038168 288.000000 0.000000 1845.000000 5052.000000 1.000000 1.000000 189.266865
1 17.428710 3.000000 0.287815 9.755989 3.346698 0.127192 519.000000 0.000000 1720.000000 6091.000000 1.000000 1.000000 120.630585
1 4.525251 3.000000 0.316013 2.322535 0.862318 0.028805 133.000000 0.000000 458.000000 1634.000000 1.000000 1.000000 146.165895
