1 2.784471 3.000000 0.552791 0.226373 0.977175 0.389388 669.000000 10.000000 129.000000 1500.000000 0.000000 0.000000 79.868347
1 1.190927 3.000000 0.550634 0.074468 0.298214 0.077580 121.000000 10.000000 16.000000 360.000000 0.000000 0.000000 79.649548
1 6.158029 3.000000 0.544979 0.654111 2.699859 0.414568 693.000000 10.000000 335.000000 4355.000000 0.000000 0.000000 100.659228
1 0.859571 3.000000 0.403428 0.048823 0.207140 0.061707 99.000000 10.000000 10.000000 300.000000 0.000000 0.000000 73.278490
1 0.842531 3.000000 0.553446 0.029637 0.118055 0.063242 94.000000 10.000000 4.000000 203.000000 0.000000 0.000000 95.303705
1 0.894191 3.000000 0.561990 0.031799 0.134979 0.082486 156.000000 10.000000 7.000000 223.000000 0.000000 0.000000 81.464392
1 3.772572 3.000000 0.408100 0.402677 1.698950 0.236578 553.000000 10.000000 281.000000 2817.000000 0.000000 0.000000 87.122938
1 0.951573 3.000000 0.252279 0.088390 0.337828 0.063649 134.000000 10.000000 5.000000 383.000000 0.000000 0.000000 96.822415
1 0.890284 3.000000 0.402713 0.053685 0.223388 0.076295 140.000000 10.000000 3.000000 327.000000 0.000000 0.000000 89.409086
1 2.373152 3.000000 0.606310 0.185336 0.769629 0.279913 542.000000 10.000000 66.000000 1089.000000 0.000000 0.000000 86.225946
1 0.929030 3.000000 0.428364 0.059675 0.245430 0.046266 79.000000 10.000000 3.000000 556.000000 0.000000 0.000000 79.741070
1 6.221869 3.000000 0.415793 0.689749 3.006376 0.193608 479.000000 10.000000 254.000000 3870.000000 0.000000 0.000000 84.426524
1 1.508305 3.000000 0.398438 0.117557 0.529666 0.149937 486.000000 10.000000 47.000000 796.000000 0.000000 0.000000 83.647669
1 0.689193 3.000000 0.538972 0.015217 0.063806 0.034139 60.000000 10.000000 8.000000 106.000000 0.000000 0.000000 63.336643
1 3.561495 3.000000 0.543969 0.352158 1.498446 0.233165 412.000000 10.000000 71.000000 1710.000000 0.000000 0.000000 96.115308
1 1.311165 3.000000 0.423427 0.111747 0.430866 0.093448 167.000000 10.000000 67.000000 620.000000 0.000000 0.000000 73.941365
1 1.150194 3.000000 0.533645 0.067551 0.272454 0.100098 155.000000 10.000000 13.000000 286.000000 0.000000 0.000000 85.338647
1 2.340910 3.000000 0.421297 0.226707 0.939655 0.159949 322.000000 10.000000 61.000000 1335.000000 0.000000 0.000000 71.384580
1 0.826720 3.000000 0.400491 0.048541 0.203698 0.055006 108.000000 10.000000 8.000000 361.000000 0.000000 0.000000 78.381283
1 1.441535 3.000000 0.696990 0.069467 0.286823 0.200530 182.000000 10.000000 0.000000 382.000000 0.000000 0.000000 107.485101
1 0.972942 3.000000 0.262800 0.084194 0.370717 0.043179 88.000000 10.000000 0.000000 769.000000 0.000000 0.000000 71.279316
1 1.289527 3.000000 0.410032 0.106748 0.443942 0.054446 107.000000 10.000000 0.000000 893.000000 0.000000 0.000000 83.308382
1 2.405418 3.000000 0.680770 0.168507 0.731931 0.360937 474.000000 10.000000 37.000000 936.000000 0.000000 0.000000 102.395700
1 1.711616 3.000000 0.393295 0.173601 0.662901 0.064193 150.000000 10.000000 17.000000 897.000000 0.000000 0.000000 79.517400
1 2.569381 3.000000 0.545918 0.244503 0.986635 0.148403 285.000000 10.000000 102.000000 1014.000000 0.000000 0.000000 88.196570
1 2.487258 3.000000 0.702675 0.153223 0.679069 0.521320 457.000000 10.000000 51.000000 976.000000 0.000000 0.000000 88.236991
1 3.130739 3.000000 0.538766 0.298127 1.233956 0.285233 533.000000 10.000000 46.000000 2093.000000 0.000000 0.000000 77.349736
1 1.313769 3.000000 0.679018 0.052702 0.266827 0.157568 187.000000 10.000000 10.000000 438.000000 0.000000 0.000000 76.226884
1 2.053856 3.000000 0.398056 0.201287 0.826786 0.106794 202.000000 10.000000 62.000000 898.000000 0.000000 0.000000 92.102229
1 1.860365 3.000000 0.550178 0.144625 0.608294 0.176729 269.000000 10.000000 53.000000 964.000000 0.000000 0.000000 62.952928
1 1.207231 3.000000 0.571941 0.060511 0.264374 0.156250 200.000000 10.000000 5.000000 306.000000 0.000000 0.000000 101.239969
1 2.050678 3.000000 0.423802 0.180596 0.770794 0.210129 320.000000 10.000000 50.000000 1406.000000 0.000000 0.000000 106.105112
1 1.966770 3.000000 0.548115 0.153576 0.643167 0.229854 269.000000 10.000000 35.000000 623.000000 0.000000 0.000000 109.254354
1 3.185452 3.000000 0.748036 0.292140 1.215095 0.211621 241.000000 10.000000 19.000000 1248.000000 0.000000 0.000000 87.419397
1 1.005707 3.000000 0.590639 0.042739 0.192894 0.066890 131.000000 10.000000 6.000000 261.000000 0.000000 0.000000 77.274304
1 0.825239 3.000000 0.397952 0.051277 0.223971 0.029113 73.000000 10.000000 2.000000 419.000000 0.000000 0.000000 72.082195
1 1.753736 3.000000 0.561011 0.144736 0.552369 0.136173 230.000000 10.000000 36.000000 616.000000 0.000000 0.000000 102.802474
1 1.079432 3.000000 0.546179 0.052511 0.224360 0.117277 193.000000 10.000000 7.000000 270.000000 0.000000 0.000000 73.786118
1 0.808372 3.000000 0.390181 0.048368 0.200102 0.054246 131.000000 10.000000 15.000000 652.000000 0.000000 0.000000 78.250815
1 0.904000 3.000000 0.409321 0.054803 0.227582 0.076445 132.000000 10.000000 27.000000 377.000000 0.000000 0.000000 79.585694
1 1.144958 3.000000 0.412764 0.088859 0.372530 0.048140 119.000000 10.000000 25.000000 745.000000 0.000000 0.000000 104.845104
1 1.736037 3.000000 0.543177 0.139639 0.565877 0.137926 251.000000 10.000000 33.000000 776.000000 0.000000 0.000000 76.728656
1 1.801049 3.000000 0.395666 0.168854 0.688453 0.116473 242.000000 10.000000 44.000000 1102.000000 0.000000 0.000000 76.685810
1 4.957599 3.000000 0.397140 0.519950 2.295709 0.330533 1467.000000 10.000000 563.000000 4166.000000 0.000000 0.000000 67.794305
1 3.377422 3.000000 0.581124 0.317138 1.386927 0.232225 334.000000 10.000000 100.000000 1910.000000 0.000000 0.000000 88.695933
1 3.078204 3.000000 0.562670 0.292377 1.142184 0.322916 445.000000 10.000000 50.000000 1407.000000 0.000000 0.000000 91.802283
1 1.801714 3.000000 0.529469 0.120641 0.559067 0.247983 724.000000 10.000000 145.000000 838.000000 0.000000 0.000000 76.777952
1 1.644066 3.000000 0.427069 0.130982 0.589828 0.151664 448.000000 10.000000 45.000000 876.000000 0.000000 0.000000 71.463280
1 1.075235 3.000000 0.412152 0.078070 0.320043 0.071064 139.000000 10.000000 13.000000 690.000000 0.000000 0.000000 83.979764
1 1.143044 3.000000 0.548705 0.064679 0.301908 0.061024 113.000000 10.000000 17.000000 450.000000 0.000000 0.000000 78.743855
1 1.767068 3.000000 0.409462 0.157806 0.681609 0.127611 337.000000 10.000000 47.000000 1255.000000 0.000000 0.000000 99.933966
1 1.321272 3.000000 0.517616 0.084024 0.372349 0.125084 173.000000 10.000000 12.000000 657.000000 0.000000 0.000000 59.421866
1 1.336406 3.000000 0.688137 0.055860 0.240273 0.196443 196.000000 10.000000 14.000000 254.000000 0.000000 0.000000 84.505922
1 0.862633 3.000000 0.401903 0.050313 0.218812 0.059966 95.000000 10.000000 3.000000 292.000000 0.000000 0.000000 76.465840
