1 1.538428 3.000000 0.406176 0.635705 0.229901 0.026932 160.000000 5.000000 28.000000 506.000000 0.000000 1.000000 129.829703
1 2.168693 3.000000 0.258684 1.067830 0.373043 0.060302 542.000000 5.000000 44.000000 787.000000 0.000000 1.000000 205.969202
1 5.321548 3.000000 0.415529 2.712905 1.005571 0.063669 348.000000 5.000000 204.000000 2148.000000 0.000000 1.000000 171.245488
1 3.232732 3.000000 0.406860 1.563933 0.566867 0.061998 317.000000 5.000000 117.000000 1132.000000 0.000000 1.000000 143.629851
1 1.998276 3.000000 0.404717 0.906336 0.310549 0.036211 242.000000 5.000000 8.000000 983.000000 0.000000 1.000000 128.620347
1 4.404820 3.000000 0.258891 2.042653 0.729042 0.032311 200.000000 5.000000 104.000000 9621.000000 0.000000 1.000000 143.204143
1 2.727045 3.000000 0.301593 1.349042 0.477850 0.078209 591.000000 5.000000 189.000000 1097.000000 0.000000 1.000000 143.052013
1 0.854183 3.000000 0.546113 0.161489 0.057455 0.024089 94.000000 5.000000 2.000000 96.000000 0.000000 1.000000 163.446974
1 1.105200 3.000000 0.396026 0.382013 0.147274 0.023301 150.000000 5.000000 15.000000 381.000000 0.000000 1.000000 122.373764
1 7.802612 3.000000 0.672515 3.789151 1.385117 0.301646 1169.000000 5.000000 219.000000 2742.000000 0.000000 1.000000 124.019952
1 2.357224 3.000000 0.670971 0.837133 0.315949 0.169332 815.000000 5.000000 31.000000 822.000000 0.000000 1.000000 169.176078
1 5.839393 3.000000 0.575619 2.994935 1.009306 0.084021 530.000000 5.000000 130.000000 1736.000000 0.000000 1.000000 221.054940
1 2.032125 3.000000 0.548332 0.824419 0.287716 0.045497 189.000000 5.000000 18.000000 583.000000 0.000000 1.000000 181.190066
1 1.124940 3.000000 0.429717 0.377302 0.145740 0.020650 130.000000 5.000000 35.000000 381.000000 0.000000 1.000000 125.569468
1 5.641469 3.000000 0.411578 2.893066 1.114271 0.057011 280.000000 5.000000 234.000000 2678.000000 0.000000 1.000000 224.355252
1 2.367521 3.000000 0.554638 0.968809 0.359255 0.083054 396.000000 5.000000 91.000000 806.000000 0.000000 1.000000 186.395135
1 3.309738 3.000000 0.249597 1.710216 0.608001 0.081884 667.000000 5.000000 84.000000 1255.000000 0.000000 1.000000 147.647902
1 2.999848 3.000000 0.562469 1.306631 0.469112 0.128210 714.000000 5.000000 65.000000 971.000000 0.000000 1.000000 205.177224
1 7.012392 3.000000 0.399687 3.700362 1.321494 0.110960 722.000000 5.000000 302.000000 3145.000000 0.000000 1.000000 139.984061
1 1.957276 3.000000 1.048935 0.451373 0.174296 0.082864 341.000000 5.000000 9.000000 384.000000 0.000000 1.000000 199.447114
1 4.866046 3.000000 0.405954 2.441761 0.901318 0.103501 652.000000 5.000000 223.000000 2344.000000 0.000000 1.000000 131.541970
1 4.495449 3.000000 0.413196 2.240072 0.810787 0.138387 926.000000 5.000000 151.000000 2282.000000 0.000000 1.000000 220.073324
1 1.328262 3.000000 0.555306 0.420983 0.155093 0.025457 110.000000 5.000000 11.000000 265.000000 0.000000 1.000000 165.288576
1 1.949638 3.000000 0.694589 0.665904 0.236295 0.083525 451.000000 5.000000 47.000000 281.000000 0.000000 1.000000 241.449878
1 1.130058 3.000000 0.398575 0.398397 0.150838 0.022098 93.000000 5.000000 11.000000 338.000000 0.000000 1.000000 169.817744
1 2.961088 3.000000 0.546351 1.298667 0.476435 0.099334 495.000000 5.000000 109.000000 1067.000000 0.000000 1.000000 148.391268
1 1.355273 3.000000 0.698994 0.332258 0.120792 0.056432 174.000000 5.000000 10.000000 260.000000 0.000000 1.000000 142.070703
1 1.115139 3.000000 0.405538 0.402965 0.145075 0.013532 77.000000 5.000000 36.000000 361.000000 0.000000 1.000000 168.188017
1 3.015893 3.000000 0.536615 1.334663 0.488352 0.096114 568.000000 5.000000 92.000000 1048.000000 0.000000 1.000000 190.552413
1 1.060632 3.000000 0.550276 0.275541 0.102697 0.022573 100.000000 5.000000 7.000000 255.000000 0.000000 1.000000 139.726322
1 5.291925 3.000000 0.405850 2.770111 0.980228 0.059098 248.000000 5.000000 170.000000 1666.000000 0.000000 1.000000 155.098433
1 5.140013 3.000000 0.805507 2.416112 0.866434 0.090663 476.000000 5.000000 144.000000 1761.000000 0.000000 1.000000 184.951972
1 5.101812 3.000000 0.545295 2.512690 0.918479 0.105561 512.000000 5.000000 105.000000 1712.000000 0.000000 1.000000 156.832530
1 5.831588 3.000000 0.591308 2.853231 1.006915 0.231959 1387.000000 5.000000 190.000000 2206.000000 0.000000 1.000000 133.272187
1 9.131169 3.000000 0.415720 4.830102 1.742433 0.140881 922.000000 5.000000 514.000000 4533.000000 0.000000 1.000000 173.108264
1 2.130519 3.000000 0.703403 0.704087 0.279502 0.131043 592.000000 5.000000 34.000000 554.000000 0.000000 1.000000 223.749294
1 1.731392 3.000000 0.567032 0.622276 0.233305 0.055093 250.000000 5.000000 61.000000 594.000000 0.000000 1.000000 155.909731
1 1.570652 3.000000 0.427460 0.642187 0.233575 0.023547 104.000000 5.000000 15.000000 528.000000 0.000000 1.000000 104.098001
1 2.480169 3.000000 0.687238 0.932544 0.346005 0.130855 430.000000 5.000000 66.000000 932.000000 0.000000 1.000000 136.725613
1 3.903267 3.000000 0.418486 1.925425 0.698071 0.073814 460.000000 5.000000 166.000000 1510.000000 0.000000 1.000000 124.164258
1 0.741090 3.000000 0.404836 0.183368 0.066359 0.014857 70.000000 5.000000 8.000000 110.000000 0.000000 1.000000 133.960851
1 4.317987 3.000000 0.403318 2.173722 0.782203 0.086221 698.000000 5.000000 133.000000 1370.000000 0.000000 1.000000 179.657264
1 5.473867 3.000000 0.768983 2.645634 0.941388 0.102155 408.000000 5.000000 105.000000 1327.000000 0.000000 1.000000 177.437015
1 1.860081 3.000000 0.585269 0.686587 0.256476 0.051084 267.000000 5.000000 53.000000 516.000000 0.000000 1.000000 142.617021
1 3.014684 3.000000 0.380773 1.500613 0.513870 0.038992 194.000000 5.000000 155.000000 1181.000000 0.000000 1.000000 129.282285
1 12.180431 3.000000 0.402107 6.497505 2.366425 0.251583 1771.000000 5.000000 445.000000 4839.000000 0.000000 1.000000 293.339995
1 4.750481 3.000000 0.538856 2.316113 0.858475 0.075781 313.000000 5.000000 296.000000 1759.000000 0.000000 1.000000 112.090547
1 1.805880 3.000000 0.567877 0.675586 0.251252 0.030791 143.000000 5.000000 32.000000 556.000000 0.000000 1.000000 169.245574
1 5.311343 3.000000 0.569195 2.635691 0.953169 0.075132 411.000000 5.000000 227.000000 2032.000000 0.000000 1.000000 130.231581
1 3.532959 3.000000 0.571311 1.627586 0.622920 0.082503 260.000000 5.000000 83.000000 802.000000 0.000000 1.000000 148.528193
1 1.782283 3.000000 0.742266 0.575243 0.205420 0.030000 114.000000 5.000000 35.000000 375.000000 0.000000 1.000000 188.720592
1 2.075806 3.000000 0.434478 0.898379 0.340398 0.041067 170.000000 5.000000 25.000000 795.000000 0.000000 1.000000 178.931092
1 1.246907 3.000000 0.622128 0.338615 0.123807 0.024366 147.000000 5.000000 26.000000 229.000000 0.000000 1.000000 113.898685
1 0.781095 3.000000 0.527598 0.135422 0.050179 0.014661 54.000000 5.000000 0.000000 90.000000 0.000000 1.000000 174.368139
1 2.228941 3.000000 0.425738 1.002845 0.352710 0.042771 214.000000 5.000000 83.000000 662.000000 0.000000 1.000000 139.252656
1 9.720436 3.000000 0.570301 5.079333 1.817750 0.156385 827.000000 5.000000 498.000000 3275.000000 0.000000 1.000000 177.773189
1 1.612781 3.000000 0.758251 0.435443 0.157609 0.082377 268.000000 5.000000 23.000000 372.000000 0.000000 1.000000 130.826636
1 2.903265 3.000000 0.271801 1.462535 0.528121 0.072956 455.000000 5.000000 138.000000 1084.000000 0.000000 1.000000 128.521598
1 1.443543 3.000000 0.706927 0.378048 0.138056 0.064034 259.000000 5.000000 8.000000 288.000000 0.000000 1.000000 182.340885
1 1.888371 3.000000 0.544495 0.722559 0.275592 0.047444 249.000000 5.000000 59.000000 550.000000 0.000000 1.000000 148.064436
