1 1.505975 3.000000 0.391744 0.128168 0.573756 0.068862 578.000000 5.000000 67.000000 891.000000 0.000000 0.000000 83.688312
1 2.708829 3.000000 0.526897 0.255616 1.080475 0.142141 912.000000 5.000000 237.000000 1565.000000 0.000000 0.000000 81.197064
1 1.555369 3.000000 0.393294 0.135733 0.603237 0.059818 559.000000 5.000000 157.000000 1262.000000 0.000000 0.000000 73.266142
1 3.847659 3.000000 0.386812 0.396161 1.773254 0.163601 1623.000000 5.000000 508.000000 2898.000000 0.000000 0.000000 77.033289
1 1.489221 3.000000 0.374919 0.130662 0.562042 0.069333 509.000000 5.000000 108.000000 991.000000 0.000000 0.000000 113.027491
1 1.708151 3.000000 0.524293 0.143831 0.575192 0.078589 480.000000 5.000000 115.000000 999.000000 0.000000 0.000000 93.268901
1 2.189697 3.000000 0.520287 0.191077 0.854654 0.096307 463.000000 5.000000 15.000000 1228.000000 0.000000 0.000000 80.029589
1 0.569019 3.000000 0.386724 0.022764 0.090547 0.013794 59.000000 5.000000 13.000000 197.000000 0.000000 0.000000 77.621087
1 1.385609 3.000000 0.552539 0.088314 0.385473 0.105901 640.000000 5.000000 47.000000 605.000000 0.000000 0.000000 96.300113
1 1.253792 3.000000 0.403455 0.100416 0.439773 0.038938 271.000000 5.000000 86.000000 731.000000 0.000000 0.000000 85.628489
1 1.594810 3.000000 0.530379 0.125971 0.566236 0.046591 212.000000 5.000000 74.000000 1012.000000 0.000000 0.000000 70.692159
1 0.937073 3.000000 0.383166 0.065922 0.285910 0.027804 139.000000 5.000000 30.000000 494.000000 0.000000 0.000000 73.745641
1 1.824870 3.000000 0.519423 0.156095 0.675143 0.069777 517.000000 5.000000 52.000000 919.000000 0.000000 0.000000 121.598229
1 2.448465 3.000000 0.381719 0.256570 1.041962 0.097353 721.000000 5.000000 412.000000 1668.000000 0.000000 0.000000 75.494180
1 0.955738 3.000000 0.404159 0.068743 0.295650 0.022531 109.000000 5.000000 39.000000 695.000000 0.000000 0.000000 76.862315
1 0.825991 3.000000 0.549086 0.035004 0.136667 0.012858 56.000000 5.000000 24.000000 355.000000 0.000000 0.000000 68.876574
1 0.958877 3.000000 0.400490 0.062711 0.273974 0.049298 365.000000 5.000000 38.000000 546.000000 0.000000 0.000000 75.419709
1 1.433992 3.000000 0.413083 0.113449 0.479846 0.120399 1137.000000 5.000000 165.000000 943.000000 0.000000 0.000000 79.678010
1 0.800736 3.000000 0.258991 0.064661 0.274028 0.028269 144.000000 5.000000 29.000000 422.000000 0.000000 0.000000 68.194408
1 3.800555 3.000000 0.681626 0.345983 1.481596 0.241351 891.000000 5.000000 173.000000 1512.000000 0.000000 0.000000 114.733959
1 2.167494 3.000000 0.541371 0.184919 0.802069 0.122259 891.000000 5.000000 181.000000 1265.000000 0.000000 0.000000 71.165525
1 5.346271 3.000000 0.237867 0.640417 2.652777 0.090036 656.000000 5.000000 705.000000 3558.000000 0.000000 0.000000 66.502869
1 2.008601 3.000000 0.698840 0.133706 0.621140 0.134974 450.000000 5.000000 61.000000 877.000000 0.000000 0.000000 89.814861
1 1.687253 3.000000 0.542946 0.127458 0.562506 0.081642 359.000000 5.000000 64.000000 815.000000 0.000000 0.000000 74.474758
1 0.813359 3.000000 0.566976 0.025565 0.117214 0.032631 193.000000 5.000000 27.000000 171.000000 0.000000 0.000000 69.867426
1 0.715842 3.000000 0.401039 0.037955 0.162397 0.017197 81.000000 5.000000 21.000000 416.000000 0.000000 0.000000 69.558320
1 6.175264 3.000000 0.412336 0.718875 2.907880 0.217746 1708.000000 5.000000 443.000000 3778.000000 0.000000 0.000000 69.202403
1 2.651144 3.000000 0.561430 0.240942 1.017477 0.125582 638.000000 5.000000 96.000000 1387.000000 0.000000 0.000000 63.445537
1 0.454308 3.000000 0.250407 0.022891 0.102050 0.018330 98.000000 5.000000 5.000000 203.000000 0.000000 0.000000 73.295089
1 0.917362 3.000000 0.552792 0.041393 0.179290 0.028863 111.000000 5.000000 4.000000 283.000000 0.000000 0.000000 87.494232
1 0.843935 3.000000 0.567714 0.029899 0.129060 0.030701 126.000000 5.000000 2.000000 172.000000 0.000000 0.000000 71.589069
1 0.784376 3.000000 0.408246 0.048261 0.193895 0.021544 85.000000 5.000000 11.000000 414.000000 0.000000 0.000000 72.160897
1 0.917850 3.000000 0.559466 0.042412 0.168192 0.038251 149.000000 5.000000 3.000000 349.000000 0.000000 0.000000 77.994860
1 1.181762 3.000000 0.424486 0.092173 0.395269 0.031349 154.000000 5.000000 67.000000 805.000000 0.000000 0.000000 88.156402
1 0.786123 3.000000 0.551959 0.026540 0.103695 0.026640 120.000000 5.000000 23.000000 157.000000 0.000000 0.000000 87.933705
0 75.413579 3.000000 0.408267 2.799491 5.978552 0.021703 150.000000 5.000000 17.000000 630709.000000 0.000000 0.000000 -1.000000
1 0.835510 3.000000 0.382393 0.054662 0.239647 0.020206 105.000000 5.000000 4.000000 486.000000 0.000000 0.000000 84.888861
1 2.342361 3.000000 0.534315 0.201767 0.908772 0.115542 686.000000 5.000000 202.000000 1529.000000 0.000000 0.000000 103.047320
1 44.071704 3.000000 0.248927 3.387362 13.898809 0.132823 991.000000 5.000000 60.000000 36494.000000 0.000000 0.000000 75.011177
1 3.652336 3.000000 0.263371 0.405489 1.738103 0.121450 1124.000000 5.000000 590.000000 3900.000000 0.000000 0.000000 71.447954
1 1.077930 3.000000 0.520836 0.065628 0.281356 0.031941 148.000000 5.000000 59.000000 640.000000 0.000000 0.000000 75.598913
1 2.647583 3.000000 0.533478 0.247621 1.065963 0.114245 591.000000 5.000000 159.000000 2022.000000 0.000000 0.000000 81.268259
1 3.120509 3.000000 0.258204 0.336106 1.436402 0.189885 1587.000000 5.000000 294.000000 2151.000000 0.000000 0.000000 81.356506
1 3.142455 3.000000 0.404281 0.346444 1.394847 0.093380 607.000000 5.000000 292.000000 1991.000000 0.000000 0.000000 105.196786
1 0.857842 3.000000 0.553652 0.034072 0.154685 0.021154 90.000000 5.000000 20.000000 325.000000 0.000000 0.000000 59.676904
1 2.503840 3.000000 0.400119 0.259896 1.050994 0.097446 780.000000 5.000000 252.000000 1479.000000 0.000000 0.000000 72.818057
1 1.284566 3.000000 0.404672 0.100816 0.432966 0.078999 567.000000 5.000000 84.000000 741.000000 0.000000 0.000000 74.465903
1 1.042863 3.000000 0.554811 0.052795 0.236370 0.057652 294.000000 5.000000 43.000000 306.000000 0.000000 0.000000 81.842214
1 1.009881 3.000000 0.414593 0.069939 0.302189 0.038396 183.000000 5.000000 44.000000 527.000000 0.000000 0.000000 91.938308
1 6.067661 3.000000 0.417780 0.696548 2.872372 0.210548 1151.000000 5.000000 302.000000 2860.000000 0.000000 0.000000 87.788212
1 11.533421 3.000000 0.443763 1.378098 5.616638 0.274603 1956.000000 5.000000 490.000000 8249.000000 0.000000 0.000000 104.264835
1 2.971348 3.000000 0.560139 0.291183 1.221834 0.107957 518.000000 5.000000 130.000000 1516.000000 0.000000 0.000000 69.417107
1 1.708857 3.000000 0.569161 0.131199 0.526839 0.114321 857.000000 5.000000 191.000000 740.000000 0.000000 0.000000 80.474383
0 75.305914 3.000000 0.281782 4.346242 16.363535 0.115136 570.000000 5.000000 0.000000 63182.000000 0.000000 0.000000 -1.000000
1 1.105701 3.000000 0.412443 0.082914 0.330722 0.066150 534.000000 5.000000 11.000000 515.000000 0.000000 0.000000 91.851355
1 1.945283 3.000000 0.538002 0.165847 0.686295 0.067300 282.000000 5.000000 58.000000 860.000000 0.000000 0.000000 77.023551
1 0.854296 3.000000 0.596208 0.029836 0.126489 0.023152 97.000000 5.000000 5.000000 257.000000 0.000000 0.000000 74.643787
1 3.030779 3.000000 0.564313 0.293066 1.229765 0.125512 773.000000 5.000000 199.000000 1884.000000 0.000000 0.000000 73.980771
1 2.542997 3.000000 0.580704 0.228990 0.980382 0.149216 870.000000 5.000000 100.000000 1309.000000 0.000000 0.000000 76.475941
1 1.832691 3.000000 0.419095 0.173487 0.720088 0.077450 560.000000 5.000000 203.000000 1156.000000 0.000000 0.000000 83.968373
