1 16.949306 3.000000 0.597661 8.700245 3.296056 0.278787 3919.000000 2.000000 2690.000000 6674.000000 0.000000 1.000000 138.897456
1 11.504812 3.000000 0.590927 5.763751 2.232890 0.131400 1675.000000 2.000000 2231.000000 5304.000000 0.000000 1.000000 146.700313
1 9.961720 3.000000 0.579689 5.100880 1.882726 0.078736 931.000000 2.000000 1618.000000 3528.000000 0.000000 1.000000 138.970474
1 7.268639 3.000000 0.724611 3.407340 1.339280 0.135444 1423.000000 2.000000 1110.000000 2886.000000 0.000000 1.000000 164.587180
1 3.796578 3.000000 0.437205 1.851068 0.674757 0.045308 658.000000 2.000000 693.000000 1231.000000 0.000000 1.000000 121.560378
1 8.419437 3.000000 0.581195 4.305838 1.532539 0.108325 1516.000000 2.000000 545.000000 2513.000000 0.000000 1.000000 177.715803
1 4.942972 3.000000 0.441788 2.447540 0.938505 0.043779 695.000000 2.000000 915.000000 1815.000000 0.000000 1.000000 118.599645
1 12.984530 3.000000 0.450309 6.776422 2.520026 0.209703 3507.000000 2.000000 1732.000000 5447.000000 0.000000 1.000000 138.740654
1 7.392986 3.000000 0.581471 3.609762 1.368735 0.098579 1144.000000 2.000000 1419.000000 3157.000000 0.000000 1.000000 188.434666
1 7.278367 3.000000 0.434543 3.633730 1.330623 0.273803 4681.000000 2.000000 1384.000000 3385.000000 0.000000 1.000000 116.232022
1 3.008003 3.000000 0.583493 1.329127 0.483951 0.037643 400.000000 2.000000 448.000000 984.000000 0.000000 1.000000 155.411173
1 6.631230 3.000000 0.435722 3.406310 1.227564 0.106337 1735.000000 2.000000 1526.000000 1972.000000 0.000000 1.000000 129.754583
1 4.983598 3.000000 0.415594 2.432893 0.895217 0.160655 2633.000000 2.000000 775.000000 2337.000000 0.000000 1.000000 192.162159
1 7.000705 3.000000 0.580034 3.508042 1.308439 0.076758 1067.000000 2.000000 1266.000000 3068.000000 0.000000 1.000000 123.862079
1 4.267848 3.000000 0.575175 1.983908 0.743286 0.081649 1296.000000 2.000000 530.000000 1120.000000 0.000000 1.000000 114.465168
1 19.033549 3.000000 0.294472 9.898903 3.542916 0.699495 13606.000000 2.000000 3485.000000 12238.000000 0.000000 1.000000 120.275154
0 75.421667 3.000000 0.418195 51.723898 5.571740 0.069921 1181.000000 2.000000 733.000000 528795.000000 0.000000 1.000000 -1.000000
1 8.157465 3.000000 0.560015 4.134383 1.516961 0.076332 952.000000 2.000000 1475.000000 3376.000000 0.000000 1.000000 151.422287
1 5.443358 3.000000 0.641811 2.603807 0.967645 0.066274 685.000000 2.000000 696.000000 1734.000000 0.000000 1.000000 96.852658
1 9.053744 3.000000 0.484127 4.760128 1.719384 0.110522 1542.000000 2.000000 956.000000 3992.000000 0.000000 1.000000 172.770800
1 9.762276 3.000000 0.680286 4.827104 1.824743 0.139631 1230.000000 2.000000 1263.000000 3960.000000 0.000000 1.000000 228.247921
1 29.697123 3.000000 0.423709 15.756875 5.668773 0.389453 6938.000000 2.000000 5082.000000 13549.000000 0.000000 1.000000 147.741633
1 14.477694 3.000000 0.567941 7.342249 2.806721 0.251179 3225.000000 2.000000 2595.000000 5638.000000 0.000000 1.000000 144.817252
1 12.215784 3.000000 0.575236 6.203665 2.368255 0.220065 3715.000000 2.000000 2416.000000 5919.000000 0.000000 1.000000 155.232025
1 19.477491 3.000000 0.428909 10.326528 3.776575 0.277415 4447.000000 2.000000 3613.000000 7140.000000 0.000000 1.000000 121.975836
1 4.255210 3.000000 0.576343 1.888782 0.750156 0.120988 1828.000000 2.000000 517.000000 1437.000000 0.000000 1.000000 102.308681
1 3.537627 3.000000 0.435032 1.696779 0.624975 0.047942 755.000000 2.000000 653.000000 1362.000000 0.000000 1.000000 146.321888
1 19.906195 3.000000 0.489204 10.478107 3.757313 0.383953 5928.000000 2.000000 4337.000000 9574.000000 0.000000 1.000000 118.619518
1 7.876835 3.000000 0.414611 4.037564 1.485720 0.137019 2403.000000 2.000000 1531.000000 2976.000000 0.000000 1.000000 139.677479
1 3.797076 3.000000 0.578982 1.722944 0.648760 0.073542 1132.000000 2.000000 653.000000 972.000000 0.000000 1.000000 146.309933
1 3.177929 3.000000 0.578191 1.414429 0.530011 0.059770 713.000000 2.000000 178.000000 813.000000 0.000000 1.000000 112.796863
1 14.952919 3.000000 0.579864 7.513270 2.905689 0.265710 3999.000000 2.000000 2291.000000 5838.000000 0.000000 1.000000 155.549434
1 2.030417 3.000000 0.581056 0.778440 0.282439 0.048668 840.000000 2.000000 187.000000 386.000000 0.000000 1.000000 162.939518
1 6.757865 3.000000 0.594022 3.291094 1.243248 0.085578 1111.000000 2.000000 1094.000000 2922.000000 0.000000 1.000000 113.483634
1 8.190388 3.000000 0.593495 4.016139 1.564707 0.153966 2176.000000 2.000000 1812.000000 3047.000000 0.000000 1.000000 129.577350
1 1.711116 3.000000 0.732779 0.505708 0.194413 0.036723 269.000000 2.000000 185.000000 463.000000 0.000000 1.000000 125.737395
1 12.056642 3.000000 0.584535 6.080065 2.336709 0.195397 1920.000000 2.000000 2083.000000 3992.000000 0.000000 1.000000 124.593590
1 12.356727 3.000000 0.760763 6.150639 2.358065 0.212067 3751.000000 2.000000 1590.000000 4851.000000 0.000000 1.000000 160.172187
1 4.010565 3.000000 0.553345 1.881902 0.697056 0.038254 378.000000 2.000000 683.000000 1440.000000 0.000000 1.000000 197.983854
1 11.519934 3.000000 0.409297 6.086053 2.233877 0.148121 2628.000000 2.000000 1940.000000 4190.000000 0.000000 1.000000 99.443534
1 6.767441 3.000000 0.567077 3.412059 1.237387 0.095384 1383.000000 2.000000 1059.000000 2721.000000 0.000000 1.000000 223.231505
1 10.517776 3.000000 0.569700 5.331268 1.991114 0.215850 3477.000000 2.000000 1983.000000 4297.000000 0.000000 1.000000 174.195351
1 5.037350 3.000000 0.576685 2.458007 0.883519 0.055823 761.000000 2.000000 637.000000 2341.000000 0.000000 1.000000 172.699215
1 12.397898 3.000000 0.569061 6.353435 2.399520 0.212162 3610.000000 2.000000 1912.000000 4501.000000 0.000000 1.000000 163.627179
1 1.131783 3.000000 0.560644 0.311128 0.114352 0.012772 133.000000 2.000000 142.000000 230.000000 0.000000 1.000000 120.418631
1 8.788567 3.000000 0.546443 4.495153 1.682625 0.076246 889.000000 2.000000 1662.000000 3776.000000 0.000000 1.000000 147.906945
1 16.293935 3.000000 0.817394 8.351013 3.134615 0.204866 2624.000000 2.000000 2465.000000 4972.000000 0.000000 1.000000 124.755473
1 6.148408 3.000000 0.403140 3.147118 1.115984 0.143475 2493.000000 2.000000 851.000000 3408.000000 0.000000 1.000000 118.250403
1 3.631336 3.000000 0.414532 1.764424 0.648136 0.084810 1366.000000 2.000000 405.000000 1395.000000 0.000000 1.000000 107.724318
1 2.861766 3.000000 0.442598 1.330439 0.479902 0.040120 597.000000 2.000000 469.000000 1005.000000 0.000000 1.000000 106.223188
1 8.780956 3.000000 0.557911 4.581064 1.613270 0.078175 1009.000000 2.000000 603.000000 3223.000000 0.000000 1.000000 201.479544
1 44.116262 3.000000 0.439748 22.626480 8.447065 1.369700 20556.000000 2.000000 11102.000000 22983.000000 0.000000 1.000000 233.856293
1 3.243966 3.000000 0.586304 1.442466 0.548837 0.020748 180.000000 2.000000 462.000000 1062.000000 0.000000 1.000000 131.063178
1 6.099943 3.000000 0.584082 2.979410 1.096103 0.078679 971.000000 2.000000 797.000000 2733.000000 0.000000 1.000000 177.142325
0 75.677227 3.000000 0.460048 16.717427 5.819106 0.159036 2656.000000 2.000000 3593.000000 26897.000000 0.000000 1.000000 -1.000000
1 7.320235 3.000000 0.412994 3.784216 1.375281 0.130186 2306.000000 2.000000 938.000000 2192.000000 0.000000 1.000000 172.590978
1 11.224306 3.000000 0.607534 5.783658 2.143140 0.133842 1847.000000 2.000000 2471.000000 4839.000000 0.000000 1.000000 136.864719
1 3.241060 3.000000 0.691677 1.358961 0.507039 0.074781 855.000000 2.000000 415.000000 1028.000000 0.000000 1.000000 146.511765
1 8.091050 3.000000 0.543042 3.988308 1.568162 0.148099 2354.000000 2.000000 1362.000000 2905.000000 0.000000 1.000000 147.641870
1 5.360500 3.000000 0.566995 2.657903 0.950555 0.066999 1014.000000 2.000000 591.000000 2000.000000 0.000000 1.000000 177.331658
