0 75.632910 3.000000 0.569160 1.254952 3.226422 0.089978 266.000000 0.000000 711.000000 141281.000000 1.000000 0.000000 -1.000000
1 4.028577 3.000000 0.387179 0.413127 1.940574 0.033019 182.000000 0.000000 705.000000 2899.000000 1.000000 0.000000 75.557130
1 1.416240 3.000000 0.555095 0.099165 0.429968 0.041764 137.000000 0.000000 162.000000 633.000000 1.000000 0.000000 74.048395
1 3.153116 3.000000 0.538138 0.295622 1.312692 0.075394 283.000000 0.000000 744.000000 2462.000000 1.000000 0.000000 64.821421
1 1.002526 3.000000 0.410853 0.069808 0.317446 0.011049 64.000000 0.000000 76.000000 462.000000 1.000000 0.000000 79.654561
1 7.909220 3.000000 1.038664 0.723377 3.231239 0.213676 734.000000 0.000000 2009.000000 3861.000000 1.000000 0.000000 73.099402
1 32.102725 3.000000 1.062053 3.388952 15.429288 0.173150 558.000000 0.000000 6372.000000 22413.000000 1.000000 0.000000 93.516401
1 5.487153 3.000000 0.820108 0.526653 2.505312 0.019676 65.000000 0.000000 854.000000 1900.000000 1.000000 0.000000 69.763079
1 4.181880 3.000000 0.584074 0.408641 1.779428 0.072034 331.000000 0.000000 764.000000 2847.000000 1.000000 0.000000 61.927103
1 26.459980 3.000000 0.423077 2.704202 12.790500 0.064774 260.000000 0.000000 8921.000000 19259.000000 1.000000 0.000000 58.883473
1 1.794611 3.000000 0.592509 0.140041 0.617722 0.043100 147.000000 0.000000 453.000000 963.000000 1.000000 0.000000 65.424018
0 75.525823 3.000000 0.524019 15.863588 20.831257 0.050991 210.000000 0.000000 1000.000000 3509428.000000 1.000000 0.000000 -1.000000
1 1.082679 3.000000 0.615915 0.053585 0.242064 0.018379 83.000000 0.000000 91.000000 271.000000 1.000000 0.000000 72.440930
1 23.764488 3.000000 0.812874 2.199638 10.175617 0.745642 1757.000000 0.000000 4170.000000 9998.000000 1.000000 0.000000 69.111909
1 3.606638 3.000000 0.574065 0.346857 1.571030 0.041813 120.000000 0.000000 468.000000 1994.000000 1.000000 0.000000 68.093432
1 1.536480 3.000000 0.661727 0.092449 0.418769 0.045760 172.000000 0.000000 287.000000 464.000000 1.000000 0.000000 59.712305
1 5.978535 3.000000 0.651128 0.571451 2.698894 0.123188 357.000000 0.000000 1227.000000 3444.000000 1.000000 0.000000 71.040930
1 1.851594 3.000000 0.525772 0.159046 0.710485 0.016756 83.000000 0.000000 321.000000 857.000000 1.000000 0.000000 75.959034
1 8.597494 3.000000 0.536254 0.914457 4.152608 0.070295 324.000000 0.000000 2061.000000 5893.000000 1.000000 0.000000 76.888656
1 4.089525 3.000000 0.580192 0.397275 1.698889 0.109945 385.000000 0.000000 730.000000 2252.000000 1.000000 0.000000 74.793891
1 15.047514 3.000000 0.643311 1.538956 7.191846 0.140636 480.000000 0.000000 2971.000000 10038.000000 1.000000 0.000000 66.799949
1 3.722976 3.000000 0.401002 0.393241 1.765157 0.029593 163.000000 0.000000 755.000000 3190.000000 1.000000 0.000000 74.714645
1 22.535178 3.000000 0.560052 2.439188 10.597146 0.150056 521.000000 0.000000 7285.000000 16376.000000 1.000000 0.000000 89.045211
1 16.317572 3.000000 0.616011 1.750887 7.561586 0.363029 771.000000 0.000000 3402.000000 9719.000000 1.000000 0.000000 73.927458
1 0.897897 3.000000 0.727911 0.016421 0.072194 0.009573 81.000000 0.000000 5.000000 86.000000 1.000000 0.000000 71.142303
1 6.601958 3.000000 0.426666 0.719809 3.202425 0.026448 242.000000 0.000000 1554.000000 3905.000000 1.000000 0.000000 92.012051
1 42.694854 3.000000 0.438375 4.291710 20.363492 0.122103 587.000000 0.000000 8109.000000 34504.000000 1.000000 0.000000 71.908819
1 4.571793 3.000000 0.567236 0.443429 1.973729 0.117255 377.000000 0.000000 1123.000000 2883.000000 1.000000 0.000000 66.990514
1 2.324286 3.000000 0.590537 0.202041 0.835741 0.051644 163.000000 0.000000 755.000000 1236.000000 1.000000 0.000000 68.572748
1 2.943522 3.000000 0.592393 0.279611 1.207664 0.049287 209.000000 0.000000 495.000000 1842.000000 1.000000 0.000000 78.581346
1 2.016424 3.000000 0.437834 0.193161 0.817413 0.021707 98.000000 0.000000 322.000000 1345.000000 1.000000 0.000000 69.834737
1 1.138008 3.000000 0.618422 0.059593 0.246889 0.033103 114.000000 0.000000 90.000000 356.000000 1.000000 0.000000 66.078340
0 75.557236 3.000000 0.554936 12.916123 24.071453 0.033177 257.000000 0.000000 1521.000000 2600757.000000 1.000000 0.000000 -1.000000
1 13.265665 3.000000 0.610523 1.442075 6.377313 0.107459 372.000000 0.000000 3130.000000 10786.000000 1.000000 0.000000 83.145170
1 6.538702 3.000000 0.434824 0.669355 3.229762 0.030260 135.000000 0.000000 942.000000 5192.000000 1.000000 0.000000 69.246920
1 27.992982 3.000000 0.733314 2.660840 12.190159 0.204667 1410.000000 0.000000 5799.000000 15994.000000 1.000000 0.000000 81.485549
1 8.611185 3.000000 0.436816 0.949912 4.281299 0.080180 197.000000 0.000000 1795.000000 5800.000000 1.000000 0.000000 78.524265
1 13.745353 3.000000 0.631593 1.454743 6.614209 0.098317 399.000000 0.000000 2082.000000 9222.000000 1.000000 0.000000 71.830512
1 9.034815 3.000000 0.602693 0.937934 4.365757 0.058773 262.000000 0.000000 1523.000000 7469.000000 1.000000 0.000000 68.992391
1 0.867739 3.000000 0.452694 0.049617 0.209940 0.014042 72.000000 0.000000 53.000000 224.000000 1.000000 0.000000 65.071698
1 22.360428 3.000000 0.482010 2.387587 11.439098 0.083666 383.000000 0.000000 6272.000000 16858.000000 1.000000 0.000000 67.821901
1 8.478573 3.000000 0.438512 0.933816 4.216018 0.054883 279.000000 0.000000 1845.000000 6072.000000 1.000000 0.000000 68.929769
1 5.790155 3.000000 0.614734 0.607751 2.578872 0.109779 341.000000 0.000000 1320.000000 4081.000000 1.000000 0.000000 69.929168
1 1.050743 3.000000 0.443276 0.066238 0.342625 0.007668 68.000000 0.000000 99.000000 523.000000 1.000000 0.000000 69.232703
1 1.535804 3.000000 0.585552 0.103421 0.467660 0.036357 135.000000 0.000000 187.000000 510.000000 1.000000 0.000000 73.124264
1 5.025541 3.000000 0.449561 0.516694 2.387328 0.023449 99.000000 0.000000 871.000000 4325.000000 1.000000 0.000000 67.714259
0 75.449889 3.000000 0.449496 2.406746 10.409738 0.041388 192.000000 0.000000 1372.000000 305194.000000 1.000000 0.000000 -1.000000
1 16.732181 3.000000 0.412061 1.819638 7.900836 0.045322 200.000000 0.000000 3905.000000 15023.000000 1.000000 0.000000 66.752700
1 7.709349 3.000000 0.583158 0.795052 3.548883 0.160220 505.000000 0.000000 1665.000000 5164.000000 1.000000 0.000000 100.206966
1 41.444288 3.000000 0.618790 4.261284 19.013782 0.413769 1102.000000 0.000000 8828.000000 21958.000000 1.000000 0.000000 69.291000
1 5.543937 3.000000 0.639885 0.596799 2.561888 0.061734 217.000000 0.000000 1207.000000 2877.000000 1.000000 0.000000 88.358586
1 12.227019 3.000000 0.498572 1.267877 6.104787 0.051133 249.000000 0.000000 2082.000000 9441.000000 1.000000 0.000000 69.939133
1 7.958631 3.000000 0.635168 0.831465 3.721098 0.071594 328.000000 0.000000 1189.000000 6796.000000 1.000000 0.000000 72.350385
0 75.690899 3.000000 0.644688 7.834179 34.043433 0.369216 1053.000000 0.000000 23770.000000 44171.000000 1.000000 0.000000 -1.000000
1 12.872497 3.000000 0.589028 1.351096 6.254130 0.243580 545.000000 0.000000 2473.000000 7575.000000 1.000000 0.000000 67.622531
1 17.275435 3.000000 0.470389 1.913541 8.486819 0.074570 310.000000 0.000000 3675.000000 12087.000000 1.000000 0.000000 84.817849
1 2.759494 3.000000 0.448953 0.266326 1.276099 0.033339 143.000000 0.000000 267.000000 2212.000000 1.000000 0.000000 76.640846
1 5.284349 3.000000 0.468599 0.550963 2.586215 0.026029 121.000000 0.000000 1111.000000 3362.000000 1.000000 0.000000 72.434154
1 0.954668 3.000000 0.416179 0.060498 0.300599 0.009529 56.000000 0.000000 74.000000 714.000000 1.000000 0.000000 65.607356
1 3.366550 3.000000 0.431742 0.343020 1.584747 0.034326 166.000000 0.000000 715.000000 2309.000000 1.000000 0.000000 64.762823
