Grid2 -64 -64 64 64 128 128
SceneView
eye 0.000000 -223.472883 171.874542
center 0.000000 0.000000 0.000000
right 1.000000 -0.000000 0.000000
forward 0.000000 0.777146 -0.629320
GroundFile none
ObstaclesFile none
Obstacles 50
5
-19.344713
1.683855
-20.384367
-0.850323
-18.919658
-1.814803
-17.425534
-0.655341
-17.535708
1.881317
0
4
0.000000
-7.143099
2.281477
-7.893234
3.063812
-5.066333
1.541484
-2.585320
0
4
-42.131475
51.259523
-42.047680
48.799203
-40.623346
45.883931
-39.312204
47.746772
0
3
-21.882210
48.558319
-22.986475
44.676908
-19.220185
43.957864
0
5
-58.395104
-10.680113
-59.152362
-13.968560
-56.137646
-16.670413
-54.557596
-14.692986
-55.694221
-11.966729
0
5
23.231694 -40.801866 21.946027 -42.831820 23.201647 -44.839076 25.021298 -43.452471 25.554863 -40.801866
0
3
-2.330269 -39.698841 -2.774513 -42.522072 0.347569 -41.741184
0
14
-53.072921 -46.062524 -46.679043 -48.830972 -39.192836 -50.838347 -32.329155 -50.686495 -27.453772 -50.066436 -20.218059 -47.412567 -16.770832 -44.925332 -17.941062 -43.303432 -21.165115 -45.629643 -27.930288 -48.110930 -32.477843 -48.689295 -38.951116 -48.832509 -46.019171 -46.937260 -52.278245 -44.227180
0
12
-10.769025 -57.462149 -5.931852 -53.122935 2.970391 -50.974067 12.063544 -50.929431 17.642464 -53.047700 25.782974 -56.780983 26.616692 -54.963041 18.415158 -51.201772 12.425710 -48.927629 2.727585 -48.975235 -6.891704 -51.297187 -12.104531 -55.973383
0
10
-34.082588 -35.889561 -35.251612 -27.521455 -38.269522 -20.029632 -44.554022 -12.988497 -49.735058 -5.448055 -51.383450 -6.580665 -46.130588 -14.225641 -39.994174 -21.100862 -37.198430 -28.041167 -36.063352 -36.166273
0
10
-28.455033 -18.925525 -21.995953 -14.568501 -9.800810 -12.993393 -1.020918 -16.742502 9.745752 -18.373503 10.045306 -16.396063 -0.469644 -14.803194 -9.516554 -10.940065 -22.721803 -12.645637 -29.573475 -17.267487
0
12
-4.083119 -29.332804 5.408100 -34.514171 11.224771 -36.402127 21.254076 -35.086715 31.491799 -32.974310 35.491379 -25.856864 33.747811 -24.877082 30.194827 -31.199790 20.921510 -33.113205 11.412565 -34.360367 6.202826 -32.669407 -3.124797 -27.577350
0
12
23.645569 -17.251574 24.094230 -7.504679 26.886773 1.565146 31.490582 9.461951 34.975053 13.523193 39.470062 17.238277 38.195928 18.779895 33.568789 14.955605 29.854328 10.626303 25.043047 2.373628 22.108026 -7.158945 21.647685 -17.159610
0
12
43.631127 -1.559912 50.166064 -12.442844 50.492585 -20.610199 47.527240 -30.449093 42.821714 -41.346741 37.886191 -43.834727 38.786467 -45.620645 44.370126 -42.805935 49.408972 -31.136343 52.504403 -20.865829 52.144032 -11.851810 45.345753 -0.530320
0
10
-52.856003 7.569100 -46.582674 13.995102 -45.572187 25.312685 -46.996628 36.978240 -52.164531 47.310700 -53.953269 46.416042 -48.939988 36.392722 -47.583057 25.280049 -48.511400 14.882488 -54.287115 8.966210
0
12
-30.202108 59.041994 -34.047792 52.186959 -31.883061 39.710797 -27.308873 32.419978 -22.847491 29.025890 -17.754630 27.391462 -17.143480 29.295798 -21.909629 30.825376 -25.808183 33.791280 -29.979771 40.440393 -31.955702 51.828429 -28.457842 58.063458
0
12
-11.550667 45.296313 -4.516487 50.007880 4.266297 49.773702 11.969186 45.931662 16.097167 37.852935 15.882713 27.860972 17.882253 27.818056 18.107525 38.314035 13.450736 47.427674 4.762501 51.761182 -5.100117 52.024152 -12.663681 46.957999
0
10
-0.767008 31.195710 2.959037 23.197072 2.795986 19.040366 -0.700409 7.621265 -10.965623 2.393670 -10.058027 0.611460 0.963477 6.224199 4.784284 18.702816 4.976483 23.602604 1.045936 32.040242
0
10
31.402552 51.306175 33.261331 42.315473 39.357684 35.086270 47.739803 25.032529 54.968954 20.056209 56.102984 21.703625 49.100067 26.524213 40.890230 36.371312 35.117225 43.217083 33.361132 51.711101
0
8
-36.610827 28.603278 -37.150109 15.289171 -29.999144 3.971368 -28.744277 -2.494257 -26.780913 -2.113201 -28.107446 4.721674 -35.126533 15.830755 -34.612465 28.522336
0
6
13.045556 16.458978 10.637117 9.826823 11.616577 -1.898050 13.609635 -1.731556 12.666679 9.556327 14.925438 15.776306
0
12
-14.184294 -24.793941 -16.167233 -24.341810 -18.052573 -25.950534 -17.888690 -28.423517 -15.807550 -29.769384 -13.901615 -29.059539 -14.519740 -27.399871 -15.592438 -27.799386 -16.180322 -27.419203 -16.226616 -26.720630 -15.694042 -26.266195 -14.578005 -26.520663
0
5
48.883999 10.145062 47.244810 12.401211 44.592548 11.539439 44.592548 8.750685 47.244810 7.888912
0
5
59.598281 6.724135 57.992980 8.933642 55.395548 8.089685 55.395548 5.358584 57.992980 4.514627
0
7
-42.746582 1.531779 -43.396951 2.882286 -44.858319 3.215833 -46.030245 2.281254 -46.030245 0.782305 -44.858319 -0.152275 -43.396951 0.181273
0
8
-18.829647 -57.473916 -21.757390 -58.659975 -20.789417 -62.484936 -17.649933 -62.135578 -17.849583 -60.341431 -19.425362 -60.516782 -19.621341 -59.742368 -18.151840 -59.147057
0
6
-29.517634 -30.114978 -25.801993 -29.633693 -25.450608 -25.903525 -27.714476 -25.690267 -27.895503 -27.611978 -29.809730 -27.859927
0
10
-57.846281 24.043139 -56.183306 24.510335 -55.315956 26.423644 -56.221531 28.319161 -57.893548 28.752887 -58.296362 27.200036 -57.347164 26.953811 -57.085395 26.405886 -57.336114 25.852818 -58.280180 25.587593
0
12
45.942349 -55.500752 46.106852 -54.033323 45.149934 -52.525317 43.459310 -51.949500 41.780868 -52.559916 41.015480 -53.822687 42.518298 -54.733572 42.962968 -53.999935 43.478442 -53.812468 43.997657 -53.989310 44.291541 -54.452440 44.195969 -55.304977
0
14
-60.679616 -58.231972 -59.028654 -58.496830 -57.161508 -57.734641 -55.962645 -56.112946 -55.781465 -54.104380 -56.670773 -52.294325 -58.080758 -51.395565 -59.402421 -53.469005 -58.573691 -53.997258 -58.292298 -54.569991 -58.349627 -55.205536 -58.728968 -55.718668 -59.319765 -55.959837 -60.290131 -55.804165
0
14
56.298386 -25.230648 55.869286 -26.505416 56.366470 -28.052789 57.685163 -29.002844 59.310346 -28.984533 60.607299 -28.005008 60.989800 -26.715491 59.356288 -26.230953 59.133172 -26.983138 58.730714 -27.287095 58.226403 -27.292777 57.817199 -26.997965 57.662918 -26.517800 57.913216 -25.774217
0
6
39.946564 -10.429374 39.271328 -14.757734 43.642098 -15.052707 43.788100 -12.889319 41.778499 -12.753695 42.088961 -10.763594
0
5
4.439141 41.279429 2.749441 43.605102 0.015449 42.716774 0.015449 39.842084 2.749441 38.953756
0
4
-25.066078 22.553117 -27.469652 24.956691 -29.873226 22.553117 -27.469652 20.149543
0
16
56.509355 49.138444 56.771744 47.853153 57.741645 46.606134 59.164107 45.918845 60.743833 45.933962 62.152881 46.648348 63.098740 47.913701 63.336483 49.203778 61.083499 49.618971 60.942896 48.856014 60.638861 48.449281 60.185939 48.219650 59.678155 48.214791 59.220922 48.435712 58.909158 48.836551 58.753980 49.596679
0
16
58.222330 -53.181379 58.453503 -54.260192 59.221894 -55.342888 60.355498 -56.033973 61.669906 -56.221025 62.951297 -55.873615 63.991221 -55.048258 64.514171 -54.076764 62.595273 -53.043831 62.284999 -53.620234 61.947985 -53.887711 61.532718 -54.000298 61.106751 -53.939680 60.739378 -53.715716 60.490362 -53.364841 60.353203 -52.724765
0
14
-49.517118 -29.448768 -50.353420 -28.243563 -52.104481 -27.927455 -53.566015 -28.942372 -53.881520 -30.693541 -52.866100 -32.154726 -51.422313 -32.414337 -51.155411 -30.930002 -51.984217 -30.780973 -52.286484 -30.346011 -52.192566 -29.824728 -51.757500 -29.522611 -51.236249 -29.616709 -50.756170 -30.308557
0
6
53.739152 41.963604 52.680296 43.797597 50.562583 43.797597 49.503726 41.963604 50.562583 40.129610 52.680296 40.129610
0
12
-2.931849 60.787103 -3.224569 59.588356 -2.717021 58.187986 -1.518627 57.303399 -0.030878 57.230955 1.028421 57.863856 0.161416 59.314978 -0.459143 58.944211 -0.925932 58.966941 -1.301935 59.244485 -1.461181 59.683858 -1.289699 60.386109
0
5
34.767571 -1.360969 33.679633 0.136448 31.919313 -0.435514 31.919313 -2.286424 33.679633 -2.858387
0
12
-54.883115 59.375276 -53.398150 58.298441 -51.204698 58.676389 -49.944039 60.510732 -50.377338 62.693924 -51.914851 63.694298 -52.927524 62.137883 -52.046259 61.564493 -51.917791 60.917201 -52.291562 60.373339 -52.941896 60.261282 -53.793041 60.878497
0
10
-12.328295 19.278868 -12.008521 16.563109 -9.091611 14.947788 -6.077892 16.374365 -5.586081 19.064296 -7.886699 19.484928 -8.162763 17.975015 -9.008002 17.574912 -9.826089 18.027951 -10.005585 19.552362
0
5
-59.237840 5.229666 -60.769184 7.337381 -63.246951 6.532306 -63.246951 3.927027 -60.769184 3.121952
0
3
-43.068927 -58.959841 -46.118874 -57.198953 -46.118874 -60.720728
0
8
52.577532 -35.837481 53.201081 -38.124146 56.110838 -38.398927 57.151425 -36.269414 55.716232 -35.568106 55.160821 -36.704730 54.451456 -36.637741 54.118638 -35.417239
0
6
27.287878 21.129033 28.958787 25.819337 23.989768 25.503520 24.119784 23.457870 25.983760 23.576339 25.356969 21.816914
0
14
45.608404 50.070501 46.902139 49.556826 48.573761 49.679858 50.024258 50.519810 50.963023 51.908399 51.201976 53.567423 50.779492 54.893741 48.421242 54.142545 48.671233 53.357743 48.594321 52.823760 48.292165 52.376820 47.825300 52.106468 47.287261 52.066868 46.521739 52.370817
0
8
22.751812 52.056062 22.071546 53.698369 20.429238 54.378635 18.786930 53.698369 18.106664 52.056062 18.786930 50.413754 20.429238 49.733488 22.071546 50.413754
0
12
9.414962 -62.178182 11.169897 -63.726190 14.001080 -63.506239 15.815007 -61.321373 15.510429 -58.498040 13.666027 -57.057794 12.212225 -58.919557 13.269087 -59.744834 13.359323 -60.581289 12.821919 -61.228590 11.983138 -61.293753 10.977541 -60.406728
0
5
-33.899655 -8.169101 -35.123427 -6.484724 -37.103530 -7.128099 -37.103530 -9.210103 -35.123427 -9.853478
0
16
13.874273 -22.491554 14.352045 -23.531466 15.409259 -24.415121 16.743515 -24.759082 18.096175 -24.496676 19.205036 -23.678768 19.855153 -22.463904 19.909432 -21.320778 17.842722 -21.222645 17.810589 -21.899367 17.601089 -22.290856 17.243759 -22.554426 16.807866 -22.638987 16.377903 -22.528145 16.037216 -22.243388 15.754379 -21.627768
0
