1 2.391654 1.000000 2.383189 0.003957 0.001979 0.000254 3.000000 0.000000 0.000000 3.000000 1.000000 1.000000 17.354625
1 2.031692 1.000000 2.027283 0.001858 0.000860 0.000159 4.000000 0.000000 0.000000 0.000000 1.000000 1.000000 22.553869
1 1.359398 1.000000 1.355557 0.001647 0.000756 0.000157 4.000000 0.000000 0.000000 0.000000 1.000000 1.000000 20.428824
1 1.376662 1.000000 1.371911 0.002149 0.001046 0.000144 3.000000 0.000000 0.000000 8.000000 1.000000 1.000000 16.835195
1 2.205473 1.000000 2.193314 0.005445 0.002630 0.000256 4.000000 0.000000 0.000000 7.000000 1.000000 1.000000 19.667518
1 2.327782 1.000000 2.324009 0.001540 0.000815 0.000160 3.000000 0.000000 0.000000 0.000000 1.000000 1.000000 19.356215
1 1.560891 1.000000 1.552927 0.003455 0.001807 0.000297 4.000000 0.000000 0.000000 7.000000 1.000000 1.000000 19.960178
1 1.809154 1.000000 1.801074 0.003615 0.001864 0.000177 4.000000 0.000000 0.000000 6.000000 1.000000 1.000000 20.099135
1 2.079565 1.000000 2.074511 0.002119 0.000962 0.000246 3.000000 0.000000 0.000000 0.000000 1.000000 1.000000 13.377526
1 3.221067 1.000000 3.213253 0.002234 0.001265 0.000249 6.000000 0.000000 0.000000 4.000000 1.000000 1.000000 19.808697
1 1.411691 1.000000 1.406859 0.002011 0.001081 0.000145 4.000000 0.000000 0.000000 8.000000 1.000000 1.000000 24.504168
1 1.366513 1.000000 1.361289 0.002297 0.001181 0.000137 4.000000 0.000000 0.000000 10.000000 1.000000 1.000000 16.634262
1 2.316718 1.000000 2.309655 0.002990 0.001512 0.000234 4.000000 0.000000 0.000000 0.000000 1.000000 1.000000 22.972785
1 2.218132 1.000000 2.215396 0.001201 0.000562 0.000141 3.000000 0.000000 0.000000 0.000000 1.000000 1.000000 14.155563
1 1.396768 1.000000 1.392948 0.001674 0.000850 0.000136 3.000000 0.000000 0.000000 0.000000 1.000000 1.000000 19.137295
1 1.354354 1.000000 1.350842 0.001443 0.000704 0.000141 4.000000 0.000000 0.000000 0.000000 1.000000 1.000000 19.345506
1 1.851960 1.000000 1.841457 0.004666 0.002866 0.000249 3.000000 0.000000 0.000000 6.000000 1.000000 1.000000 13.322307
1 2.390046 1.000000 2.384137 0.002426 0.001216 0.000225 4.000000 0.000000 0.000000 0.000000 1.000000 1.000000 17.362452
1 1.741733 1.000000 1.735756 0.002688 0.001251 0.000146 4.000000 0.000000 0.000000 2.000000 1.000000 1.000000 23.150778
1 1.422610 1.000000 1.419626 0.001241 0.000613 0.000146 3.000000 0.000000 0.000000 0.000000 1.000000 1.000000 15.773941
1 1.398987 1.000000 1.392661 0.002566 0.001250 0.000232 4.000000 0.000000 0.000000 0.000000 1.000000 1.000000 18.334781
1 2.400473 1.000000 2.394860 0.002534 0.001213 0.000233 3.000000 0.000000 0.000000 0.000000 1.000000 1.000000 21.047382
1 2.073376 1.000000 2.069977 0.001428 0.000698 0.000177 3.000000 0.000000 0.000000 0.000000 1.000000 1.000000 18.521324
1 1.392252 1.000000 1.388684 0.001442 0.000729 0.000156 4.000000 0.000000 0.000000 0.000000 1.000000 1.000000 16.988946
1 1.377675 1.000000 1.371615 0.002772 0.001346 0.000162 4.000000 0.000000 0.000000 11.000000 1.000000 1.000000 17.617574
1 1.990367 1.000000 1.982482 0.003328 0.001677 0.000231 4.000000 0.000000 0.000000 2.000000 1.000000 1.000000 19.688783
1 2.922436 1.000000 2.909077 0.005817 0.002995 0.000298 4.000000 0.000000 0.000000 6.000000 1.000000 1.000000 21.908321
1 1.437961 1.000000 1.433935 0.001557 0.000911 0.000138 4.000000 0.000000 0.000000 3.000000 1.000000 1.000000 15.076082
1 1.687424 1.000000 1.678838 0.003734 0.002001 0.000181 4.000000 0.000000 0.000000 8.000000 1.000000 1.000000 17.928045
1 1.692166 1.000000 1.686596 0.002320 0.001048 0.000249 4.000000 0.000000 0.000000 0.000000 1.000000 1.000000 15.316526
1 2.413536 1.000000 2.406340 0.003328 0.001571 0.000262 3.000000 0.000000 0.000000 1.000000 1.000000 1.000000 16.985490
1 1.749201 1.000000 1.740906 0.003073 0.001577 0.000859 4.000000 0.000000 0.000000 10.000000 1.000000 1.000000 19.040785
1 1.355388 1.000000 1.351466 0.001719 0.000870 0.000145 3.000000 0.000000 0.000000 0.000000 1.000000 1.000000 19.578513
1 1.352846 1.000000 1.348919 0.001569 0.000803 0.000162 4.000000 0.000000 0.000000 0.000000 1.000000 1.000000 18.488153
1 2.185079 1.000000 2.180512 0.001971 0.000881 0.000198 3.000000 0.000000 0.000000 0.000000 1.000000 1.000000 13.922070
1 2.259255 1.000000 2.254768 0.001809 0.000936 0.000183 4.000000 0.000000 0.000000 0.000000 1.000000 1.000000 16.119513
1 1.436692 1.000000 1.433142 0.001552 0.000756 0.000147 3.000000 0.000000 0.000000 0.000000 1.000000 1.000000 18.817849
1 1.358775 1.000000 1.353019 0.002431 0.001164 0.000196 5.000000 0.000000 0.000000 6.000000 1.000000 1.000000 18.705737
1 1.809365 1.000000 1.803240 0.002540 0.001249 0.000258 4.000000 0.000000 0.000000 0.000000 1.000000 1.000000 14.926753
1 2.928225 1.000000 2.920251 0.003275 0.001666 0.000253 4.000000 0.000000 0.000000 0.000000 1.000000 1.000000 22.880445
1 1.422498 1.000000 1.418540 0.001675 0.000799 0.000185 3.000000 0.000000 0.000000 0.000000 1.000000 1.000000 19.410751
1 1.696894 1.000000 1.691194 0.002348 0.001138 0.000171 5.000000 0.000000 0.000000 1.000000 1.000000 1.000000 23.163901
1 1.726952 1.000000 1.722004 0.001937 0.000918 0.000228 4.000000 0.000000 0.000000 0.000000 1.000000 1.000000 14.388558
1 2.965592 1.000000 2.951235 0.006153 0.003058 0.000294 5.000000 0.000000 0.000000 6.000000 1.000000 1.000000 19.911338
1 1.492031 1.000000 1.483678 0.003694 0.002124 0.000147 3.000000 0.000000 0.000000 15.000000 1.000000 1.000000 22.175778
1 1.624071 1.000000 1.617978 0.002689 0.001361 0.000206 5.000000 0.000000 0.000000 0.000000 1.000000 1.000000 17.024254
1 1.366066 1.000000 1.361505 0.001978 0.000977 0.000149 4.000000 0.000000 0.000000 3.000000 1.000000 1.000000 19.614005
1 1.637678 1.000000 1.626467 0.005112 0.002630 0.000263 4.000000 0.000000 0.000000 6.000000 1.000000 1.000000 42.208626
1 2.391451 1.000000 2.385266 0.002718 0.001415 0.000238 3.000000 0.000000 0.000000 1.000000 1.000000 1.000000 17.874635
1 1.826752 1.000000 1.823476 0.001268 0.000582 0.000150 4.000000 0.000000 0.000000 0.000000 1.000000 1.000000 14.722395
1 1.396874 1.000000 1.392829 0.001755 0.000906 0.000161 3.000000 0.000000 0.000000 1.000000 1.000000 1.000000 19.393806
1 1.743700 1.000000 1.736186 0.002667 0.001353 0.000314 5.000000 0.000000 0.000000 0.000000 1.000000 1.000000 18.503897
1 2.629075 1.000000 2.620230 0.003401 0.002039 0.000315 5.000000 0.000000 0.000000 3.000000 1.000000 1.000000 18.612178
1 2.066232 1.000000 2.055011 0.005117 0.002445 0.000254 4.000000 0.000000 0.000000 8.000000 1.000000 1.000000 14.845394
1 1.421440 1.000000 1.413412 0.003645 0.001930 0.000153 4.000000 0.000000 0.000000 8.000000 1.000000 1.000000 19.068491
1 1.456973 1.000000 1.453465 0.001474 0.000743 0.000156 3.000000 0.000000 0.000000 0.000000 1.000000 1.000000 22.374449
1 1.308007 1.000000 1.304044 0.001595 0.000810 0.000183 4.000000 0.000000 0.000000 0.000000 1.000000 1.000000 18.243720
1 1.327031 1.000000 1.320463 0.002816 0.001631 0.000197 4.000000 0.000000 0.000000 7.000000 1.000000 1.000000 14.538830
1 1.764296 2.000000 1.374537 0.184004 0.104193 0.002303 23.000000 0.000000 110.000000 161.000000 1.000000 1.000000 44.752137
1 2.362236 2.000000 2.277568 0.032711 0.021763 0.001666 21.000000 0.000000 22.000000 16.000000 1.000000 1.000000 38.299517
1 7.580514 2.000000 5.493451 0.828180 0.522403 0.043939 134.000000 0.000000 328.000000 338.000000 1.000000 1.000000 71.605401
1 3.927600 2.000000 2.642451 0.606271 0.329052 0.018720 65.000000 0.000000 87.000000 357.000000 1.000000 1.000000 179.547260
1 1.669574 2.000000 1.484748 0.086139 0.049058 0.001475 18.000000 0.000000 53.000000 39.000000 1.000000 1.000000 33.712095
1 2.833728 2.000000 2.659143 0.053315 0.034503 0.006655 56.000000 0.000000 15.000000 34.000000 1.000000 1.000000 59.975768
1 2.181736 2.000000 1.646133 0.253663 0.144525 0.002060 25.000000 0.000000 98.000000 331.000000 1.000000 1.000000 53.652848
1 1.532425 2.000000 1.497371 0.015041 0.008306 0.001216 16.000000 0.000000 2.000000 17.000000 1.000000 1.000000 41.232995
1 6.865780 2.000000 1.716134 2.490470 1.359086 0.041529 95.000000 0.000000 186.000000 892.000000 1.000000 1.000000 112.396026
1 4.117852 2.000000 2.544701 0.744527 0.409000 0.022716 95.000000 0.000000 143.000000 397.000000 1.000000 1.000000 211.341652
0 76.573452 2.000000 1.573219 33.394314 9.528163 0.009877 93.000000 0.000000 336.000000 537294.000000 1.000000 1.000000 -1.000000
1 1.431761 2.000000 1.354146 0.035833 0.020109 0.001125 18.000000 0.000000 23.000000 35.000000 1.000000 1.000000 38.625654
1 2.595536 2.000000 1.400976 0.559799 0.314321 0.010544 52.000000 0.000000 226.000000 273.000000 1.000000 1.000000 36.656010
1 3.143368 2.000000 2.494308 0.288037 0.174925 0.010517 38.000000 0.000000 53.000000 121.000000 1.000000 1.000000 48.491048
1 3.060415 2.000000 2.931265 0.060766 0.030792 0.002208 16.000000 0.000000 0.000000 125.000000 1.000000 1.000000 48.209132
1 3.405956 2.000000 3.137837 0.127459 0.071538 0.001851 14.000000 0.000000 57.000000 14.000000 1.000000 1.000000 32.818733
1 2.819591 2.000000 2.581071 0.088106 0.057127 0.004478 51.000000 0.000000 54.000000 34.000000 1.000000 1.000000 61.765542
1 1.700648 2.000000 1.630257 0.028498 0.016870 0.001844 18.000000 0.000000 0.000000 24.000000 1.000000 1.000000 54.144648
1 2.800454 2.000000 2.588398 0.097703 0.056310 0.001980 18.000000 0.000000 59.000000 30.000000 1.000000 1.000000 35.881908
1 2.438134 2.000000 2.061795 0.172995 0.102139 0.001936 22.000000 0.000000 81.000000 89.000000 1.000000 1.000000 34.059417
1 2.011215 2.000000 1.788628 0.100198 0.061718 0.001138 18.000000 0.000000 68.000000 24.000000 1.000000 1.000000 56.939209
1 3.782938 2.000000 3.623537 0.068321 0.041484 0.002141 19.000000 0.000000 19.000000 29.000000 1.000000 1.000000 42.385381
1 4.066519 2.000000 1.947159 0.993156 0.551031 0.024679 106.000000 0.000000 171.000000 743.000000 1.000000 1.000000 102.700690
1 7.952384 2.000000 2.975347 2.410306 1.310337 0.037276 92.000000 0.000000 345.000000 825.000000 1.000000 1.000000 41.995438
1 3.042240 2.000000 1.593403 0.679072 0.395425 0.002938 26.000000 0.000000 176.000000 442.000000 1.000000 1.000000 64.135832
1 2.134144 2.000000 1.970362 0.076897 0.043560 0.000885 14.000000 0.000000 58.000000 15.000000 1.000000 1.000000 41.373758
1 1.921004 2.000000 1.616198 0.142212 0.082532 0.001958 24.000000 0.000000 68.000000 89.000000 1.000000 1.000000 45.893464
1 1.924858 2.000000 1.879443 0.019735 0.011394 0.000864 16.000000 0.000000 28.000000 0.000000 1.000000 1.000000 32.366462
1 2.222442 2.000000 1.654268 0.263717 0.151512 0.007481 34.000000 0.000000 133.000000 137.000000 1.000000 1.000000 30.840742
1 2.209582 2.000000 1.398955 0.387374 0.222959 0.001684 21.000000 0.000000 260.000000 140.000000 1.000000 1.000000 32.506667
1 6.309383 2.000000 1.740279 2.101058 1.227388 0.030730 89.000000 0.000000 317.000000 682.000000 1.000000 1.000000 42.250802
1 3.144446 2.000000 2.488524 0.315962 0.179648 0.001805 17.000000 0.000000 148.000000 49.000000 1.000000 1.000000 50.616150
1 5.315307 2.000000 4.026324 0.552748 0.337486 0.022600 73.000000 0.000000 242.000000 169.000000 1.000000 1.000000 52.027619
1 12.950418 2.000000 3.005150 4.640506 2.628499 0.062570 149.000000 0.000000 358.000000 1525.000000 1.000000 1.000000 228.647551
1 2.922533 2.000000 2.477073 0.210990 0.118362 0.002270 22.000000 0.000000 70.000000 89.000000 1.000000 1.000000 32.462437
1 10.425192 2.000000 2.520005 3.667296 2.094736 0.043395 116.000000 0.000000 390.000000 1334.000000 1.000000 1.000000 170.572694
1 8.783455 2.000000 3.042187 2.670861 1.594896 0.027013 67.000000 0.000000 479.000000 861.000000 1.000000 1.000000 62.539009
1 2.875873 2.000000 2.498216 0.178962 0.103352 0.002668 20.000000 0.000000 63.000000 48.000000 1.000000 1.000000 49.274208
1 3.429800 2.000000 2.466787 0.431642 0.264564 0.006407 30.000000 0.000000 209.000000 171.000000 1.000000 1.000000 32.323582
1 3.253502 2.000000 3.131343 0.055112 0.031190 0.001765 16.000000 0.000000 4.000000 31.000000 1.000000 1.000000 42.781942
1 3.869054 2.000000 3.568569 0.130772 0.080486 0.003946 21.000000 0.000000 88.000000 25.000000 1.000000 1.000000 36.493453
1 3.307983 2.000000 3.106001 0.090828 0.052324 0.004216 19.000000 0.000000 23.000000 46.000000 1.000000 1.000000 58.440917
1 3.712605 2.000000 3.068937 0.304743 0.174197 0.002856 22.000000 0.000000 100.000000 74.000000 1.000000 1.000000 33.608122
1 5.486143 2.000000 3.639695 0.810885 0.488470 0.055531 98.000000 0.000000 203.000000 300.000000 1.000000 1.000000 55.165182
1 3.213227 2.000000 3.164765 0.018883 0.011221 0.002555 15.000000 0.000000 0.000000 13.000000 1.000000 1.000000 41.340014
1 4.031157 2.000000 2.548469 0.666852 0.395066 0.015594 47.000000 0.000000 177.000000 161.000000 1.000000 1.000000 48.318112
1 5.125308 2.000000 3.070822 0.969882 0.557356 0.004446 26.000000 0.000000 362.000000 326.000000 1.000000 1.000000 34.845711
1 3.548253 2.000000 3.089511 0.215889 0.124998 0.003557 20.000000 0.000000 63.000000 41.000000 1.000000 1.000000 55.122131
1 7.559185 2.000000 3.002753 2.087965 1.224358 0.038483 92.000000 0.000000 317.000000 743.000000 1.000000 1.000000 167.076478
1 3.065734 2.000000 2.998131 0.028817 0.016579 0.002231 15.000000 0.000000 15.000000 4.000000 1.000000 1.000000 36.698797
1 2.641708 2.000000 2.496637 0.060616 0.038762 0.001741 17.000000 0.000000 32.000000 17.000000 1.000000 1.000000 43.090578
1 3.750277 2.000000 3.558192 0.082641 0.049160 0.002803 24.000000 0.000000 42.000000 26.000000 1.000000 1.000000 43.748521
1 2.537541 2.000000 2.474198 0.027146 0.015408 0.001860 15.000000 0.000000 4.000000 10.000000 1.000000 1.000000 41.034632
1 3.235247 2.000000 3.017681 0.097345 0.054981 0.006908 20.000000 0.000000 33.000000 17.000000 1.000000 1.000000 56.153539
1 2.900481 2.000000 2.557871 0.156705 0.092932 0.004138 20.000000 0.000000 43.000000 42.000000 1.000000 1.000000 42.946679
1 3.443243 2.000000 3.089574 0.155524 0.098955 0.002229 16.000000 0.000000 62.000000 46.000000 1.000000 1.000000 39.301985
1 3.172335 2.000000 3.151622 0.007831 0.004831 0.000671 11.000000 0.000000 2.000000 2.000000 1.000000 1.000000 30.892264
1 3.313608 2.000000 3.057611 0.117209 0.066255 0.004912 18.000000 0.000000 15.000000 27.000000 1.000000 1.000000 37.503776
1 3.739941 2.000000 3.112835 0.274229 0.174447 0.003098 21.000000 0.000000 73.000000 98.000000 1.000000 1.000000 35.983478
1 3.578440 2.000000 3.027261 0.258533 0.149971 0.002734 22.000000 0.000000 63.000000 103.000000 1.000000 1.000000 44.095640
1 27.764028 4.000000 3.183770 11.592733 5.922566 0.585826 921.000000 0.000000 1141.000000 5043.000000 1.000000 1.000000 144.413558
1 3.418417 4.000000 1.600557 0.871797 0.412755 0.003754 46.000000 0.000000 148.000000 916.000000 1.000000 1.000000 85.093419
1 2.100131 4.000000 1.645949 0.210474 0.118448 0.005762 54.000000 0.000000 128.000000 81.000000 1.000000 1.000000 67.367587
1 11.801136 4.000000 1.644205 4.870869 2.624173 0.100653 334.000000 0.000000 2558.000000 3069.000000 1.000000 1.000000 152.496807
1 7.642166 4.000000 1.804942 2.881794 1.502949 0.055554 139.000000 0.000000 725.000000 633.000000 1.000000 1.000000 55.801652
1 2.943565 4.000000 2.318857 0.291678 0.157639 0.011875 53.000000 0.000000 103.000000 68.000000 1.000000 1.000000 59.203876
1 21.076792 4.000000 2.783284 8.819520 4.625852 0.179546 493.000000 0.000000 1497.000000 2782.000000 1.000000 1.000000 123.796189
1 5.349198 4.000000 3.235207 0.843648 0.489627 0.083470 293.000000 0.000000 647.000000 357.000000 1.000000 1.000000 118.430488
1 3.901144 4.000000 1.840478 0.933926 0.527619 0.048777 173.000000 0.000000 293.000000 457.000000 1.000000 1.000000 98.244515
1 1.825971 4.000000 1.738924 0.039220 0.020807 0.002605 25.000000 0.000000 10.000000 9.000000 1.000000 1.000000 70.470427
1 2.607124 4.000000 2.244469 0.154282 0.087747 0.011641 44.000000 0.000000 39.000000 35.000000 1.000000 1.000000 49.258553
1 9.831396 4.000000 2.945353 3.447858 1.696014 0.095201 216.000000 0.000000 525.000000 1121.000000 1.000000 1.000000 68.345725
1 6.692096 4.000000 2.638522 1.939325 1.010574 0.072013 174.000000 0.000000 468.000000 641.000000 1.000000 1.000000 59.163198
1 2.210647 4.000000 2.102476 0.042525 0.023845 0.004038 35.000000 0.000000 7.000000 25.000000 1.000000 1.000000 50.054791
1 1.901562 4.000000 1.664294 0.114604 0.058544 0.003534 33.000000 0.000000 40.000000 73.000000 1.000000 1.000000 77.712529
1 2.177271 4.000000 1.672603 0.247699 0.128589 0.004202 38.000000 0.000000 132.000000 225.000000 1.000000 1.000000 95.298505
1 2.250246 4.000000 1.393926 0.412671 0.235154 0.007069 48.000000 0.000000 209.000000 133.000000 1.000000 1.000000 49.507442
1 11.293595 4.000000 1.730591 4.462011 2.359579 0.255600 344.000000 0.000000 1177.000000 1120.000000 1.000000 1.000000 52.454454
1 3.887518 4.000000 1.803857 0.970170 0.561544 0.014333 110.000000 0.000000 698.000000 382.000000 1.000000 1.000000 62.391216
1 6.823439 4.000000 3.036105 1.813645 0.968182 0.088130 177.000000 0.000000 563.000000 797.000000 1.000000 1.000000 95.550962
0 76.791499 4.000000 1.778930 37.283003 12.576723 0.018582 107.000000 0.000000 245.000000 321908.000000 1.000000 1.000000 -1.000000
1 13.285821 4.000000 2.221604 5.209716 2.850687 0.214846 502.000000 0.000000 1480.000000 2147.000000 1.000000 1.000000 166.690077
1 4.047677 4.000000 3.383599 0.282952 0.164727 0.027751 93.000000 0.000000 167.000000 69.000000 1.000000 1.000000 56.809583
1 1.780005 4.000000 1.451572 0.158510 0.085592 0.003797 37.000000 0.000000 100.000000 85.000000 1.000000 1.000000 51.338602
1 5.233672 4.000000 3.358674 0.786399 0.475304 0.034137 174.000000 0.000000 429.000000 223.000000 1.000000 1.000000 66.268827
1 2.015844 4.000000 1.729753 0.131399 0.073994 0.006052 44.000000 0.000000 86.000000 51.000000 1.000000 1.000000 54.204415
1 3.530264 4.000000 2.330496 0.551231 0.307382 0.017182 71.000000 0.000000 156.000000 106.000000 1.000000 1.000000 88.197354
1 2.900767 4.000000 2.717928 0.084454 0.045803 0.004513 33.000000 0.000000 46.000000 26.000000 1.000000 1.000000 58.723284
1 13.998042 4.000000 1.748801 5.972841 3.199629 0.058375 197.000000 0.000000 2123.000000 1638.000000 1.000000 1.000000 89.163037
1 9.159872 4.000000 2.213861 3.411672 1.717905 0.095121 244.000000 0.000000 842.000000 788.000000 1.000000 1.000000 49.558676
1 2.764030 4.000000 1.727558 0.496726 0.277045 0.010342 73.000000 0.000000 305.000000 259.000000 1.000000 1.000000 48.842472
1 15.687877 4.000000 2.385174 6.636126 3.250949 0.110201 323.000000 0.000000 1246.000000 2880.000000 1.000000 1.000000 52.439179
1 3.869748 4.000000 2.361820 0.684929 0.374231 0.057195 105.000000 0.000000 176.000000 106.000000 1.000000 1.000000 82.359144
1 4.980922 4.000000 3.326670 0.802657 0.440600 0.013428 66.000000 0.000000 310.000000 115.000000 1.000000 1.000000 55.162223
1 2.200316 4.000000 1.848769 0.164737 0.090994 0.005540 49.000000 0.000000 102.000000 54.000000 1.000000 1.000000 55.875886
1 6.640749 4.000000 1.745369 2.422327 1.246301 0.065608 130.000000 0.000000 686.000000 360.000000 1.000000 1.000000 98.997778
1 2.007710 4.000000 1.761934 0.112899 0.063021 0.005087 43.000000 0.000000 54.000000 56.000000 1.000000 1.000000 49.825024
1 3.507361 4.000000 2.260518 0.585637 0.324671 0.021353 77.000000 0.000000 190.000000 151.000000 1.000000 1.000000 72.400931
1 6.726622 4.000000 2.474816 2.032633 1.115034 0.028937 180.000000 0.000000 1285.000000 1117.000000 1.000000 1.000000 81.098212
0 76.534603 4.000000 1.364432 17.088252 8.562256 0.295907 659.000000 0.000000 3293.000000 27888.000000 1.000000 1.000000 -1.000000
1 37.673597 4.000000 2.770513 17.463262 8.485141 0.283748 719.000000 0.000000 1787.000000 7084.000000 1.000000 1.000000 67.190219
1 37.501626 4.000000 1.775592 16.792270 8.862687 0.444385 861.000000 0.000000 2741.000000 6175.000000 1.000000 1.000000 185.823311
1 2.398235 4.000000 1.555404 0.396768 0.220372 0.010593 76.000000 0.000000 225.000000 148.000000 1.000000 1.000000 72.128819
1 2.340551 4.000000 1.702445 0.303615 0.166455 0.007814 60.000000 0.000000 162.000000 123.000000 1.000000 1.000000 52.993281
1 4.399992 4.000000 2.170288 1.076189 0.555172 0.025743 75.000000 0.000000 193.000000 443.000000 1.000000 1.000000 77.359129
1 4.914489 4.000000 3.274457 0.792054 0.428381 0.018987 72.000000 0.000000 237.000000 200.000000 1.000000 1.000000 57.490732
1 7.491943 4.000000 2.107109 2.665063 1.389903 0.032849 178.000000 0.000000 1622.000000 1322.000000 1.000000 1.000000 65.617500
1 3.052970 4.000000 1.696817 0.632503 0.360014 0.018792 65.000000 0.000000 311.000000 172.000000 1.000000 1.000000 80.543059
1 4.171114 4.000000 1.763364 1.138326 0.593472 0.080516 123.000000 0.000000 259.000000 241.000000 1.000000 1.000000 107.321278
1 6.295795 4.000000 3.371621 1.352507 0.789019 0.027258 128.000000 0.000000 600.000000 393.000000 1.000000 1.000000 57.058808
1 2.223992 4.000000 1.465853 0.375228 0.200774 0.008235 56.000000 0.000000 287.000000 124.000000 1.000000 1.000000 66.817623
0 77.022043 4.000000 2.013808 36.641922 19.518746 0.009846 65.000000 0.000000 106.000000 481489.000000 1.000000 1.000000 -1.000000
1 1.995973 4.000000 1.671418 0.153459 0.086257 0.003444 31.000000 0.000000 84.000000 36.000000 1.000000 1.000000 72.723188
1 17.161596 4.000000 2.018261 7.058706 3.730612 0.392620 512.000000 0.000000 1050.000000 1604.000000 1.000000 1.000000 153.147854
1 3.996969 4.000000 3.613101 0.170550 0.089217 0.009823 51.000000 0.000000 36.000000 98.000000 1.000000 1.000000 59.685825
1 7.369104 4.000000 3.575796 1.820359 0.917705 0.080129 201.000000 0.000000 383.000000 484.000000 1.000000 1.000000 101.992659
1 5.211578 4.000000 2.528401 1.327871 0.703197 0.016158 70.000000 0.000000 429.000000 201.000000 1.000000 1.000000 46.147019
1 3.932680 4.000000 3.064434 0.418691 0.221652 0.014051 48.000000 0.000000 108.000000 101.000000 1.000000 1.000000 67.941068
1 4.605018 4.000000 3.112863 0.721899 0.388824 0.013903 65.000000 0.000000 293.000000 133.000000 1.000000 1.000000 50.325230
1 30.066431 6.000000 3.062221 12.967070 6.756079 0.670717 786.000000 0.000000 2265.000000 3105.000000 1.000000 1.000000 147.732600
1 23.588653 6.000000 3.685856 9.250360 5.033099 0.683836 791.000000 0.000000 1393.000000 2306.000000 1.000000 1.000000 306.174790
1 23.667805 6.000000 3.073232 9.892459 5.355284 0.388902 568.000000 0.000000 1720.000000 2640.000000 1.000000 1.000000 173.729433
1 18.468302 6.000000 3.111197 7.114301 3.970836 0.477942 952.000000 0.000000 2775.000000 3375.000000 1.000000 1.000000 93.123251
0 77.147340 6.000000 1.650515 12.947515 6.957131 0.276335 533.000000 0.000000 729.000000 11773.000000 1.000000 1.000000 -1.000000
1 11.457728 6.000000 3.291772 3.904871 2.076210 0.235195 360.000000 0.000000 841.000000 1182.000000 1.000000 1.000000 142.800400
1 10.785587 6.000000 1.795545 4.346530 2.350010 0.116670 317.000000 0.000000 755.000000 785.000000 1.000000 1.000000 124.768940
1 21.052050 6.000000 3.188130 8.377927 4.789932 0.338217 971.000000 0.000000 3441.000000 3526.000000 1.000000 1.000000 99.287789
1 14.389070 6.000000 1.749813 5.992139 3.312616 0.315024 528.000000 0.000000 1838.000000 1807.000000 1.000000 1.000000 86.894134
1 12.271946 6.000000 1.590703 5.216213 2.708280 0.130293 404.000000 0.000000 998.000000 1579.000000 1.000000 1.000000 83.724377
1 9.389902 6.000000 3.028017 2.891458 1.680833 0.230397 406.000000 0.000000 809.000000 659.000000 1.000000 1.000000 92.147046
1 31.704319 6.000000 2.573215 14.094419 7.296827 0.420698 854.000000 0.000000 1353.000000 4483.000000 1.000000 1.000000 162.845510
1 10.167229 6.000000 2.300240 3.660257 1.943174 0.254673 320.000000 0.000000 951.000000 480.000000 1.000000 1.000000 117.441819
1 5.853786 6.000000 1.918065 1.831650 1.078107 0.066200 184.000000 0.000000 620.000000 362.000000 1.000000 1.000000 56.495910
1 13.911815 6.000000 2.583068 5.356167 2.853604 0.370435 597.000000 0.000000 994.000000 1686.000000 1.000000 1.000000 186.655882
1 7.232662 6.000000 1.933141 2.370487 1.335617 0.246946 516.000000 0.000000 654.000000 779.000000 1.000000 1.000000 137.293594
1 4.975859 6.000000 2.563462 1.143038 0.645288 0.059362 109.000000 0.000000 315.000000 166.000000 1.000000 1.000000 74.572487
1 13.731295 6.000000 3.159041 5.040208 2.733487 0.225059 510.000000 0.000000 906.000000 1859.000000 1.000000 1.000000 174.805283
1 5.391476 6.000000 2.157457 1.559381 0.821635 0.082660 141.000000 0.000000 269.000000 259.000000 1.000000 1.000000 124.852322
1 4.661650 6.000000 3.574572 0.477540 0.262388 0.056192 128.000000 0.000000 143.000000 223.000000 1.000000 1.000000 70.912005
1 13.541657 6.000000 1.994420 4.083478 1.980906 0.062611 156.000000 0.000000 259.000000 4653.000000 1.000000 1.000000 136.128608
1 3.644845 6.000000 1.642342 0.946262 0.526251 0.059537 149.000000 0.000000 343.000000 604.000000 1.000000 1.000000 62.228619
1 15.061691 6.000000 1.748033 6.480872 3.378525 0.269073 497.000000 0.000000 1042.000000 1391.000000 1.000000 1.000000 125.182909
1 4.567816 6.000000 2.368004 1.019878 0.556210 0.064360 189.000000 0.000000 115.000000 533.000000 1.000000 1.000000 73.088367
1 11.334388 6.000000 3.979985 2.763934 1.665664 0.383904 1015.000000 0.000000 1251.000000 1097.000000 1.000000 1.000000 168.933933
0 77.324243 6.000000 2.323882 41.382094 14.007468 0.032406 153.000000 0.000000 214.000000 320963.000000 1.000000 1.000000 -1.000000
1 15.652234 6.000000 2.494423 6.300138 3.438262 0.201331 351.000000 0.000000 1098.000000 1617.000000 1.000000 1.000000 113.396890
1 5.969780 6.000000 4.272903 0.584468 0.360790 0.128634 305.000000 0.000000 320.000000 382.000000 1.000000 1.000000 108.005504
0 76.789376 6.000000 1.686391 12.883575 4.122812 0.180658 360.000000 0.000000 617.000000 48024.000000 1.000000 1.000000 -1.000000
1 2.960183 6.000000 2.311614 0.214153 0.131274 0.057390 165.000000 0.000000 58.000000 90.000000 1.000000 1.000000 94.583550
0 76.692410 6.000000 1.678689 40.007825 10.162498 0.217420 625.000000 0.000000 1219.000000 241375.000000 1.000000 1.000000 -1.000000
1 23.630090 6.000000 2.351734 9.220307 5.154307 0.885628 1410.000000 0.000000 2319.000000 3119.000000 1.000000 1.000000 144.632949
1 12.868563 6.000000 12.121583 0.235300 0.147592 0.059697 173.000000 0.000000 25.000000 162.000000 1.000000 1.000000 91.961782
1 5.474069 6.000000 2.327311 1.276538 0.773826 0.153654 274.000000 0.000000 328.000000 283.000000 1.000000 1.000000 142.289321
1 4.228401 6.000000 2.922763 0.517003 0.328533 0.048704 237.000000 0.000000 271.000000 206.000000 1.000000 1.000000 82.973519
1 36.189231 6.000000 2.813392 15.891553 8.291977 1.094322 1593.000000 0.000000 2734.000000 4841.000000 1.000000 1.000000 264.589094
0 78.102342 6.000000 3.092709 43.454001 10.122363 0.156285 266.000000 0.000000 544.000000 324016.000000 1.000000 1.000000 -1.000000
1 3.513260 6.000000 1.910406 0.697859 0.422983 0.064250 213.000000 0.000000 566.000000 174.000000 1.000000 1.000000 93.131203
1 22.393486 6.000000 1.383346 10.318440 5.348720 0.218196 671.000000 0.000000 1557.000000 3687.000000 1.000000 1.000000 74.616575
1 2.658161 6.000000 1.761563 0.414607 0.236135 0.024892 98.000000 0.000000 151.000000 167.000000 1.000000 1.000000 76.004906
1 39.973951 6.000000 2.492680 18.298920 9.462380 0.704037 1080.000000 0.000000 2480.000000 5316.000000 1.000000 1.000000 176.338188
1 5.470625 6.000000 1.952338 1.634931 0.892931 0.086936 270.000000 0.000000 583.000000 934.000000 1.000000 1.000000 98.111783
1 19.995744 6.000000 3.599503 8.230991 4.097998 0.247067 532.000000 0.000000 951.000000 2378.000000 1.000000 1.000000 91.730849
1 4.121028 6.000000 2.378657 0.679895 0.407028 0.067272 252.000000 0.000000 249.000000 283.000000 1.000000 1.000000 168.249538
1 9.285934 6.000000 4.006095 1.978155 1.195640 0.414889 794.000000 0.000000 1455.000000 589.000000 1.000000 1.000000 156.704150
1 11.623141 6.000000 1.949864 4.493916 2.489356 0.206069 564.000000 0.000000 967.000000 1906.000000 1.000000 1.000000 135.162911
1 31.969585 6.000000 2.763019 14.318651 7.262311 0.798940 1054.000000 0.000000 3291.000000 3659.000000 1.000000 1.000000 158.580348
1 6.469886 6.000000 2.218771 1.911795 1.094915 0.156071 229.000000 0.000000 329.000000 396.000000 1.000000 1.000000 106.771377
1 18.932787 6.000000 1.765640 7.907816 4.646715 0.400638 670.000000 0.000000 2812.000000 2315.000000 1.000000 1.000000 96.934390
1 5.618297 6.000000 2.849076 1.279824 0.708183 0.107035 168.000000 0.000000 326.000000 273.000000 1.000000 1.000000 82.439666
1 33.352754 6.000000 1.552504 14.783632 8.464903 0.762573 907.000000 0.000000 3098.000000 5284.000000 1.000000 1.000000 98.305898
1 5.677591 6.000000 1.594788 1.978760 1.023408 0.102356 206.000000 0.000000 484.000000 469.000000 1.000000 1.000000 92.038283
1 7.395476 6.000000 2.052791 2.409325 1.295711 0.224502 487.000000 0.000000 431.000000 1125.000000 1.000000 1.000000 134.488571
1 5.346891 6.000000 1.809555 1.707259 0.926157 0.073052 226.000000 0.000000 890.000000 635.000000 1.000000 1.000000 92.434883
1 5.744876 6.000000 1.657343 1.900792 1.119434 0.081455 241.000000 0.000000 699.000000 678.000000 1.000000 1.000000 80.143678
1 13.093763 6.000000 2.873730 4.755877 2.608477 0.437283 372.000000 0.000000 1009.000000 1428.000000 1.000000 1.000000 128.111084
1 11.366953 6.000000 1.828709 4.397713 2.397285 0.216104 574.000000 0.000000 1344.000000 1131.000000 1.000000 1.000000 113.806152
1 4.250447 6.000000 3.158184 0.509493 0.285981 0.026258 64.000000 0.000000 100.000000 153.000000 1.000000 1.000000 68.855263
1 17.279109 6.000000 1.938172 7.207799 4.032483 0.367415 518.000000 0.000000 1899.000000 2238.000000 1.000000 1.000000 81.438691
1 5.328876 6.000000 1.940055 1.677744 0.848936 0.063661 180.000000 0.000000 415.000000 723.000000 1.000000 1.000000 65.299363
1 58.964477 8.000000 2.121097 25.907864 14.877376 0.832720 1786.000000 0.000000 3040.000000 7001.000000 1.000000 1.000000 146.202123
1 58.234392 8.000000 2.329418 23.967806 14.438551 1.825469 2422.000000 0.000000 3773.000000 8002.000000 1.000000 1.000000 155.578565
1 8.383951 8.000000 3.587272 2.135224 1.251389 0.231565 386.000000 0.000000 505.000000 562.000000 1.000000 1.000000 96.318480
0 78.153772 8.000000 3.118812 34.795821 19.829837 1.943216 2961.000000 0.000000 7211.000000 10080.000000 1.000000 1.000000 -1.000000
1 27.282881 8.000000 3.711191 10.497956 6.168978 1.067456 1435.000000 0.000000 2274.000000 3683.000000 1.000000 1.000000 151.721262
1 17.279791 8.000000 1.945369 6.917982 4.122049 0.455425 998.000000 0.000000 1525.000000 3231.000000 1.000000 1.000000 170.781288
1 16.103177 8.000000 4.182577 5.290533 3.169474 0.523997 896.000000 0.000000 1326.000000 1436.000000 1.000000 1.000000 197.141187
0 77.165747 8.000000 2.043642 31.744206 18.747984 5.006768 4288.000000 0.000000 10897.000000 10160.000000 1.000000 1.000000 -1.000000
1 66.363009 8.000000 1.703237 30.128738 17.498481 1.111826 1812.000000 0.000000 7645.000000 6615.000000 1.000000 1.000000 74.896393
1 7.216290 8.000000 3.538067 1.600766 0.986192 0.139153 326.000000 0.000000 604.000000 572.000000 1.000000 1.000000 78.320466
1 23.530174 8.000000 1.904993 9.931414 5.428949 1.011127 1219.000000 0.000000 1355.000000 2953.000000 1.000000 1.000000 241.437504
1 9.558464 8.000000 1.774231 3.769418 2.024138 0.237923 249.000000 0.000000 614.000000 750.000000 1.000000 1.000000 121.089436
1 27.875674 8.000000 1.596361 12.189122 7.190500 0.502812 971.000000 0.000000 2238.000000 2510.000000 1.000000 1.000000 148.712506
1 3.583105 8.000000 1.734520 0.855304 0.524097 0.033526 132.000000 0.000000 286.000000 187.000000 1.000000 1.000000 77.083627
0 78.440255 8.000000 3.178129 32.615876 19.617210 3.833576 2976.000000 0.000000 4935.000000 9582.000000 1.000000 1.000000 -1.000000
1 40.650094 8.000000 1.652344 18.207081 10.660729 0.767666 1227.000000 0.000000 5535.000000 4519.000000 1.000000 1.000000 156.242183
1 4.676085 8.000000 2.520556 0.926178 0.543979 0.202683 151.000000 0.000000 90.000000 373.000000 1.000000 1.000000 93.525211
1 35.128779 8.000000 2.340777 13.445633 8.213799 1.654401 2748.000000 0.000000 5638.000000 4912.000000 1.000000 1.000000 96.708599
1 5.531891 8.000000 1.705768 1.805426 1.069458 0.049694 145.000000 0.000000 319.000000 350.000000 1.000000 1.000000 87.121451
1 24.974514 8.000000 3.031398 9.272878 5.682664 1.179324 1531.000000 0.000000 4587.000000 1743.000000 1.000000 1.000000 82.825127
1 65.589795 8.000000 1.983567 28.422162 16.500592 2.067602 2772.000000 0.000000 6316.000000 9223.000000 1.000000 1.000000 146.993538
0 77.056018 8.000000 1.585039 35.524262 19.911730 1.291253 2087.000000 0.000000 3321.000000 11404.000000 1.000000 1.000000 -1.000000
0 77.419461 8.000000 2.383477 35.102343 19.793595 1.117994 2318.000000 0.000000 1609.000000 9323.000000 1.000000 1.000000 -1.000000
0 78.402679 8.000000 3.165974 34.205713 20.102431 2.640689 2128.000000 0.000000 5610.000000 9607.000000 1.000000 1.000000 -1.000000
0 78.658160 8.000000 3.606362 32.468508 19.483764 3.498830 2688.000000 0.000000 3269.000000 6275.000000 1.000000 1.000000 -1.000000
1 41.456760 8.000000 3.315396 16.871699 10.068763 1.260374 2273.000000 0.000000 4163.000000 7921.000000 1.000000 1.000000 163.247553
0 76.879105 8.000000 1.691098 33.840626 19.740494 2.473018 3106.000000 0.000000 6864.000000 10266.000000 1.000000 1.000000 -1.000000
1 66.389510 8.000000 3.918352 28.343222 16.542987 1.446878 2604.000000 0.000000 4415.000000 8422.000000 1.000000 1.000000 270.489747
1 4.757845 8.000000 3.204405 0.533645 0.338648 0.121556 374.000000 0.000000 138.000000 145.000000 1.000000 1.000000 130.485159
0 78.463185 8.000000 3.298314 31.708501 19.142130 3.984900 3995.000000 0.000000 7572.000000 11773.000000 1.000000 1.000000 -1.000000
0 76.742334 8.000000 1.670429 34.586415 19.904149 1.867785 2211.000000 0.000000 6778.000000 9507.000000 1.000000 1.000000 -1.000000
0 79.569554 8.000000 3.828547 32.554664 19.429396 3.178514 4550.000000 0.000000 5012.000000 9468.000000 1.000000 1.000000 -1.000000
0 78.313283 8.000000 2.708117 30.936317 18.558077 4.470460 4897.000000 0.000000 9681.000000 11314.000000 1.000000 1.000000 -1.000000
0 77.484452 8.000000 2.186056 31.422602 18.731489 4.502505 3253.000000 0.000000 3639.000000 8457.000000 1.000000 1.000000 -1.000000
1 16.439743 8.000000 1.891238 6.492846 3.757273 0.439895 1150.000000 0.000000 2798.000000 2598.000000 1.000000 1.000000 119.654638
1 3.679328 8.000000 1.803175 0.853129 0.511211 0.068352 102.000000 0.000000 74.000000 192.000000 1.000000 1.000000 76.398474
1 36.507417 8.000000 2.706688 16.075411 9.380598 0.516913 1078.000000 0.000000 2045.000000 3975.000000 1.000000 1.000000 154.900269
0 77.785563 8.000000 2.308706 31.820323 19.057112 2.782605 4209.000000 0.000000 4619.000000 7106.000000 1.000000 1.000000 -1.000000
0 78.246012 8.000000 3.198049 32.068118 19.001158 4.575965 2370.000000 0.000000 6044.000000 9588.000000 1.000000 1.000000 -1.000000
1 51.797840 8.000000 3.085640 22.338174 13.033092 0.854482 1502.000000 0.000000 2812.000000 5162.000000 1.000000 1.000000 180.861589
1 36.876972 8.000000 2.640580 15.518153 9.111544 0.993313 1453.000000 0.000000 2458.000000 4311.000000 1.000000 1.000000 179.432209
1 36.461377 8.000000 2.531238 12.033799 7.617172 4.221421 3167.000000 0.000000 5478.000000 4004.000000 1.000000 1.000000 211.714398
0 77.012510 8.000000 2.003040 39.086052 16.160228 0.077758 156.000000 0.000000 96.000000 242923.000000 1.000000 1.000000 -1.000000
0 77.158949 8.000000 1.997582 30.596735 19.175045 5.478968 4215.000000 0.000000 7899.000000 10644.000000 1.000000 1.000000 -1.000000
0 77.124587 8.000000 1.934316 30.263732 18.423375 3.955548 4229.000000 0.000000 5459.000000 12242.000000 1.000000 1.000000 -1.000000
1 34.650086 8.000000 2.246829 15.358717 8.441911 0.606326 835.000000 0.000000 3676.000000 4770.000000 1.000000 1.000000 94.663642
1 46.796861 8.000000 3.237190 19.961584 11.743938 1.279848 1512.000000 0.000000 3190.000000 6379.000000 1.000000 1.000000 195.637450
0 77.506637 8.000000 2.448277 30.823127 18.541370 4.558125 3656.000000 0.000000 14558.000000 9077.000000 1.000000 1.000000 -1.000000
0 77.104618 8.000000 2.036136 33.580111 19.186677 2.962080 2081.000000 0.000000 14153.000000 9889.000000 1.000000 1.000000 -1.000000
0 78.857748 8.000000 3.607370 33.937669 19.730282 1.474355 2493.000000 0.000000 3683.000000 8182.000000 1.000000 1.000000 -1.000000
1 24.184202 8.000000 3.051525 8.047687 4.919962 1.060132 2045.000000 0.000000 2285.000000 3303.000000 1.000000 1.000000 396.286067
0 77.193203 8.000000 1.845623 35.558926 19.664344 0.981922 2135.000000 0.000000 1905.000000 11067.000000 1.000000 1.000000 -1.000000
1 44.272447 8.000000 2.060411 18.854603 11.038388 1.952299 2692.000000 0.000000 3965.000000 7361.000000 1.000000 1.000000 201.760819
1 10.005421 8.000000 1.816226 3.894677 2.250198 0.170225 257.000000 0.000000 597.000000 856.000000 1.000000 1.000000 79.914265
1 7.649852 8.000000 2.084496 2.428394 1.463582 0.299653 524.000000 0.000000 688.000000 1131.000000 1.000000 1.000000 184.241709
1 7.643502 8.000000 2.056223 2.519047 1.546438 0.158329 421.000000 0.000000 1306.000000 842.000000 1.000000 1.000000 153.642187
1 2.336500 8.000000 1.732404 0.265112 0.156479 0.032464 94.000000 0.000000 70.000000 123.000000 1.000000 1.000000 67.111942
0 77.159919 8.000000 1.952116 33.541655 19.286314 3.470705 2827.000000 0.000000 11792.000000 16401.000000 1.000000 1.000000 -1.000000
0 77.015273 10.000000 1.859395 33.226489 20.607623 2.108149 3795.000000 0.000000 7423.000000 11054.000000 1.000000 1.000000 -1.000000
1 10.053624 10.000000 1.841885 3.686186 2.302250 0.244623 465.000000 0.000000 613.000000 975.000000 1.000000 1.000000 84.489564
0 77.644026 10.000000 2.379434 34.298825 21.270261 1.414797 2353.000000 0.000000 9610.000000 8739.000000 1.000000 1.000000 -1.000000
0 77.222410 10.000000 1.737905 33.635005 20.145608 1.283482 2995.000000 0.000000 5526.000000 9649.000000 1.000000 1.000000 -1.000000
0 77.547468 10.000000 1.839777 32.217338 19.460962 2.808090 3958.000000 0.000000 4148.000000 9191.000000 1.000000 1.000000 -1.000000
1 10.094449 10.000000 1.829502 3.726743 2.185737 0.288708 590.000000 0.000000 460.000000 1827.000000 1.000000 1.000000 153.282046
0 76.556248 10.000000 1.548636 34.110252 20.617428 2.686873 3222.000000 0.000000 6193.000000 11735.000000 1.000000 1.000000 -1.000000
1 34.794185 10.000000 1.530036 15.291578 9.414467 0.996462 1469.000000 0.000000 3126.000000 5385.000000 1.000000 1.000000 181.791268
1 71.736660 10.000000 3.929951 29.264223 17.471762 1.408830 3152.000000 0.000000 5774.000000 11485.000000 1.000000 1.000000 114.457183
1 10.861192 10.000000 1.798237 3.938928 2.421273 0.342083 747.000000 0.000000 2034.000000 1488.000000 1.000000 1.000000 92.186366
1 54.960398 10.000000 1.807059 23.441485 14.624361 1.589944 1926.000000 0.000000 2614.000000 6157.000000 1.000000 1.000000 174.825340
0 77.375147 10.000000 1.523865 34.240260 21.737557 1.564280 2611.000000 0.000000 3772.000000 9723.000000 1.000000 1.000000 -1.000000
1 49.473204 10.000000 1.733315 22.462449 12.992060 1.089598 1538.000000 0.000000 3776.000000 9232.000000 1.000000 1.000000 154.830025
0 77.504198 10.000000 1.920731 34.071615 20.798639 1.457857 3480.000000 0.000000 2749.000000 9238.000000 1.000000 1.000000 -1.000000
1 21.396946 10.000000 4.764359 5.926163 3.983949 1.367617 2167.000000 0.000000 2335.000000 2040.000000 1.000000 1.000000 185.223777
1 44.552461 10.000000 1.556228 19.722784 12.106528 1.267567 1861.000000 0.000000 4550.000000 5745.000000 1.000000 1.000000 221.346380
0 77.087114 10.000000 1.974413 30.908182 19.559226 5.017488 5288.000000 0.000000 8819.000000 11240.000000 1.000000 1.000000 -1.000000
1 18.227158 10.000000 1.846824 7.033311 4.512641 0.994532 1562.000000 0.000000 3044.000000 2343.000000 1.000000 1.000000 81.165301
0 76.702194 10.000000 1.583971 33.264048 21.121331 2.411889 3150.000000 0.000000 7967.000000 12283.000000 1.000000 1.000000 -1.000000
1 22.928560 10.000000 3.369333 8.635066 5.458367 0.654501 1005.000000 0.000000 3331.000000 2661.000000 1.000000 1.000000 106.696857
1 61.328375 10.000000 1.783029 25.698996 15.908737 1.915618 3014.000000 0.000000 6768.000000 8113.000000 1.000000 1.000000 179.084406
0 76.782578 10.000000 1.697740 32.882931 19.859990 2.155293 3266.000000 0.000000 4834.000000 11971.000000 1.000000 1.000000 -1.000000
0 76.960525 10.000000 1.582392 33.667787 20.173619 3.494996 3421.000000 0.000000 9122.000000 9925.000000 1.000000 1.000000 -1.000000
1 68.280572 10.000000 2.296201 30.213345 18.358059 1.397478 2098.000000 0.000000 2278.000000 11126.000000 1.000000 1.000000 239.080187
0 77.174851 10.000000 1.565124 35.419188 21.467285 0.848871 1844.000000 0.000000 3421.000000 8438.000000 1.000000 1.000000 -1.000000
0 76.999104 10.000000 1.700476 31.637203 19.511697 4.020182 4576.000000 0.000000 8374.000000 12029.000000 1.000000 1.000000 -1.000000
0 76.777608 10.000000 1.520557 34.408207 20.820372 2.066183 3078.000000 0.000000 3820.000000 7697.000000 1.000000 1.000000 -1.000000
0 77.082270 10.000000 1.744403 32.404962 20.190755 2.954227 5132.000000 0.000000 9410.000000 8938.000000 1.000000 1.000000 -1.000000
0 77.044423 10.000000 1.761180 34.605350 20.898944 2.112963 2336.000000 0.000000 5740.000000 10101.000000 1.000000 1.000000 -1.000000
0 77.108868 10.000000 1.779232 30.102707 18.753545 6.615920 4770.000000 0.000000 7814.000000 11174.000000 1.000000 1.000000 -1.000000
0 77.493616 10.000000 1.935764 33.211563 20.442278 1.906066 3744.000000 0.000000 1902.000000 10671.000000 1.000000 1.000000 -1.000000
0 77.191731 10.000000 1.810044 32.460620 20.610639 3.189282 3725.000000 0.000000 6628.000000 9525.000000 1.000000 1.000000 -1.000000
1 44.945422 10.000000 3.536512 16.483758 10.335077 2.519756 4011.000000 0.000000 1832.000000 6066.000000 1.000000 1.000000 356.594950
0 78.121515 10.000000 3.031852 31.428666 19.432022 5.024657 4215.000000 0.000000 5445.000000 10031.000000 1.000000 1.000000 -1.000000
0 77.174475 10.000000 1.851195 30.668810 19.165537 2.997437 4649.000000 0.000000 8345.000000 14890.000000 1.000000 1.000000 -1.000000
1 15.207029 10.000000 2.112733 5.567245 3.500468 1.161249 593.000000 0.000000 877.000000 841.000000 1.000000 1.000000 114.889293
0 78.505351 10.000000 3.053161 31.797780 20.313129 5.697294 3855.000000 0.000000 5355.000000 9242.000000 1.000000 1.000000 -1.000000
0 77.189471 10.000000 1.851874 31.693538 19.264964 5.017587 2941.000000 0.000000 4200.000000 7509.000000 1.000000 1.000000 -1.000000
1 10.921628 10.000000 2.244125 3.838351 2.403041 0.364910 498.000000 0.000000 1132.000000 1364.000000 1.000000 1.000000 95.947487
0 76.833587 10.000000 1.571869 34.592531 20.940945 1.984327 2772.000000 0.000000 3718.000000 11127.000000 1.000000 1.000000 -1.000000
1 5.165757 10.000000 1.501237 1.671108 1.038432 0.115116 353.000000 0.000000 721.000000 541.000000 1.000000 1.000000 88.410032
1 12.364920 10.000000 1.975550 4.306142 2.684246 0.665433 875.000000 0.000000 808.000000 1685.000000 1.000000 1.000000 171.999750
1 52.537504 10.000000 2.246690 19.387860 12.105188 4.111949 3720.000000 0.000000 8691.000000 5242.000000 1.000000 1.000000 196.068318
1 46.946531 10.000000 2.041776 19.770676 12.330310 1.288604 2591.000000 0.000000 1544.000000 6098.000000 1.000000 1.000000 217.920003
0 76.617502 10.000000 1.487747 33.875459 20.770167 0.914461 1833.000000 0.000000 7017.000000 13825.000000 1.000000 1.000000 -1.000000
0 78.401026 10.000000 3.217963 34.273989 20.669929 1.825314 2868.000000 0.000000 3874.000000 10621.000000 1.000000 1.000000 -1.000000
1 20.776425 10.000000 2.291665 7.981267 5.100373 0.813016 1492.000000 0.000000 2160.000000 3312.000000 1.000000 1.000000 142.239405
0 77.241898 10.000000 1.771947 33.033638 19.958078 2.211319 3840.000000 0.000000 1243.000000 9970.000000 1.000000 1.000000 -1.000000
0 77.160883 10.000000 2.009963 31.601650 18.845321 7.132609 3819.000000 0.000000 5754.000000 10342.000000 1.000000 1.000000 -1.000000
1 52.969708 10.000000 1.501293 24.169189 14.420308 1.183420 1734.000000 0.000000 2801.000000 7269.000000 1.000000 1.000000 214.481015
0 77.342517 10.000000 1.819615 32.002314 20.462387 2.894959 4810.000000 0.000000 10681.000000 12719.000000 1.000000 1.000000 -1.000000
1 11.142995 10.000000 1.461375 4.413814 2.709649 0.355424 400.000000 0.000000 444.000000 1182.000000 1.000000 1.000000 105.441633
0 77.326511 10.000000 2.069269 32.200101 19.719639 3.773150 4779.000000 0.000000 3887.000000 11445.000000 1.000000 1.000000 -1.000000
1 29.302436 10.000000 1.581533 12.399481 7.697457 1.562060 1264.000000 0.000000 3014.000000 3831.000000 1.000000 1.000000 147.193147
