1 1.710902 1.000000 1.708775 0.000152 0.000622 0.000168 4.000000 0.000000 0.000000 0.000000 1.000000 0.000000 15.227716
1 1.524287 1.000000 1.520234 0.000311 0.001378 0.000293 5.000000 0.000000 0.000000 0.000000 1.000000 0.000000 20.864573
1 2.417015 1.000000 2.412853 0.000356 0.001505 0.000239 4.000000 0.000000 0.000000 2.000000 1.000000 0.000000 17.795314
1 1.993450 1.000000 1.991015 0.000210 0.000867 0.000180 4.000000 0.000000 0.000000 7.000000 1.000000 0.000000 15.084358
1 1.739071 1.000000 1.735551 0.000259 0.001405 0.000183 5.000000 0.000000 0.000000 2.000000 1.000000 0.000000 22.387404
1 1.827172 1.000000 1.822613 0.000347 0.001642 0.000279 4.000000 0.000000 0.000000 10.000000 1.000000 0.000000 16.757371
1 2.359664 1.000000 2.354264 0.000567 0.002403 0.000245 4.000000 0.000000 0.000000 8.000000 1.000000 0.000000 17.388537
1 2.230127 1.000000 2.225739 0.000319 0.001637 0.000171 5.000000 0.000000 0.000000 16.000000 1.000000 0.000000 20.516741
1 1.339358 1.000000 1.337564 0.000164 0.000629 0.000138 4.000000 0.000000 0.000000 0.000000 1.000000 0.000000 18.941206
1 1.376630 1.000000 1.374141 0.000179 0.000810 0.000191 5.000000 0.000000 0.000000 0.000000 1.000000 0.000000 18.859793
1 2.221049 1.000000 2.218029 0.000268 0.000952 0.000230 4.000000 0.000000 0.000000 0.000000 1.000000 0.000000 13.979598
1 2.270363 1.000000 2.268150 0.000182 0.000767 0.000173 4.000000 0.000000 0.000000 0.000000 1.000000 0.000000 16.209624
1 1.568741 1.000000 1.566747 0.000157 0.000599 0.000160 4.000000 0.000000 0.000000 0.000000 1.000000 0.000000 13.448660
1 1.557667 1.000000 1.555402 0.000192 0.000759 0.000174 4.000000 0.000000 0.000000 0.000000 1.000000 0.000000 16.911225
1 1.849325 1.000000 1.847144 0.000154 0.000583 0.000178 5.000000 0.000000 0.000000 0.000000 1.000000 0.000000 19.402105
1 1.292879 1.000000 1.290819 0.000234 0.000890 0.000148 4.000000 0.000000 0.000000 3.000000 1.000000 0.000000 16.515538
1 4.196951 1.000000 4.189621 0.000231 0.001156 0.000282 7.000000 0.000000 0.000000 0.000000 1.000000 0.000000 18.087773
1 1.366824 1.000000 1.364828 0.000157 0.000869 0.000135 4.000000 0.000000 0.000000 2.000000 1.000000 0.000000 14.324708
1 1.293389 1.000000 1.290786 0.000214 0.001148 0.000191 4.000000 0.000000 0.000000 9.000000 1.000000 0.000000 13.189000
1 1.268123 1.000000 1.266195 0.000160 0.000661 0.000132 4.000000 0.000000 0.000000 0.000000 1.000000 0.000000 17.667505
1 1.643534 1.000000 1.638938 0.000341 0.002314 0.000176 4.000000 0.000000 0.000000 14.000000 1.000000 0.000000 17.146304
1 1.375101 1.000000 1.370611 0.000440 0.002312 0.000155 4.000000 0.000000 0.000000 78.000000 1.000000 0.000000 16.913354
1 1.683700 1.000000 1.680807 0.000186 0.001316 0.000150 4.000000 0.000000 0.000000 6.000000 1.000000 0.000000 11.542878
1 2.273926 1.000000 2.269525 0.000353 0.001847 0.000306 3.000000 0.000000 0.000000 1.000000 1.000000 0.000000 13.925733
1 2.739662 1.000000 2.735157 0.000350 0.001799 0.000239 4.000000 0.000000 0.000000 7.000000 1.000000 0.000000 16.677788
1 2.437247 1.000000 2.434394 0.000224 0.000840 0.000239 4.000000 0.000000 0.000000 0.000000 1.000000 0.000000 12.958555
1 1.903672 1.000000 1.901727 0.000138 0.000773 0.000166 3.000000 0.000000 0.000000 0.000000 1.000000 0.000000 11.978794
1 1.947271 1.000000 1.943576 0.000249 0.001221 0.000204 5.000000 0.000000 0.000000 1.000000 1.000000 0.000000 19.522419
1 1.571172 1.000000 1.569083 0.000175 0.000695 0.000180 4.000000 0.000000 0.000000 0.000000 1.000000 0.000000 15.860969
1 1.605253 1.000000 1.602341 0.000207 0.001166 0.000165 4.000000 0.000000 0.000000 2.000000 1.000000 0.000000 14.693966
1 1.699144 1.000000 1.695522 0.000334 0.001546 0.000141 4.000000 0.000000 0.000000 9.000000 1.000000 0.000000 14.916754
1 1.349252 1.000000 1.347490 0.000146 0.000635 0.000156 3.000000 0.000000 0.000000 0.000000 1.000000 0.000000 15.509295
1 1.427832 1.000000 1.425289 0.000234 0.001017 0.000149 4.000000 0.000000 0.000000 0.000000 1.000000 0.000000 16.574302
1 1.388173 1.000000 1.384718 0.000296 0.001300 0.000170 5.000000 0.000000 0.000000 7.000000 1.000000 0.000000 21.755485
1 3.533276 1.000000 3.528437 0.000309 0.001303 0.000339 5.000000 0.000000 0.000000 0.000000 1.000000 0.000000 16.656404
1 2.476400 1.000000 2.472921 0.000294 0.001133 0.000252 4.000000 0.000000 0.000000 0.000000 1.000000 0.000000 16.553213
1 2.234555 1.000000 2.231284 0.000294 0.001532 0.000158 4.000000 0.000000 0.000000 7.000000 1.000000 0.000000 13.745044
1 1.945419 1.000000 1.943017 0.000190 0.000730 0.000186 4.000000 0.000000 0.000000 0.000000 1.000000 0.000000 16.343347
1 1.549556 1.000000 1.546143 0.000318 0.001345 0.000163 4.000000 0.000000 0.000000 6.000000 1.000000 0.000000 14.545664
1 1.625898 1.000000 1.623046 0.000212 0.000982 0.000158 4.000000 0.000000 0.000000 1.000000 1.000000 0.000000 17.549927
1 1.786748 1.000000 1.784445 0.000201 0.000772 0.000165 4.000000 0.000000 0.000000 4.000000 1.000000 0.000000 16.527426
1 1.604333 1.000000 1.602195 0.000164 0.000687 0.000144 4.000000 0.000000 0.000000 0.000000 1.000000 0.000000 16.983918
1 1.381860 1.000000 1.379993 0.000166 0.000617 0.000152 4.000000 0.000000 0.000000 0.000000 1.000000 0.000000 16.099402
1 1.716737 1.000000 1.713478 0.000268 0.001459 0.000148 4.000000 0.000000 0.000000 11.000000 1.000000 0.000000 15.413344
1 2.771182 1.000000 2.766937 0.000370 0.001457 0.000312 4.000000 0.000000 0.000000 0.000000 1.000000 0.000000 20.041275
1 3.673778 1.000000 3.667548 0.000395 0.001738 0.000342 5.000000 0.000000 0.000000 0.000000 1.000000 0.000000 14.828252
1 2.121700 1.000000 2.119378 0.000182 0.000831 0.000177 4.000000 0.000000 0.000000 8.000000 1.000000 0.000000 13.015943
1 1.597292 1.000000 1.594314 0.000176 0.001495 0.000161 4.000000 0.000000 0.000000 0.000000 1.000000 0.000000 16.097094
1 1.544682 1.000000 1.542423 0.000184 0.000718 0.000157 4.000000 0.000000 0.000000 0.000000 1.000000 0.000000 16.699053
1 1.537183 1.000000 1.535613 0.000142 0.000511 0.000139 3.000000 0.000000 0.000000 0.000000 1.000000 0.000000 11.167763
1 1.564894 1.000000 1.562339 0.000194 0.000737 0.000216 5.000000 0.000000 0.000000 0.000000 1.000000 0.000000 18.825208
1 1.543897 1.000000 1.541497 0.000214 0.000811 0.000160 4.000000 0.000000 0.000000 3.000000 1.000000 0.000000 16.939292
1 1.543446 1.000000 1.541131 0.000192 0.000908 0.000159 4.000000 0.000000 0.000000 1.000000 1.000000 0.000000 16.309483
1 1.910013 1.000000 1.907196 0.000223 0.000939 0.000175 4.000000 0.000000 0.000000 6.000000 1.000000 0.000000 13.015207
1 1.894728 1.000000 1.892207 0.000198 0.000768 0.000163 4.000000 0.000000 0.000000 1.000000 1.000000 0.000000 14.070993
1 1.552353 1.000000 1.550541 0.000163 0.000658 0.000154 3.000000 0.000000 0.000000 0.000000 1.000000 0.000000 13.192309
1 1.494531 1.000000 1.492916 0.000126 0.000470 0.000179 4.000000 0.000000 0.000000 0.000000 1.000000 0.000000 14.254825
1 1.202852 1.000000 1.198977 0.000384 0.001830 0.000137 4.000000 0.000000 0.000000 8.000000 1.000000 0.000000 14.647057
1 1.279414 1.000000 1.277744 0.000127 0.000513 0.000135 4.000000 0.000000 0.000000 0.000000 1.000000 0.000000 13.152066
1 1.275947 1.000000 1.274096 0.000140 0.000586 0.000131 4.000000 0.000000 0.000000 0.000000 1.000000 0.000000 13.938745
1 1.945249 2.000000 1.634718 0.032479 0.171958 0.003698 34.000000 0.000000 206.000000 127.000000 1.000000 0.000000 31.537217
1 1.339013 2.000000 1.323679 0.001217 0.006974 0.000534 12.000000 0.000000 14.000000 3.000000 1.000000 0.000000 30.317218
1 2.742671 2.000000 1.307772 0.152842 0.796377 0.013441 67.000000 0.000000 328.000000 452.000000 1.000000 0.000000 94.121184
1 1.344179 2.000000 1.314178 0.003032 0.014425 0.001384 17.000000 0.000000 24.000000 4.000000 1.000000 0.000000 31.357647
1 1.966350 2.000000 1.895249 0.007150 0.034949 0.001591 26.000000 0.000000 45.000000 51.000000 1.000000 0.000000 31.891533
1 1.337433 2.000000 1.322104 0.001453 0.006915 0.000517 12.000000 0.000000 2.000000 14.000000 1.000000 0.000000 29.455620
1 3.103926 2.000000 3.043398 0.002524 0.014964 0.002732 24.000000 0.000000 1.000000 8.000000 1.000000 0.000000 29.318279
1 4.273010 2.000000 2.863995 0.152299 0.773728 0.016460 58.000000 0.000000 284.000000 379.000000 1.000000 0.000000 30.434040
1 1.761143 2.000000 1.743997 0.001703 0.007773 0.000558 11.000000 0.000000 18.000000 4.000000 1.000000 0.000000 31.789102
1 3.380095 2.000000 3.347509 0.002257 0.011203 0.001600 18.000000 0.000000 0.000000 16.000000 1.000000 0.000000 32.553606
1 2.252727 2.000000 2.208467 0.004136 0.021982 0.001722 17.000000 0.000000 42.000000 13.000000 1.000000 0.000000 40.706833
1 1.479507 2.000000 1.458140 0.001704 0.009272 0.000978 14.000000 0.000000 21.000000 0.000000 1.000000 0.000000 36.263743
1 3.661063 2.000000 2.197257 0.135530 0.811375 0.026119 51.000000 0.000000 181.000000 494.000000 1.000000 0.000000 30.525096
1 3.285185 2.000000 3.195541 0.005456 0.034195 0.002695 28.000000 0.000000 35.000000 16.000000 1.000000 0.000000 32.882023
1 1.530497 2.000000 1.465723 0.006476 0.033391 0.001214 15.000000 0.000000 33.000000 20.000000 1.000000 0.000000 29.783326
0 77.134619 2.000000 2.133073 4.325388 17.002922 0.020523 60.000000 0.000000 711.000000 1150052.000000 1.000000 0.000000 -1.000000
1 2.953361 2.000000 2.917424 0.003262 0.016367 0.001168 11.000000 0.000000 0.000000 13.000000 1.000000 0.000000 31.024824
1 4.205540 2.000000 4.163906 0.002018 0.012581 0.001944 18.000000 0.000000 6.000000 6.000000 1.000000 0.000000 33.774133
1 2.249326 2.000000 2.140344 0.010792 0.055703 0.001623 18.000000 0.000000 88.000000 19.000000 1.000000 0.000000 30.002127
1 1.802248 2.000000 1.726255 0.008092 0.039989 0.001630 16.000000 0.000000 40.000000 15.000000 1.000000 0.000000 31.208257
1 3.418452 2.000000 3.376938 0.002795 0.016696 0.001881 18.000000 0.000000 0.000000 6.000000 1.000000 0.000000 40.608979
1 2.400296 2.000000 2.277540 0.011627 0.061005 0.006139 27.000000 0.000000 35.000000 50.000000 1.000000 0.000000 50.660535
1 3.293668 2.000000 1.443870 0.187130 1.000834 0.014380 61.000000 0.000000 358.000000 349.000000 1.000000 0.000000 28.731742
1 3.429899 2.000000 3.109823 0.033106 0.178464 0.002698 26.000000 0.000000 252.000000 210.000000 1.000000 0.000000 32.332703
1 4.025338 2.000000 3.949212 0.003967 0.020360 0.003735 37.000000 0.000000 20.000000 12.000000 1.000000 0.000000 44.765390
1 1.687769 2.000000 1.624900 0.007131 0.032793 0.001183 17.000000 0.000000 61.000000 6.000000 1.000000 0.000000 28.938095
1 1.403224 2.000000 1.384559 0.001606 0.008250 0.000497 12.000000 0.000000 5.000000 7.000000 1.000000 0.000000 30.256565
1 2.284065 2.000000 2.258303 0.001061 0.007260 0.001237 22.000000 0.000000 3.000000 11.000000 1.000000 0.000000 31.108913
1 1.938748 2.000000 1.726812 0.020028 0.115867 0.005694 25.000000 0.000000 62.000000 84.000000 1.000000 0.000000 47.239122
1 3.320075 2.000000 3.299609 0.001641 0.008353 0.001030 11.000000 0.000000 2.000000 14.000000 1.000000 0.000000 28.003625
1 1.683603 2.000000 1.667797 0.001462 0.007106 0.000549 12.000000 0.000000 5.000000 13.000000 1.000000 0.000000 34.184040
1 1.313242 2.000000 1.286632 0.002406 0.012390 0.000704 14.000000 0.000000 22.000000 1.000000 1.000000 0.000000 31.261367
1 1.912045 2.000000 1.657981 0.025765 0.134974 0.001599 22.000000 0.000000 166.000000 75.000000 1.000000 0.000000 30.923479
1 1.774537 2.000000 1.738388 0.002844 0.017118 0.001816 16.000000 0.000000 0.000000 11.000000 1.000000 0.000000 30.955068
1 1.645598 2.000000 1.442071 0.022913 0.114912 0.001064 14.000000 0.000000 112.000000 38.000000 1.000000 0.000000 33.959375
1 3.357817 2.000000 3.291099 0.004739 0.024578 0.005713 22.000000 0.000000 5.000000 4.000000 1.000000 0.000000 31.374606
1 3.844960 2.000000 3.734340 0.009965 0.050708 0.006911 22.000000 0.000000 31.000000 10.000000 1.000000 0.000000 29.866958
1 2.486999 2.000000 2.208820 0.031351 0.155745 0.002060 22.000000 0.000000 130.000000 110.000000 1.000000 0.000000 40.673072
1 2.641105 2.000000 2.386184 0.020953 0.119698 0.010498 48.000000 0.000000 76.000000 58.000000 1.000000 0.000000 33.855100
1 1.695301 2.000000 1.657682 0.003735 0.019154 0.001887 14.000000 0.000000 28.000000 11.000000 1.000000 0.000000 28.176263
1 2.032639 2.000000 1.805842 0.025695 0.126162 0.001999 22.000000 0.000000 94.000000 104.000000 1.000000 0.000000 30.768765
1 1.854377 2.000000 1.711075 0.013410 0.074602 0.001775 22.000000 0.000000 124.000000 104.000000 1.000000 0.000000 32.306594
1 2.376262 2.000000 2.280548 0.007133 0.042807 0.003510 35.000000 0.000000 56.000000 41.000000 1.000000 0.000000 31.122577
1 4.246289 2.000000 3.130535 0.116573 0.606565 0.016489 39.000000 0.000000 304.000000 206.000000 1.000000 0.000000 35.316183
1 3.886280 2.000000 3.678187 0.018641 0.105595 0.006744 24.000000 0.000000 44.000000 49.000000 1.000000 0.000000 32.253249
1 2.546149 2.000000 2.398470 0.013318 0.076010 0.002375 28.000000 0.000000 117.000000 57.000000 1.000000 0.000000 31.136456
1 3.693925 2.000000 2.321233 0.130583 0.737465 0.017358 72.000000 0.000000 435.000000 354.000000 1.000000 0.000000 28.968016
1 2.056467 2.000000 1.986664 0.007015 0.035261 0.002195 16.000000 0.000000 32.000000 19.000000 1.000000 0.000000 28.768361
1 1.987251 2.000000 1.959773 0.002142 0.014735 0.000808 13.000000 0.000000 12.000000 7.000000 1.000000 0.000000 30.608781
1 2.137637 2.000000 1.977845 0.017764 0.086583 0.001780 25.000000 0.000000 93.000000 32.000000 1.000000 0.000000 32.380010
1 1.653779 2.000000 1.627927 0.002563 0.012634 0.001113 14.000000 0.000000 16.000000 5.000000 1.000000 0.000000 29.248849
1 1.364126 2.000000 1.321168 0.004238 0.021744 0.001042 15.000000 0.000000 19.000000 31.000000 1.000000 0.000000 30.452257
1 1.767516 2.000000 1.329444 0.049999 0.237320 0.001820 23.000000 0.000000 316.000000 213.000000 1.000000 0.000000 31.857543
1 1.970546 2.000000 1.903009 0.005848 0.031092 0.001595 21.000000 0.000000 38.000000 16.000000 1.000000 0.000000 31.747297
1 1.704607 2.000000 1.617040 0.008957 0.044969 0.001966 23.000000 0.000000 30.000000 36.000000 1.000000 0.000000 39.485863
1 1.719452 2.000000 1.611393 0.010371 0.059165 0.001449 21.000000 0.000000 62.000000 57.000000 1.000000 0.000000 39.904359
1 1.889034 2.000000 1.752738 0.014352 0.072834 0.002414 19.000000 0.000000 59.000000 42.000000 1.000000 0.000000 37.764349
1 3.316981 2.000000 3.033295 0.030220 0.158310 0.002023 18.000000 0.000000 82.000000 32.000000 1.000000 0.000000 30.094213
1 1.960643 4.000000 1.608698 0.041568 0.187342 0.004644 44.000000 0.000000 289.000000 206.000000 1.000000 0.000000 28.033007
1 2.120744 4.000000 1.915869 0.019307 0.096223 0.007746 70.000000 0.000000 118.000000 72.000000 1.000000 0.000000 38.904135
1 2.950376 4.000000 2.365707 0.054698 0.282088 0.018663 77.000000 0.000000 195.000000 98.000000 1.000000 0.000000 30.423874
1 3.066280 4.000000 2.896922 0.018167 0.081544 0.007526 39.000000 0.000000 58.000000 50.000000 1.000000 0.000000 40.005713
1 2.762799 4.000000 2.340201 0.043118 0.208285 0.017968 99.000000 0.000000 232.000000 159.000000 1.000000 0.000000 34.237223
1 3.181620 4.000000 3.088153 0.008295 0.037378 0.005062 31.000000 0.000000 0.000000 20.000000 1.000000 0.000000 33.623703
1 3.660999 4.000000 2.467673 0.137363 0.631820 0.014072 94.000000 0.000000 774.000000 175.000000 1.000000 0.000000 34.822236
1 2.281738 4.000000 1.743854 0.055308 0.291201 0.019723 55.000000 0.000000 158.000000 171.000000 1.000000 0.000000 34.009477
1 4.935463 4.000000 3.060274 0.205192 0.989054 0.043523 121.000000 0.000000 464.000000 315.000000 1.000000 0.000000 31.035517
1 9.288688 4.000000 1.898515 0.860570 3.755348 0.317586 482.000000 0.000000 1695.000000 1125.000000 1.000000 0.000000 29.556630
1 3.147799 4.000000 2.121411 0.119357 0.500411 0.051292 90.000000 0.000000 194.000000 97.000000 1.000000 0.000000 30.555730
1 20.724259 4.000000 2.633167 2.108255 9.352128 0.269425 804.000000 0.000000 7088.000000 7371.000000 1.000000 0.000000 30.280822
1 2.566929 4.000000 2.310489 0.027502 0.128045 0.009691 36.000000 0.000000 82.000000 19.000000 1.000000 0.000000 30.129426
1 7.827402 4.000000 6.569538 0.099348 0.500364 0.060884 206.000000 0.000000 584.000000 180.000000 1.000000 0.000000 34.760649
1 1.825519 4.000000 1.722531 0.010709 0.048675 0.004089 35.000000 0.000000 78.000000 13.000000 1.000000 0.000000 32.467035
1 2.352386 4.000000 2.279003 0.006825 0.030630 0.005867 29.000000 0.000000 8.000000 25.000000 1.000000 0.000000 28.471252
1 3.663641 4.000000 3.581843 0.004929 0.022600 0.010759 44.000000 0.000000 0.000000 8.000000 1.000000 0.000000 36.183667
1 2.565588 4.000000 1.720609 0.092951 0.444351 0.013134 90.000000 0.000000 568.000000 269.000000 1.000000 0.000000 28.439507
1 3.342974 4.000000 2.768929 0.060352 0.295754 0.017393 70.000000 0.000000 202.000000 46.000000 1.000000 0.000000 31.956648
1 2.954617 4.000000 2.338667 0.067508 0.316268 0.015594 83.000000 0.000000 329.000000 140.000000 1.000000 0.000000 29.754084
1 8.166321 4.000000 2.099924 0.636685 3.085689 0.240077 443.000000 0.000000 2062.000000 1561.000000 1.000000 0.000000 48.739824
1 3.215648 4.000000 1.781985 0.165918 0.740941 0.039356 128.000000 0.000000 347.000000 444.000000 1.000000 0.000000 29.646249
1 2.894554 4.000000 1.664708 0.134475 0.666841 0.021172 126.000000 0.000000 678.000000 452.000000 1.000000 0.000000 29.920110
1 2.436707 4.000000 1.765949 0.075490 0.341150 0.016355 99.000000 0.000000 278.000000 232.000000 1.000000 0.000000 36.981640
1 16.148453 4.000000 2.268898 1.569898 7.056528 0.469560 842.000000 0.000000 2052.000000 3300.000000 1.000000 0.000000 33.600434
1 2.488498 4.000000 1.891619 0.061137 0.287317 0.027921 146.000000 0.000000 255.000000 271.000000 1.000000 0.000000 47.766967
1 2.095618 4.000000 2.017351 0.007296 0.031377 0.003829 39.000000 0.000000 54.000000 17.000000 1.000000 0.000000 31.571749
1 4.227510 4.000000 3.115100 0.124887 0.574498 0.050815 85.000000 0.000000 188.000000 139.000000 1.000000 0.000000 32.078400
1 4.413903 4.000000 4.180168 0.017972 0.090774 0.011047 67.000000 0.000000 49.000000 48.000000 1.000000 0.000000 37.928313
1 2.253350 4.000000 2.036371 0.017769 0.090645 0.025571 76.000000 0.000000 16.000000 55.000000 1.000000 0.000000 30.886244
1 4.326572 4.000000 1.874141 0.300444 1.362299 0.020207 92.000000 0.000000 665.000000 454.000000 1.000000 0.000000 30.972146
1 2.564084 4.000000 2.430526 0.013695 0.062361 0.006558 44.000000 0.000000 66.000000 25.000000 1.000000 0.000000 34.467678
1 2.683643 4.000000 1.756090 0.107646 0.483421 0.022426 132.000000 0.000000 403.000000 332.000000 1.000000 0.000000 40.325758
1 3.219416 4.000000 3.061553 0.015667 0.071991 0.011808 39.000000 0.000000 16.000000 52.000000 1.000000 0.000000 31.037343
1 2.998463 4.000000 2.502492 0.050587 0.247287 0.012329 95.000000 0.000000 312.000000 115.000000 1.000000 0.000000 35.690468
1 2.107890 4.000000 1.725416 0.042837 0.199326 0.010610 86.000000 0.000000 171.000000 175.000000 1.000000 0.000000 41.109667
1 1.527043 4.000000 1.347180 0.018071 0.092707 0.005371 43.000000 0.000000 106.000000 43.000000 1.000000 0.000000 32.336831
1 2.179924 4.000000 1.642661 0.065184 0.279573 0.010181 77.000000 0.000000 202.000000 147.000000 1.000000 0.000000 27.860765
1 3.258720 4.000000 1.736940 0.175192 0.821593 0.022900 128.000000 0.000000 646.000000 572.000000 1.000000 0.000000 33.508186
1 5.091031 4.000000 3.003846 0.230216 1.062341 0.068520 110.000000 0.000000 546.000000 171.000000 1.000000 0.000000 42.278931
1 3.823797 4.000000 3.117618 0.076803 0.352104 0.039711 113.000000 0.000000 159.000000 109.000000 1.000000 0.000000 32.700573
1 2.070202 4.000000 1.898000 0.018061 0.082373 0.006731 44.000000 0.000000 75.000000 46.000000 1.000000 0.000000 30.383459
1 5.145838 4.000000 2.463565 0.294045 1.286025 0.131251 240.000000 0.000000 595.000000 364.000000 1.000000 0.000000 33.729033
1 2.728971 4.000000 2.661122 0.004465 0.021736 0.004286 42.000000 0.000000 35.000000 20.000000 1.000000 0.000000 30.700686
1 3.977746 4.000000 3.194589 0.061661 0.300159 0.030300 110.000000 0.000000 261.000000 65.000000 1.000000 0.000000 33.766813
1 2.772097 4.000000 2.511540 0.025884 0.125882 0.016614 62.000000 0.000000 51.000000 78.000000 1.000000 0.000000 36.110351
1 2.077975 4.000000 2.043177 0.002742 0.012508 0.002330 26.000000 0.000000 0.000000 13.000000 1.000000 0.000000 31.449659
1 2.111640 4.000000 1.951344 0.016429 0.081278 0.004465 29.000000 0.000000 18.000000 38.000000 1.000000 0.000000 30.739197
1 14.402441 4.000000 3.264799 1.195133 5.507831 0.334473 685.000000 0.000000 2896.000000 3121.000000 1.000000 0.000000 35.955224
1 27.550665 4.000000 1.834200 2.570308 12.934062 0.546620 1086.000000 0.000000 6401.000000 7156.000000 1.000000 0.000000 73.611926
1 2.293123 4.000000 1.986275 0.032853 0.153334 0.006788 55.000000 0.000000 203.000000 80.000000 1.000000 0.000000 33.546368
1 2.338046 4.000000 2.018662 0.033420 0.164349 0.011113 57.000000 0.000000 86.000000 103.000000 1.000000 0.000000 31.697915
1 2.823045 4.000000 2.354701 0.046650 0.232059 0.023734 80.000000 0.000000 139.000000 149.000000 1.000000 0.000000 33.665021
1 2.173594 4.000000 1.979407 0.019861 0.093979 0.009947 47.000000 0.000000 58.000000 45.000000 1.000000 0.000000 30.867951
1 5.985725 4.000000 2.015915 0.426051 1.985758 0.156343 306.000000 0.000000 1457.000000 1168.000000 1.000000 0.000000 29.379519
1 2.005731 4.000000 1.839861 0.016657 0.078381 0.006656 51.000000 0.000000 82.000000 34.000000 1.000000 0.000000 40.195903
1 2.392363 4.000000 1.976776 0.043090 0.202668 0.018109 92.000000 0.000000 247.000000 86.000000 1.000000 0.000000 35.708630
1 2.206015 4.000000 1.364778 0.093416 0.432231 0.027916 113.000000 0.000000 311.000000 258.000000 1.000000 0.000000 57.302128
1 2.003747 4.000000 1.683751 0.034586 0.163473 0.007023 63.000000 0.000000 244.000000 76.000000 1.000000 0.000000 38.039802
1 18.661178 6.000000 1.980056 1.523785 7.797283 0.954811 1631.000000 0.000000 5767.000000 4009.000000 1.000000 0.000000 43.081344
1 12.476954 6.000000 2.495157 1.056591 5.125425 0.285251 1012.000000 0.000000 4852.000000 2419.000000 1.000000 0.000000 46.466697
1 3.642997 6.000000 2.425330 0.121257 0.605803 0.075830 108.000000 0.000000 287.000000 128.000000 1.000000 0.000000 42.798407
1 7.952673 6.000000 3.309893 0.533790 2.469669 0.137260 361.000000 0.000000 1120.000000 1103.000000 1.000000 0.000000 43.609925
1 2.756906 6.000000 1.995412 0.076108 0.384249 0.043444 88.000000 0.000000 126.000000 150.000000 1.000000 0.000000 35.926568
1 22.008295 6.000000 2.976397 2.024397 9.798556 0.482917 1225.000000 0.000000 7317.000000 3698.000000 1.000000 0.000000 38.522445
1 8.888995 6.000000 2.641830 0.607148 3.031448 0.305592 687.000000 0.000000 1604.000000 1343.000000 1.000000 0.000000 51.203261
1 35.658245 6.000000 1.364595 3.780693 17.309918 1.146105 2013.000000 0.000000 6309.000000 9024.000000 1.000000 0.000000 40.098298
1 10.471946 6.000000 1.619673 1.000769 4.465377 0.427202 787.000000 0.000000 1883.000000 2575.000000 1.000000 0.000000 48.693797
1 25.800387 6.000000 3.455622 2.276328 10.862220 1.074982 1976.000000 0.000000 7634.000000 4337.000000 1.000000 0.000000 50.230129
1 3.185096 6.000000 2.342016 0.093727 0.406283 0.034304 162.000000 0.000000 207.000000 184.000000 1.000000 0.000000 50.247995
1 5.514169 6.000000 1.603548 0.444780 2.035778 0.133758 352.000000 0.000000 681.000000 932.000000 1.000000 0.000000 36.928975
1 5.252143 6.000000 2.523607 0.303421 1.421355 0.111453 191.000000 0.000000 516.000000 373.000000 1.000000 0.000000 40.474897
1 4.674087 6.000000 3.080136 0.160374 0.762937 0.144339 229.000000 0.000000 427.000000 403.000000 1.000000 0.000000 54.128018
1 3.719382 6.000000 2.359744 0.121025 0.579091 0.090537 342.000000 0.000000 586.000000 263.000000 1.000000 0.000000 50.510451
1 6.931239 6.000000 4.920628 0.131604 0.749175 0.211176 465.000000 0.000000 521.000000 462.000000 1.000000 0.000000 60.206111
1 4.251476 6.000000 3.628185 0.062985 0.300989 0.045393 81.000000 0.000000 147.000000 95.000000 1.000000 0.000000 37.841876
1 53.448689 6.000000 3.636941 4.652295 22.480511 2.358777 4306.000000 0.000000 18011.000000 12450.000000 1.000000 0.000000 67.857045
1 8.051222 6.000000 1.945985 0.651179 3.026849 0.417712 572.000000 0.000000 1420.000000 1409.000000 1.000000 0.000000 51.226835
1 4.873435 6.000000 2.749064 0.219284 1.107048 0.132075 297.000000 0.000000 668.000000 639.000000 1.000000 0.000000 38.189451
1 4.791794 6.000000 2.249299 0.255737 1.309899 0.123862 190.000000 0.000000 638.000000 378.000000 1.000000 0.000000 42.821149
1 3.975946 6.000000 1.939407 0.226878 1.060799 0.085384 204.000000 0.000000 920.000000 491.000000 1.000000 0.000000 46.385909
1 6.246746 6.000000 3.363777 0.281646 1.338086 0.265309 438.000000 0.000000 950.000000 517.000000 1.000000 0.000000 38.933929
1 5.561776 6.000000 2.481362 0.290078 1.444157 0.245624 329.000000 0.000000 967.000000 494.000000 1.000000 0.000000 43.948561
1 14.158389 6.000000 2.383442 1.127080 5.348307 0.785187 1593.000000 0.000000 2165.000000 3818.000000 1.000000 0.000000 52.089681
1 6.461509 6.000000 2.001019 0.521495 2.268618 0.087975 405.000000 0.000000 731.000000 944.000000 1.000000 0.000000 41.422360
1 9.894485 6.000000 3.599664 0.701895 3.334445 0.201630 433.000000 0.000000 1414.000000 1374.000000 1.000000 0.000000 36.629200
1 3.269874 6.000000 2.658513 0.047141 0.260704 0.049750 188.000000 0.000000 185.000000 189.000000 1.000000 0.000000 43.524130
1 11.367992 6.000000 1.614452 1.065576 4.785159 0.558243 786.000000 0.000000 1799.000000 1681.000000 1.000000 0.000000 46.902820
1 39.397606 6.000000 3.077404 3.857474 18.563738 0.704551 1524.000000 0.000000 8914.000000 10685.000000 1.000000 0.000000 60.144744
1 63.623883 6.000000 1.748735 6.398184 30.769436 2.091785 2703.000000 0.000000 10708.000000 13046.000000 1.000000 0.000000 49.318300
1 4.554751 6.000000 2.131428 0.212672 1.047652 0.246415 498.000000 0.000000 399.000000 727.000000 1.000000 0.000000 54.367069
1 2.563349 6.000000 1.996763 0.053949 0.267280 0.042851 145.000000 0.000000 223.000000 184.000000 1.000000 0.000000 41.526377
1 3.616621 6.000000 1.955987 0.183287 0.813958 0.048145 242.000000 0.000000 484.000000 470.000000 1.000000 0.000000 43.947446
1 2.932572 6.000000 1.660940 0.130922 0.630796 0.079082 228.000000 0.000000 511.000000 220.000000 1.000000 0.000000 38.985100
1 2.750873 6.000000 1.674311 0.113968 0.528567 0.089779 184.000000 0.000000 401.000000 403.000000 1.000000 0.000000 40.369855
1 1.759272 6.000000 1.687886 0.006620 0.030729 0.006768 39.000000 0.000000 14.000000 22.000000 1.000000 0.000000 37.861455
1 12.212898 6.000000 2.087099 0.903879 4.950663 0.617475 858.000000 0.000000 3105.000000 1308.000000 1.000000 0.000000 39.137261
1 9.305498 6.000000 4.070501 0.443370 2.271579 0.361742 644.000000 0.000000 1407.000000 554.000000 1.000000 0.000000 48.128891
1 8.408090 6.000000 3.591492 0.542242 2.380907 0.178178 300.000000 0.000000 731.000000 622.000000 1.000000 0.000000 39.858751
1 6.051178 6.000000 3.055992 0.322656 1.548688 0.137986 242.000000 0.000000 758.000000 760.000000 1.000000 0.000000 40.262854
1 5.090168 6.000000 3.574002 0.140553 0.747467 0.110492 191.000000 0.000000 277.000000 362.000000 1.000000 0.000000 47.573615
1 4.995626 6.000000 3.655835 0.131181 0.643745 0.084226 175.000000 0.000000 310.000000 237.000000 1.000000 0.000000 40.341914
1 10.156335 6.000000 2.616112 0.869471 4.021244 0.146747 366.000000 0.000000 1227.000000 1179.000000 1.000000 0.000000 37.208658
1 5.951727 6.000000 3.636045 0.225501 1.148608 0.097015 251.000000 0.000000 582.000000 637.000000 1.000000 0.000000 41.634460
1 7.451156 6.000000 3.126346 0.520771 2.296889 0.075184 153.000000 0.000000 323.000000 576.000000 1.000000 0.000000 41.371949
1 3.641887 6.000000 3.042244 0.060047 0.293795 0.042112 88.000000 0.000000 134.000000 86.000000 1.000000 0.000000 38.612290
1 12.094190 6.000000 3.511891 0.897355 4.162795 0.369208 837.000000 0.000000 3745.000000 1538.000000 1.000000 0.000000 42.101765
1 1.705360 6.000000 1.581563 0.013340 0.056875 0.007337 45.000000 0.000000 37.000000 50.000000 1.000000 0.000000 38.357557
1 3.009438 6.000000 1.609885 0.147726 0.720022 0.082317 207.000000 0.000000 632.000000 409.000000 1.000000 0.000000 48.034515
1 3.229189 6.000000 1.849082 0.135046 0.671998 0.084343 262.000000 0.000000 655.000000 504.000000 1.000000 0.000000 42.369904
1 6.122609 6.000000 1.668047 0.497710 2.337410 0.113205 390.000000 0.000000 1883.000000 1193.000000 1.000000 0.000000 37.650201
1 7.887827 6.000000 1.698243 0.667017 3.227194 0.194654 542.000000 0.000000 2480.000000 2050.000000 1.000000 0.000000 44.318686
1 2.393077 6.000000 1.955137 0.039956 0.199339 0.038547 102.000000 0.000000 67.000000 217.000000 1.000000 0.000000 40.311858
1 4.206821 6.000000 3.713462 0.047498 0.227105 0.035052 93.000000 0.000000 58.000000 222.000000 1.000000 0.000000 42.085044
1 4.783555 6.000000 2.107466 0.262571 1.281242 0.133507 397.000000 0.000000 884.000000 741.000000 1.000000 0.000000 44.364332
1 4.289194 6.000000 3.682926 0.043015 0.226161 0.070392 175.000000 0.000000 151.000000 116.000000 1.000000 0.000000 42.016652
0 77.061105 6.000000 2.035647 5.332975 21.608758 0.540205 1429.000000 0.000000 6551.000000 219542.000000 1.000000 0.000000 -1.000000
1 12.666761 6.000000 2.693462 0.922956 4.604159 1.115863 894.000000 0.000000 2090.000000 1695.000000 1.000000 0.000000 48.116171
1 25.306528 8.000000 2.020034 2.571775 11.582260 1.434000 1296.000000 0.000000 3905.000000 5061.000000 1.000000 0.000000 42.232472
0 76.956186 8.000000 1.858890 7.378038 37.279234 2.168835 4686.000000 0.000000 6039.000000 13183.000000 1.000000 0.000000 -1.000000
0 78.418476 8.000000 3.257000 6.084289 31.385209 5.956821 7070.000000 0.000000 20481.000000 11081.000000 1.000000 0.000000 -1.000000
1 7.721525 8.000000 2.362922 0.493898 2.509036 0.286285 664.000000 0.000000 1186.000000 1093.000000 1.000000 0.000000 45.881501
1 18.382390 8.000000 3.059699 1.656100 7.920036 0.677654 742.000000 0.000000 2612.000000 2478.000000 1.000000 0.000000 46.384881
0 76.935620 8.000000 1.840349 6.312496 34.311296 5.065985 5821.000000 0.000000 14435.000000 11847.000000 1.000000 0.000000 -1.000000
1 4.864305 8.000000 2.655804 0.179775 0.973330 0.278016 466.000000 0.000000 422.000000 537.000000 1.000000 0.000000 52.529342
1 56.884197 8.000000 1.851753 5.139963 27.017029 2.457150 3705.000000 0.000000 9187.000000 8992.000000 1.000000 0.000000 51.723473
1 23.538100 8.000000 1.564481 2.087939 10.679749 1.362944 2012.000000 0.000000 3575.000000 4908.000000 1.000000 0.000000 42.774794
0 76.895048 8.000000 1.761322 6.586463 33.969395 5.896456 6403.000000 0.000000 12428.000000 19508.000000 1.000000 0.000000 -1.000000
1 20.973590 8.000000 2.008823 1.939338 9.160624 1.443909 1541.000000 0.000000 4393.000000 2944.000000 1.000000 0.000000 74.451503
0 77.547188 8.000000 2.370137 6.986657 35.339799 2.121117 4005.000000 0.000000 11931.000000 11156.000000 1.000000 0.000000 -1.000000
1 13.572482 8.000000 2.081348 1.296278 6.038674 0.419139 626.000000 0.000000 1812.000000 3010.000000 1.000000 0.000000 45.391580
0 77.470057 8.000000 2.382102 7.290667 34.278504 3.158708 3792.000000 0.000000 9567.000000 7878.000000 1.000000 0.000000 -1.000000
1 5.238233 8.000000 3.083433 0.213571 1.089892 0.170925 203.000000 0.000000 700.000000 298.000000 1.000000 0.000000 39.309444
1 12.160435 8.000000 3.650037 0.724141 3.941749 0.906313 1167.000000 0.000000 1378.000000 1351.000000 1.000000 0.000000 44.610311
1 10.595516 8.000000 2.067899 0.667344 3.370941 1.256241 1793.000000 0.000000 3169.000000 1618.000000 1.000000 0.000000 70.556426
1 4.573980 8.000000 2.198039 0.200444 1.069950 0.187657 520.000000 0.000000 770.000000 660.000000 1.000000 0.000000 62.029643
0 77.186811 8.000000 1.891296 6.010767 31.470421 5.628469 6741.000000 0.000000 20696.000000 9406.000000 1.000000 0.000000 -1.000000
1 45.991564 8.000000 3.326093 4.283441 21.524647 1.798823 3010.000000 0.000000 4896.000000 7799.000000 1.000000 0.000000 67.644415
1 20.973590 8.000000 2.008823 1.939338 9.160624 1.443909 1541.000000 0.000000 4393.000000 2944.000000 1.000000 0.000000 74.451503
1 4.573980 8.000000 2.198039 0.200444 1.069950 0.187657 520.000000 0.000000 770.000000 660.000000 1.000000 0.000000 62.029643
1 20.973590 8.000000 2.008823 1.939338 9.160624 1.443909 1541.000000 0.000000 4393.000000 2944.000000 1.000000 0.000000 74.451503
0 76.986850 8.000000 1.948116 6.955484 35.888181 5.777591 4675.000000 0.000000 10637.000000 15116.000000 1.000000 0.000000 -1.000000
1 20.973590 8.000000 2.008823 1.939338 9.160624 1.443909 1541.000000 0.000000 4393.000000 2944.000000 1.000000 0.000000 74.451503
1 20.973590 8.000000 2.008823 1.939338 9.160624 1.443909 1541.000000 0.000000 4393.000000 2944.000000 1.000000 0.000000 74.451503
1 45.563966 8.000000 1.931716 4.185077 21.278436 2.411545 3224.000000 0.000000 6661.000000 7886.000000 1.000000 0.000000 46.193205
0 76.752644 8.000000 1.611801 6.478640 34.081857 5.725779 5563.000000 0.000000 12832.000000 12883.000000 1.000000 0.000000 -1.000000
1 20.973590 8.000000 2.008823 1.939338 9.160624 1.443909 1541.000000 0.000000 4393.000000 2944.000000 1.000000 0.000000 74.451503
0 76.875167 8.000000 1.817558 6.875862 35.014041 4.177446 4680.000000 0.000000 11491.000000 12289.000000 1.000000 0.000000 -1.000000
1 20.973590 8.000000 2.008823 1.939338 9.160624 1.443909 1541.000000 0.000000 4393.000000 2944.000000 1.000000 0.000000 74.451503
1 12.160435 8.000000 3.650037 0.724141 3.941749 0.906313 1167.000000 0.000000 1378.000000 1351.000000 1.000000 0.000000 44.610311
1 4.290318 8.000000 3.542268 0.076587 0.367454 0.044663 119.000000 0.000000 112.000000 210.000000 1.000000 0.000000 38.303649
1 12.160435 8.000000 3.650037 0.724141 3.941749 0.906313 1167.000000 0.000000 1378.000000 1351.000000 1.000000 0.000000 44.610311
1 6.042714 8.000000 2.278105 0.248324 1.331434 0.761079 619.000000 0.000000 491.000000 250.000000 1.000000 0.000000 40.193753
1 4.844706 8.000000 1.993227 0.289229 1.404683 0.221270 509.000000 0.000000 1101.000000 1025.000000 1.000000 0.000000 41.578283
1 20.973590 8.000000 2.008823 1.939338 9.160624 1.443909 1541.000000 0.000000 4393.000000 2944.000000 1.000000 0.000000 74.451503
0 76.773739 8.000000 1.771200 7.959132 40.299511 1.419930 2265.000000 0.000000 21927.000000 9757.000000 1.000000 0.000000 -1.000000
1 15.064340 8.000000 2.178186 1.018878 5.418430 1.322149 2437.000000 0.000000 5498.000000 3033.000000 1.000000 0.000000 52.512400
1 6.042714 8.000000 2.278105 0.248324 1.331434 0.761079 619.000000 0.000000 491.000000 250.000000 1.000000 0.000000 40.193753
1 4.041833 8.000000 2.198196 0.136301 0.714362 0.260863 469.000000 0.000000 645.000000 350.000000 1.000000 0.000000 51.866863
1 20.973590 8.000000 2.008823 1.939338 9.160624 1.443909 1541.000000 0.000000 4393.000000 2944.000000 1.000000 0.000000 74.451503
1 18.895650 8.000000 3.409477 1.445785 7.470254 1.041894 1720.000000 0.000000 4710.000000 2384.000000 1.000000 0.000000 60.848919
1 20.973590 8.000000 2.008823 1.939338 9.160624 1.443909 1541.000000 0.000000 4393.000000 2944.000000 1.000000 0.000000 74.451503
1 12.160435 8.000000 3.650037 0.724141 3.941749 0.906313 1167.000000 0.000000 1378.000000 1351.000000 1.000000 0.000000 44.610311
0 78.214516 8.000000 3.079916 7.467471 37.790872 4.291495 4030.000000 0.000000 8938.000000 10998.000000 1.000000 0.000000 -1.000000
1 6.042714 8.000000 2.278105 0.248324 1.331434 0.761079 619.000000 0.000000 491.000000 250.000000 1.000000 0.000000 40.193753
0 76.974902 8.000000 1.969429 7.416855 37.364519 2.943503 3876.000000 0.000000 8860.000000 10270.000000 1.000000 0.000000 -1.000000
1 3.405931 8.000000 1.947419 0.160672 0.774528 0.035348 190.000000 0.000000 265.000000 445.000000 1.000000 0.000000 38.158246
1 7.382243 8.000000 2.559075 0.374393 2.022061 0.336076 680.000000 0.000000 590.000000 730.000000 1.000000 0.000000 65.356780
1 67.074384 8.000000 9.808142 3.849071 21.988030 5.028991 6612.000000 0.000000 14636.000000 9400.000000 1.000000 0.000000 118.703236
1 18.251558 8.000000 2.417150 1.075760 5.946756 2.868246 2301.000000 0.000000 4224.000000 1669.000000 1.000000 0.000000 79.054860
1 28.582027 8.000000 2.571395 1.793726 9.856626 4.651198 3716.000000 0.000000 4754.000000 3452.000000 1.000000 0.000000 77.370175
1 12.160435 8.000000 3.650037 0.724141 3.941749 0.906313 1167.000000 0.000000 1378.000000 1351.000000 1.000000 0.000000 44.610311
1 20.973590 8.000000 2.008823 1.939338 9.160624 1.443909 1541.000000 0.000000 4393.000000 2944.000000 1.000000 0.000000 74.451503
1 14.837181 10.000000 1.619386 1.290091 6.385376 1.402496 865.000000 0.000000 622.000000 2703.000000 1.000000 0.000000 50.624623
1 69.610375 10.000000 1.829354 6.091040 33.953489 3.575140 4225.000000 0.000000 27687.000000 11769.000000 1.000000 0.000000 39.855151
0 77.391004 10.000000 2.035767 6.651328 36.102114 5.273283 5917.000000 0.000000 4884.000000 21525.000000 1.000000 0.000000 -1.000000
1 43.861490 10.000000 2.546021 3.834857 19.900014 2.168616 3584.000000 0.000000 15986.000000 10709.000000 1.000000 0.000000 46.951592
0 77.479304 10.000000 2.364448 5.916445 31.750215 6.470781 8592.000000 0.000000 7271.000000 12314.000000 1.000000 0.000000 -1.000000
1 13.905977 10.000000 2.581075 0.941763 5.451416 0.470993 1365.000000 0.000000 2211.000000 2748.000000 1.000000 0.000000 46.885146
1 9.753561 10.000000 4.148533 0.444917 2.484199 0.607369 605.000000 0.000000 772.000000 688.000000 1.000000 0.000000 46.942724
0 78.155310 10.000000 3.134215 7.405689 39.525824 3.296794 3119.000000 0.000000 12400.000000 10637.000000 1.000000 0.000000 -1.000000
1 13.638839 10.000000 3.117394 0.891514 4.950794 1.527856 1156.000000 0.000000 682.000000 794.000000 1.000000 0.000000 42.141922
1 51.790818 10.000000 3.625363 4.665492 23.813552 2.683791 2653.000000 0.000000 3974.000000 8162.000000 1.000000 0.000000 45.791701
0 76.904315 10.000000 1.823992 7.225927 36.376108 3.442173 5757.000000 0.000000 11323.000000 12349.000000 1.000000 0.000000 -1.000000
0 78.563270 10.000000 3.295079 6.745025 34.716014 6.246310 7329.000000 0.000000 11555.000000 12151.000000 1.000000 0.000000 -1.000000
0 79.013418 10.000000 3.056708 7.475009 39.354579 2.255242 3823.000000 0.000000 6588.000000 10735.000000 1.000000 0.000000 -1.000000
1 43.861490 10.000000 2.546021 3.834857 19.900014 2.168616 3584.000000 0.000000 15986.000000 10709.000000 1.000000 0.000000 46.951592
1 47.966953 10.000000 1.937422 4.435133 22.540653 1.775484 3784.000000 0.000000 14980.000000 4803.000000 1.000000 0.000000 42.739808
1 29.283145 10.000000 1.610999 2.599590 13.129205 3.431712 2203.000000 0.000000 5226.000000 4870.000000 1.000000 0.000000 50.116049
0 78.258935 10.000000 3.120085 6.942312 36.854297 4.679957 5361.000000 0.000000 10438.000000 11190.000000 1.000000 0.000000 -1.000000
1 51.180578 10.000000 3.104598 4.091073 23.246881 5.348233 2620.000000 0.000000 9672.000000 5054.000000 1.000000 0.000000 39.563624
1 12.638107 10.000000 3.622716 0.810819 4.361140 0.915110 971.000000 0.000000 3588.000000 1723.000000 1.000000 0.000000 44.629107
1 22.164497 10.000000 1.539801 1.841779 9.516117 2.935704 2208.000000 0.000000 4504.000000 4786.000000 1.000000 0.000000 45.102283
1 5.420023 10.000000 1.955164 0.346628 1.800538 0.145931 397.000000 0.000000 1128.000000 667.000000 1.000000 0.000000 41.633448
0 78.199569 10.000000 3.074644 7.461910 38.836996 3.551308 3738.000000 0.000000 10548.000000 10449.000000 1.000000 0.000000 -1.000000
1 13.905977 10.000000 2.581075 0.941763 5.451416 0.470993 1365.000000 0.000000 2211.000000 2748.000000 1.000000 0.000000 46.885146
1 10.252310 10.000000 1.884921 0.724995 4.253923 0.508496 830.000000 0.000000 1963.000000 1333.000000 1.000000 0.000000 38.911763
1 19.800816 10.000000 1.833853 1.538412 8.626094 1.736215 2337.000000 0.000000 6061.000000 2994.000000 1.000000 0.000000 40.975934
1 4.402488 10.000000 3.120173 0.126627 0.663792 0.077615 176.000000 0.000000 418.000000 112.000000 1.000000 0.000000 39.610588
1 39.226845 10.000000 2.423549 2.921333 16.902074 3.475670 3122.000000 0.000000 5464.000000 6717.000000 1.000000 0.000000 53.853633
1 15.172006 10.000000 1.628311 1.360170 6.726157 1.157513 832.000000 0.000000 2555.000000 2324.000000 1.000000 0.000000 41.310262
1 4.366087 10.000000 3.052968 0.094309 0.549975 0.165274 319.000000 0.000000 176.000000 173.000000 1.000000 0.000000 48.887279
0 77.507817 10.000000 2.185499 5.509446 31.016713 9.496455 8554.000000 0.000000 10506.000000 12491.000000 1.000000 0.000000 -1.000000
1 4.402488 10.000000 3.120173 0.126627 0.663792 0.077615 176.000000 0.000000 418.000000 112.000000 1.000000 0.000000 39.610588
1 16.141032 10.000000 3.641527 1.057765 6.310447 1.041538 1213.000000 0.000000 2377.000000 2257.000000 1.000000 0.000000 41.581480
0 78.392247 10.000000 3.164955 7.411234 38.164328 4.601381 4469.000000 0.000000 7384.000000 14260.000000 1.000000 0.000000 -1.000000
0 77.055837 10.000000 1.993168 6.643292 36.863922 4.693655 5750.000000 0.000000 17365.000000 13618.000000 1.000000 0.000000 -1.000000
1 12.938048 10.000000 1.840925 1.118543 5.853024 0.518012 961.000000 0.000000 719.000000 2196.000000 1.000000 0.000000 49.561777
0 76.797150 10.000000 1.720864 7.516918 39.129051 2.836279 3998.000000 0.000000 9451.000000 10337.000000 1.000000 0.000000 -1.000000
0 76.647993 10.000000 1.628173 6.359001 33.248676 8.321090 4957.000000 0.000000 13737.000000 13338.000000 1.000000 0.000000 -1.000000
1 12.938048 10.000000 1.840925 1.118543 5.853024 0.518012 961.000000 0.000000 719.000000 2196.000000 1.000000 0.000000 49.561777
1 57.044172 10.000000 5.820740 3.610933 20.346146 4.205750 6009.000000 0.000000 10844.000000 10971.000000 1.000000 0.000000 79.376182
0 77.392834 10.000000 2.258006 7.203366 37.881220 3.660257 4143.000000 0.000000 7195.000000 14302.000000 1.000000 0.000000 -1.000000
0 78.650938 10.000000 3.552883 6.242655 35.563567 5.191882 7505.000000 0.000000 16882.000000 16700.000000 1.000000 0.000000 -1.000000
1 8.819559 10.000000 1.672841 0.721305 3.766011 0.347326 687.000000 0.000000 1795.000000 1424.000000 1.000000 0.000000 41.188554
0 77.655254 10.000000 2.416590 6.084679 32.611522 10.177628 7152.000000 0.000000 8517.000000 12662.000000 1.000000 0.000000 -1.000000
0 78.598634 10.000000 3.574671 5.869048 31.468026 9.670657 6870.000000 0.000000 19786.000000 10525.000000 1.000000 0.000000 -1.000000
1 66.741462 10.000000 1.801147 6.749312 34.919862 1.064601 1804.000000 0.000000 6366.000000 8718.000000 1.000000 0.000000 43.553100
1 49.367660 10.000000 3.752791 4.139410 22.988494 1.742922 2611.000000 0.000000 745.000000 12908.000000 1.000000 0.000000 51.059843
1 22.120047 10.000000 1.916371 2.010748 10.938676 0.733130 1180.000000 0.000000 1745.000000 3655.000000 1.000000 0.000000 42.739962
0 78.866160 10.000000 3.690277 7.035571 37.646192 2.275728 3127.000000 0.000000 3323.000000 7928.000000 1.000000 0.000000 -1.000000
0 77.588824 10.000000 2.369116 7.071269 39.085154 2.392271 4097.000000 0.000000 6270.000000 22416.000000 1.000000 0.000000 -1.000000
1 8.819559 10.000000 1.672841 0.721305 3.766011 0.347326 687.000000 0.000000 1795.000000 1424.000000 1.000000 0.000000 41.188554
0 77.224207 10.000000 2.061593 6.570599 34.885446 6.024790 6568.000000 0.000000 11142.000000 16199.000000 1.000000 0.000000 -1.000000
0 76.796633 10.000000 1.780168 6.977166 37.158732 4.121510 4935.000000 0.000000 11434.000000 16523.000000 1.000000 0.000000 -1.000000
0 77.075943 10.000000 1.987917 6.132711 32.648261 8.217867 6453.000000 0.000000 15490.000000 15654.000000 1.000000 0.000000 -1.000000
0 78.223097 10.000000 3.100299 7.380370 38.986594 3.367398 4266.000000 0.000000 9455.000000 12461.000000 1.000000 0.000000 -1.000000
0 77.050043 10.000000 1.682408 7.267872 38.752749 3.019086 3671.000000 0.000000 13334.000000 9048.000000 1.000000 0.000000 -1.000000
0 78.360280 10.000000 3.069486 6.268525 32.778902 9.461972 7691.000000 0.000000 9104.000000 13836.000000 1.000000 0.000000 -1.000000
0 78.826626 10.000000 3.250480 5.834043 33.103401 6.312299 6914.000000 0.000000 14948.000000 10760.000000 1.000000 0.000000 -1.000000
