1 1.379992 1.000000 1.376322 0.001901 0.000902 0.000016 5.000000 5.000000 0.000000 1.000000 0.000000 1.000000 19.692722
1 1.270848 1.000000 1.267742 0.001514 0.000745 0.000013 4.000000 5.000000 0.000000 0.000000 0.000000 1.000000 21.768526
1 1.746500 1.000000 1.741353 0.002551 0.001276 0.000013 4.000000 5.000000 0.000000 5.000000 0.000000 1.000000 18.695573
1 2.069369 1.000000 2.066299 0.001410 0.000910 0.000024 6.000000 5.000000 0.000000 0.000000 0.000000 1.000000 14.703897
1 1.355419 1.000000 1.349333 0.003092 0.001673 0.000025 5.000000 5.000000 0.000000 2.000000 0.000000 1.000000 25.073186
1 1.358599 1.000000 1.355153 0.001734 0.000821 0.000019 4.000000 5.000000 0.000000 0.000000 0.000000 1.000000 21.685016
1 13.973139 1.000000 13.970440 0.001376 0.000652 0.000018 5.000000 5.000000 0.000000 0.000000 0.000000 1.000000 13.979018
1 1.237683 1.000000 1.232500 0.002546 0.001258 0.000009 3.000000 5.000000 0.000000 7.000000 0.000000 1.000000 15.409647
1 1.194258 1.000000 1.191754 0.001244 0.000616 0.000011 3.000000 5.000000 0.000000 0.000000 0.000000 1.000000 17.510552
1 1.368488 1.000000 1.365403 0.001470 0.000788 0.000014 4.000000 5.000000 0.000000 0.000000 0.000000 1.000000 15.688826
1 1.425261 1.000000 1.418679 0.003287 0.001700 0.000018 5.000000 5.000000 0.000000 7.000000 0.000000 1.000000 26.004068
1 1.626532 1.000000 1.624012 0.001239 0.000622 0.000009 3.000000 5.000000 0.000000 0.000000 0.000000 1.000000 19.042303
1 1.205804 1.000000 1.201400 0.002206 0.001127 0.000015 4.000000 5.000000 0.000000 9.000000 0.000000 1.000000 23.258940
1 1.207602 1.000000 1.204892 0.001356 0.000665 0.000011 4.000000 5.000000 0.000000 0.000000 0.000000 1.000000 19.409447
1 1.258352 1.000000 1.252786 0.002784 0.001362 0.000017 4.000000 5.000000 0.000000 8.000000 0.000000 1.000000 20.318302
1 1.690357 1.000000 1.685190 0.002485 0.001291 0.000019 4.000000 5.000000 0.000000 7.000000 0.000000 1.000000 18.564157
1 1.352118 1.000000 1.349497 0.001316 0.000655 0.000013 4.000000 5.000000 0.000000 0.000000 0.000000 1.000000 16.835779
1 2.168606 1.000000 2.161973 0.003331 0.001661 0.000034 4.000000 5.000000 0.000000 0.000000 0.000000 1.000000 19.951802
1 2.817161 1.000000 2.810563 0.003229 0.001677 0.000031 4.000000 5.000000 0.000000 2.000000 0.000000 1.000000 18.596504
1 3.790288 1.000000 3.782808 0.003459 0.002234 0.000026 6.000000 5.000000 0.000000 7.000000 0.000000 1.000000 19.196136
1 1.577706 1.000000 1.567443 0.005060 0.002669 0.000030 6.000000 5.000000 0.000000 1.000000 0.000000 1.000000 22.961002
1 1.434230 1.000000 1.430620 0.001789 0.000929 0.000018 4.000000 5.000000 0.000000 0.000000 0.000000 1.000000 22.084867
1 1.302013 1.000000 1.299741 0.001147 0.000547 0.000013 4.000000 5.000000 0.000000 0.000000 0.000000 1.000000 20.167848
1 1.198792 1.000000 1.195659 0.001617 0.000773 0.000013 4.000000 5.000000 0.000000 1.000000 0.000000 1.000000 19.918216
1 1.478497 1.000000 1.475487 0.001507 0.000736 0.000015 4.000000 5.000000 0.000000 1.000000 0.000000 1.000000 15.731080
1 1.277384 1.000000 1.274660 0.001378 0.000666 0.000014 4.000000 5.000000 0.000000 0.000000 0.000000 1.000000 15.778378
1 1.411332 1.000000 1.408830 0.001278 0.000598 0.000012 3.000000 5.000000 0.000000 0.000000 0.000000 1.000000 14.011242
1 1.360819 1.000000 1.357105 0.001886 0.000897 0.000015 4.000000 5.000000 0.000000 1.000000 0.000000 1.000000 22.563117
1 1.556274 1.000000 1.553194 0.001414 0.000810 0.000011 3.000000 5.000000 0.000000 0.000000 0.000000 1.000000 17.492066
1 1.216807 1.000000 1.212677 0.002040 0.001066 0.000013 4.000000 5.000000 0.000000 2.000000 0.000000 1.000000 21.579881
1 1.201342 1.000000 1.197013 0.002158 0.001121 0.000012 4.000000 5.000000 0.000000 11.000000 0.000000 1.000000 16.917993
1 1.168367 1.000000 1.164462 0.001832 0.000973 0.000012 4.000000 5.000000 0.000000 10.000000 0.000000 1.000000 18.979915
1 1.173856 1.000000 1.171412 0.001205 0.000592 0.000011 3.000000 5.000000 0.000000 0.000000 0.000000 1.000000 17.844973
1 1.185069 1.000000 1.181911 0.001559 0.000768 0.000014 5.000000 5.000000 0.000000 3.000000 0.000000 1.000000 20.587574
1 1.461271 1.000000 1.457140 0.001933 0.001064 0.000015 5.000000 5.000000 0.000000 0.000000 0.000000 1.000000 23.840498
1 1.485981 1.000000 1.483067 0.001437 0.000737 0.000012 4.000000 5.000000 0.000000 0.000000 0.000000 1.000000 18.118504
1 1.477006 1.000000 1.474320 0.001309 0.000683 0.000013 4.000000 5.000000 0.000000 0.000000 0.000000 1.000000 18.864760
1 1.878976 1.000000 1.871713 0.003834 0.001725 0.000018 3.000000 5.000000 0.000000 6.000000 0.000000 1.000000 13.894328
1 2.420911 1.000000 2.413428 0.003667 0.001948 0.000026 4.000000 5.000000 0.000000 0.000000 0.000000 1.000000 20.927362
1 1.572263 1.000000 1.569128 0.001552 0.000776 0.000021 4.000000 5.000000 0.000000 0.000000 0.000000 1.000000 16.508697
1 1.572432 1.000000 1.567069 0.002594 0.001428 0.000015 3.000000 5.000000 0.000000 19.000000 0.000000 1.000000 16.095054
1 1.292793 1.000000 1.288631 0.001992 0.001094 0.000013 4.000000 5.000000 0.000000 9.000000 0.000000 1.000000 23.393609
1 1.218350 1.000000 1.213589 0.002390 0.001137 0.000014 4.000000 5.000000 0.000000 7.000000 0.000000 1.000000 20.352679
1 1.483858 1.000000 1.481246 0.001191 0.000660 0.000012 4.000000 5.000000 0.000000 0.000000 0.000000 1.000000 16.945841
1 1.219722 1.000000 1.217791 0.000946 0.000455 0.000011 3.000000 5.000000 0.000000 0.000000 0.000000 1.000000 15.834345
1 1.463635 1.000000 1.461864 0.000926 0.000404 0.000010 3.000000 5.000000 0.000000 0.000000 0.000000 1.000000 13.557779
1 1.144966 1.000000 1.141458 0.001724 0.000924 0.000009 3.000000 5.000000 0.000000 12.000000 0.000000 1.000000 15.035449
1 1.188043 1.000000 1.186220 0.000921 0.000438 0.000011 4.000000 5.000000 0.000000 0.000000 0.000000 1.000000 14.464554
1 1.202732 1.000000 1.197533 0.002608 0.001339 0.000013 4.000000 5.000000 0.000000 12.000000 0.000000 1.000000 19.127109
1 1.551894 1.000000 1.547623 0.002187 0.001059 0.000014 4.000000 5.000000 0.000000 8.000000 0.000000 1.000000 19.344855
1 1.944301 1.000000 1.938502 0.002750 0.001434 0.000032 5.000000 5.000000 0.000000 0.000000 0.000000 1.000000 18.947079
1 2.369709 1.000000 2.364505 0.002601 0.001271 0.000033 5.000000 5.000000 0.000000 0.000000 0.000000 1.000000 18.521068
1 1.645319 1.000000 1.639682 0.002819 0.001449 0.000011 3.000000 5.000000 0.000000 4.000000 0.000000 1.000000 18.502509
1 1.338081 1.000000 1.336131 0.001019 0.000460 0.000014 3.000000 5.000000 0.000000 0.000000 0.000000 1.000000 13.579428
1 1.340055 1.000000 1.334405 0.002829 0.001408 0.000011 3.000000 5.000000 0.000000 11.000000 0.000000 1.000000 15.343031
1 5.176672 1.000000 5.173805 0.001340 0.000697 0.000022 5.000000 5.000000 0.000000 0.000000 0.000000 1.000000 27.612646
1 1.355135 1.000000 1.351392 0.001805 0.000976 0.000017 4.000000 5.000000 0.000000 4.000000 0.000000 1.000000 15.978728
1 1.367190 1.000000 1.355564 0.005583 0.002965 0.000014 4.000000 5.000000 0.000000 25.000000 0.000000 1.000000 21.002038
1 1.256723 1.000000 1.254674 0.001045 0.000498 0.000011 4.000000 5.000000 0.000000 0.000000 0.000000 1.000000 14.298273
1 1.189580 1.000000 1.187452 0.001030 0.000532 0.000015 5.000000 5.000000 0.000000 0.000000 0.000000 1.000000 16.461084
1 1.345657 2.000000 1.266898 0.036679 0.020620 0.002238 18.000000 5.000000 11.000000 48.000000 0.000000 1.000000 75.282323
1 1.419143 2.000000 1.331265 0.041602 0.024203 0.002185 16.000000 5.000000 1.000000 56.000000 0.000000 1.000000 48.525977
1 1.424600 2.000000 1.399926 0.011364 0.006235 0.001620 13.000000 5.000000 4.000000 3.000000 0.000000 1.000000 40.588908
1 2.971141 2.000000 2.538650 0.202879 0.116591 0.008401 31.000000 5.000000 9.000000 48.000000 0.000000 1.000000 56.389783
1 4.494888 2.000000 4.410370 0.037540 0.021791 0.006491 24.000000 5.000000 0.000000 16.000000 0.000000 1.000000 53.674965
1 2.737999 2.000000 2.639315 0.046847 0.026633 0.002541 17.000000 5.000000 18.000000 36.000000 0.000000 1.000000 40.775623
1 2.153003 2.000000 2.073115 0.035848 0.020928 0.004920 32.000000 5.000000 1.000000 15.000000 0.000000 1.000000 79.049370
1 1.436584 2.000000 1.359182 0.036786 0.020818 0.002044 20.000000 5.000000 13.000000 37.000000 0.000000 1.000000 57.751514
1 2.914509 2.000000 1.793873 0.501409 0.305961 0.020941 509.000000 5.000000 43.000000 449.000000 0.000000 1.000000 206.496975
1 2.425595 2.000000 1.962271 0.219909 0.127685 0.006353 50.000000 5.000000 39.000000 136.000000 0.000000 1.000000 57.184317
1 1.499109 2.000000 1.444388 0.025860 0.014101 0.002754 19.000000 5.000000 0.000000 14.000000 0.000000 1.000000 54.525094
1 2.606452 2.000000 2.313805 0.137524 0.079152 0.006068 23.000000 5.000000 26.000000 55.000000 0.000000 1.000000 54.926055
1 3.563579 2.000000 3.283197 0.138324 0.075871 0.004302 17.000000 5.000000 12.000000 30.000000 0.000000 1.000000 42.294871
1 2.506797 2.000000 2.468691 0.017887 0.010130 0.001659 11.000000 5.000000 0.000000 9.000000 0.000000 1.000000 55.500097
1 3.242525 2.000000 3.191116 0.021561 0.013293 0.004827 45.000000 5.000000 2.000000 28.000000 0.000000 1.000000 34.892118
1 1.691892 2.000000 1.593248 0.046396 0.026725 0.002216 19.000000 5.000000 7.000000 42.000000 0.000000 1.000000 43.440347
1 1.544361 2.000000 1.523235 0.009660 0.005206 0.001474 14.000000 5.000000 2.000000 3.000000 0.000000 1.000000 30.632890
0 76.283734 2.000000 1.278711 42.314239 11.564219 0.001475 11.000000 5.000000 3.000000 863794.000000 0.000000 1.000000 -1.000000
1 1.815021 2.000000 1.759791 0.025054 0.014055 0.003363 28.000000 5.000000 5.000000 11.000000 0.000000 1.000000 43.707247
1 1.635029 2.000000 1.556662 0.037616 0.020618 0.002493 20.000000 5.000000 17.000000 42.000000 0.000000 1.000000 49.728908
1 1.748636 2.000000 1.603446 0.070605 0.038976 0.003042 13.000000 5.000000 11.000000 44.000000 0.000000 1.000000 44.169253
1 3.758743 2.000000 3.136608 0.280585 0.174915 0.005146 25.000000 5.000000 26.000000 141.000000 0.000000 1.000000 43.111303
1 1.781077 2.000000 1.743657 0.017508 0.010016 0.001632 13.000000 5.000000 0.000000 28.000000 0.000000 1.000000 34.657026
1 1.564016 2.000000 1.424268 0.066812 0.037843 0.002270 15.000000 5.000000 0.000000 69.000000 0.000000 1.000000 44.004525
1 2.089920 2.000000 1.328317 0.371369 0.200437 0.003517 29.000000 5.000000 141.000000 264.000000 0.000000 1.000000 55.324239
1 1.960475 2.000000 1.796432 0.076939 0.045327 0.003765 28.000000 5.000000 8.000000 61.000000 0.000000 1.000000 49.328985
1 1.384191 2.000000 1.239389 0.071367 0.039654 0.001858 19.000000 5.000000 15.000000 18.000000 0.000000 1.000000 48.447142
1 1.742273 2.000000 1.675424 0.029979 0.017649 0.002502 19.000000 5.000000 1.000000 23.000000 0.000000 1.000000 43.476912
1 2.050410 2.000000 2.005598 0.018561 0.011668 0.002863 51.000000 5.000000 12.000000 4.000000 0.000000 1.000000 40.029097
1 2.869412 2.000000 2.747463 0.057055 0.032557 0.004797 21.000000 5.000000 2.000000 13.000000 0.000000 1.000000 52.899806
1 3.742434 2.000000 3.291657 0.217812 0.121674 0.005396 29.000000 5.000000 38.000000 80.000000 0.000000 1.000000 52.469312
1 3.046248 2.000000 3.011450 0.014822 0.008818 0.002850 21.000000 5.000000 4.000000 5.000000 0.000000 1.000000 69.390955
1 1.773371 2.000000 1.705933 0.031459 0.017402 0.003147 21.000000 5.000000 1.000000 30.000000 0.000000 1.000000 52.645423
1 1.735656 2.000000 1.674269 0.028851 0.016159 0.001661 16.000000 5.000000 2.000000 18.000000 0.000000 1.000000 59.679463
1 1.319145 2.000000 1.252643 0.031511 0.016804 0.002101 16.000000 5.000000 0.000000 37.000000 0.000000 1.000000 46.030264
1 1.553955 2.000000 1.518816 0.016021 0.009285 0.001716 16.000000 5.000000 6.000000 8.000000 0.000000 1.000000 46.362706
1 4.198003 2.000000 4.137626 0.027088 0.014976 0.005141 96.000000 5.000000 4.000000 38.000000 0.000000 1.000000 49.991594
1 1.589040 2.000000 1.549832 0.017465 0.009920 0.002605 60.000000 5.000000 6.000000 15.000000 0.000000 1.000000 41.895391
1 1.662302 2.000000 1.557622 0.048348 0.027096 0.002756 23.000000 5.000000 0.000000 60.000000 0.000000 1.000000 92.975763
1 1.888865 2.000000 1.296521 0.283054 0.161405 0.003998 32.000000 5.000000 36.000000 194.000000 0.000000 1.000000 79.353147
1 1.505735 2.000000 1.443449 0.028653 0.016311 0.002730 19.000000 5.000000 0.000000 7.000000 0.000000 1.000000 83.929519
1 1.522126 2.000000 1.401970 0.059594 0.033332 0.001877 14.000000 5.000000 5.000000 43.000000 0.000000 1.000000 50.562969
1 1.734356 2.000000 1.503525 0.108545 0.063780 0.003934 122.000000 5.000000 58.000000 47.000000 0.000000 1.000000 58.058158
1 1.415433 2.000000 1.272164 0.070519 0.038231 0.002695 26.000000 5.000000 13.000000 95.000000 0.000000 1.000000 72.112716
1 1.664891 2.000000 1.640510 0.010807 0.006144 0.002085 16.000000 5.000000 1.000000 2.000000 0.000000 1.000000 50.068129
1 1.651303 2.000000 1.394431 0.125026 0.067463 0.007854 411.000000 5.000000 17.000000 121.000000 0.000000 1.000000 42.009015
1 1.765498 2.000000 1.666728 0.044539 0.027201 0.002436 77.000000 5.000000 20.000000 34.000000 0.000000 1.000000 53.225263
1 2.163125 2.000000 2.012451 0.068139 0.040585 0.006603 106.000000 5.000000 23.000000 84.000000 0.000000 1.000000 42.290626
1 1.920423 2.000000 1.572142 0.162105 0.094544 0.004530 83.000000 5.000000 59.000000 146.000000 0.000000 1.000000 84.606987
1 1.527304 2.000000 1.397799 0.062680 0.034177 0.002935 27.000000 5.000000 41.000000 50.000000 0.000000 1.000000 64.071040
1 3.347290 2.000000 3.285773 0.025446 0.015411 0.006242 58.000000 5.000000 1.000000 14.000000 0.000000 1.000000 61.575676
0 76.336702 2.000000 1.240671 6.109878 2.001630 0.002568 23.000000 5.000000 1.000000 112891.000000 0.000000 1.000000 -1.000000
1 1.701373 2.000000 1.680042 0.009404 0.005065 0.001994 15.000000 5.000000 0.000000 3.000000 0.000000 1.000000 44.189112
1 1.224636 2.000000 1.203739 0.009358 0.005231 0.001345 12.000000 5.000000 0.000000 9.000000 0.000000 1.000000 41.857161
1 1.721824 2.000000 1.468143 0.118931 0.069125 0.003861 32.000000 5.000000 0.000000 92.000000 0.000000 1.000000 67.558818
1 1.204844 2.000000 1.182126 0.009756 0.005809 0.001441 11.000000 5.000000 0.000000 9.000000 0.000000 1.000000 37.483402
1 1.727016 2.000000 1.710303 0.007267 0.004000 0.001824 14.000000 5.000000 0.000000 3.000000 0.000000 1.000000 39.773150
1 1.244634 2.000000 1.221410 0.010754 0.005829 0.001399 13.000000 5.000000 0.000000 5.000000 0.000000 1.000000 49.297723
1 1.467057 2.000000 1.455830 0.004716 0.002746 0.001362 16.000000 5.000000 0.000000 0.000000 0.000000 1.000000 29.444621
1 2.052312 4.000000 1.704821 0.150976 0.086634 0.031914 77.000000 5.000000 40.000000 61.000000 0.000000 1.000000 123.347529
1 1.641641 4.000000 1.476668 0.077420 0.038871 0.012017 34.000000 5.000000 12.000000 25.000000 0.000000 1.000000 79.490732
1 1.452659 4.000000 1.272441 0.083992 0.042824 0.012946 36.000000 5.000000 8.000000 51.000000 0.000000 1.000000 73.170866
0 77.333685 4.000000 1.780301 7.675305 3.571950 0.080395 223.000000 5.000000 36.000000 20541.000000 0.000000 1.000000 -1.000000
1 2.427398 4.000000 1.599964 0.393979 0.210328 0.026040 65.000000 5.000000 148.000000 186.000000 0.000000 1.000000 67.507190
1 2.285642 4.000000 2.031376 0.111300 0.062368 0.023247 51.000000 5.000000 25.000000 74.000000 0.000000 1.000000 73.417786
1 1.669482 4.000000 1.573615 0.042898 0.023878 0.007487 23.000000 5.000000 11.000000 48.000000 0.000000 1.000000 60.867462
1 1.513700 4.000000 1.237909 0.127437 0.069999 0.015294 41.000000 5.000000 25.000000 63.000000 0.000000 1.000000 106.933584
1 2.433985 4.000000 2.135276 0.124664 0.069259 0.039655 83.000000 5.000000 30.000000 92.000000 0.000000 1.000000 67.161963
1 2.460077 4.000000 1.717010 0.364014 0.180757 0.029615 71.000000 5.000000 39.000000 732.000000 0.000000 1.000000 180.464047
1 4.598068 4.000000 4.144745 0.204155 0.108530 0.043136 58.000000 5.000000 12.000000 60.000000 0.000000 1.000000 94.201948
1 5.551971 4.000000 3.036174 1.214102 0.617756 0.085197 183.000000 5.000000 64.000000 687.000000 0.000000 1.000000 219.390601
1 2.314185 4.000000 1.994252 0.145564 0.080184 0.027800 70.000000 5.000000 41.000000 131.000000 0.000000 1.000000 80.785505
1 1.641940 4.000000 1.542967 0.044946 0.023647 0.009330 28.000000 5.000000 1.000000 45.000000 0.000000 1.000000 61.931033
1 2.593833 4.000000 2.084058 0.221998 0.123707 0.045948 99.000000 5.000000 60.000000 154.000000 0.000000 1.000000 94.035921
1 2.234293 4.000000 1.719139 0.248733 0.128190 0.024542 59.000000 5.000000 99.000000 97.000000 0.000000 1.000000 65.496564
1 2.046932 4.000000 1.628609 0.198677 0.107646 0.019848 54.000000 5.000000 46.000000 117.000000 0.000000 1.000000 70.162343
1 2.083456 4.000000 1.859346 0.101452 0.053096 0.020163 52.000000 5.000000 21.000000 35.000000 0.000000 1.000000 85.274372
1 1.701444 4.000000 1.639335 0.026587 0.013793 0.010128 25.000000 5.000000 1.000000 4.000000 0.000000 1.000000 65.083934
1 1.927283 4.000000 1.412497 0.251673 0.127857 0.020884 49.000000 5.000000 31.000000 94.000000 0.000000 1.000000 101.168007
1 2.819757 4.000000 2.648958 0.073821 0.039293 0.022572 28.000000 5.000000 4.000000 15.000000 0.000000 1.000000 69.235956
1 3.544820 4.000000 3.356217 0.089127 0.043681 0.015111 22.000000 5.000000 0.000000 24.000000 0.000000 1.000000 62.584632
1 4.061022 4.000000 3.132331 0.425309 0.230130 0.076566 166.000000 5.000000 75.000000 274.000000 0.000000 1.000000 79.759297
1 2.548477 4.000000 1.754090 0.386229 0.194592 0.031490 79.000000 5.000000 46.000000 310.000000 0.000000 1.000000 89.029839
1 1.850218 4.000000 1.566245 0.132191 0.069728 0.019430 52.000000 5.000000 1.000000 162.000000 0.000000 1.000000 81.859855
1 1.875903 4.000000 1.568616 0.139409 0.075493 0.024855 69.000000 5.000000 24.000000 128.000000 0.000000 1.000000 77.927695
1 2.038515 4.000000 1.711627 0.158700 0.080554 0.014346 37.000000 5.000000 16.000000 56.000000 0.000000 1.000000 74.471999
1 1.601226 4.000000 1.414757 0.087304 0.046706 0.013546 34.000000 5.000000 32.000000 40.000000 0.000000 1.000000 66.813488
1 3.167093 4.000000 2.764262 0.190093 0.096313 0.030798 36.000000 5.000000 5.000000 109.000000 0.000000 1.000000 84.884299
1 3.642443 4.000000 3.135055 0.237090 0.126366 0.031907 46.000000 5.000000 39.000000 65.000000 0.000000 1.000000 158.808949
1 4.227239 4.000000 2.365829 0.917640 0.261147 0.013694 30.000000 5.000000 0.000000 4932.000000 0.000000 1.000000 74.549441
0 77.326938 4.000000 2.299981 8.323418 3.694367 0.234021 466.000000 5.000000 80.000000 58336.000000 0.000000 1.000000 -1.000000
1 1.869320 4.000000 1.709298 0.069957 0.038297 0.016988 42.000000 5.000000 3.000000 61.000000 0.000000 1.000000 65.171729
1 1.669853 4.000000 1.528562 0.064442 0.034426 0.009881 33.000000 5.000000 0.000000 50.000000 0.000000 1.000000 71.061382
1 1.901272 4.000000 1.705170 0.089068 0.045851 0.018281 52.000000 5.000000 5.000000 69.000000 0.000000 1.000000 78.347167
1 1.802811 4.000000 1.496361 0.141587 0.077257 0.019225 56.000000 5.000000 52.000000 101.000000 0.000000 1.000000 76.880118
1 2.546659 4.000000 1.946166 0.272361 0.143891 0.049671 120.000000 5.000000 0.000000 299.000000 0.000000 1.000000 129.227739
1 1.591858 4.000000 1.519927 0.030745 0.015652 0.011181 31.000000 5.000000 0.000000 12.000000 0.000000 1.000000 59.386724
1 1.578365 4.000000 1.520746 0.024748 0.013307 0.007738 22.000000 5.000000 11.000000 10.000000 0.000000 1.000000 51.945148
1 2.552290 4.000000 1.529219 0.501348 0.256581 0.038329 90.000000 5.000000 131.000000 172.000000 0.000000 1.000000 90.886347
1 2.757530 4.000000 2.518457 0.110300 0.057123 0.020490 30.000000 5.000000 8.000000 27.000000 0.000000 1.000000 74.710775
1 2.584678 4.000000 2.462503 0.052278 0.028480 0.018010 26.000000 5.000000 0.000000 16.000000 0.000000 1.000000 67.910069
1 3.326678 4.000000 3.035447 0.140250 0.068922 0.020941 30.000000 5.000000 7.000000 62.000000 0.000000 1.000000 74.876716
1 4.265426 4.000000 3.978374 0.116051 0.064523 0.045870 56.000000 5.000000 16.000000 36.000000 0.000000 1.000000 83.912270
1 7.420352 4.000000 3.057193 2.122708 1.084113 0.117080 165.000000 5.000000 274.000000 631.000000 0.000000 1.000000 67.011322
1 4.096066 4.000000 3.587916 0.223163 0.126600 0.042822 52.000000 5.000000 25.000000 62.000000 0.000000 1.000000 97.481827
1 4.390229 4.000000 2.492141 0.918276 0.479535 0.069576 92.000000 5.000000 33.000000 257.000000 0.000000 1.000000 116.617307
1 3.912277 4.000000 3.553780 0.153319 0.079945 0.050204 58.000000 5.000000 5.000000 52.000000 0.000000 1.000000 90.393400
1 3.417736 4.000000 3.085183 0.151346 0.081730 0.029151 42.000000 5.000000 18.000000 80.000000 0.000000 1.000000 78.465668
1 3.967466 4.000000 3.093708 0.413689 0.220560 0.040273 59.000000 5.000000 77.000000 146.000000 0.000000 1.000000 67.254114
1 4.160506 4.000000 3.095792 0.514347 0.254015 0.058231 75.000000 5.000000 34.000000 191.000000 0.000000 1.000000 142.518782
1 3.504265 4.000000 3.060721 0.203504 0.115523 0.029525 45.000000 5.000000 59.000000 69.000000 0.000000 1.000000 54.582040
1 3.144168 4.000000 2.998888 0.064585 0.033390 0.017581 24.000000 5.000000 3.000000 18.000000 0.000000 1.000000 75.004382
1 4.065571 4.000000 3.586883 0.206217 0.113830 0.055510 64.000000 5.000000 10.000000 45.000000 0.000000 1.000000 135.759415
1 3.845632 4.000000 3.101122 0.363859 0.181761 0.033499 49.000000 5.000000 45.000000 83.000000 0.000000 1.000000 122.671593
1 4.390640 4.000000 3.878022 0.210519 0.116062 0.080151 141.000000 5.000000 84.000000 88.000000 0.000000 1.000000 84.866090
1 1.881423 4.000000 1.716796 0.073170 0.038871 0.019427 52.000000 5.000000 24.000000 56.000000 0.000000 1.000000 61.335675
1 3.354369 4.000000 2.886872 0.216671 0.122360 0.024252 55.000000 5.000000 25.000000 125.000000 0.000000 1.000000 80.281009
1 4.450101 4.000000 4.190451 0.105561 0.059115 0.039087 89.000000 5.000000 17.000000 74.000000 0.000000 1.000000 114.977261
1 3.001519 6.000000 2.040576 0.410945 0.224239 0.121600 159.000000 5.000000 27.000000 144.000000 0.000000 1.000000 125.306659
1 3.041230 6.000000 2.061278 0.445212 0.236625 0.087431 125.000000 5.000000 84.000000 192.000000 0.000000 1.000000 119.798718
1 2.642516 6.000000 1.612913 0.480645 0.259663 0.065985 106.000000 5.000000 42.000000 188.000000 0.000000 1.000000 124.910560
1 2.002478 6.000000 1.842611 0.060992 0.035484 0.033741 51.000000 5.000000 5.000000 16.000000 0.000000 1.000000 92.011112
1 2.050067 6.000000 1.722802 0.146581 0.078374 0.034793 54.000000 5.000000 1.000000 66.000000 0.000000 1.000000 123.228957
1 3.123702 6.000000 2.245193 0.367713 0.212742 0.106724 153.000000 5.000000 27.000000 228.000000 0.000000 1.000000 168.946828
1 2.414619 6.000000 1.559778 0.386630 0.207053 0.069893 118.000000 5.000000 71.000000 193.000000 0.000000 1.000000 100.739486
1 2.113783 6.000000 1.258996 0.400973 0.214962 0.057355 95.000000 5.000000 30.000000 238.000000 0.000000 1.000000 95.082540
1 2.491497 6.000000 2.052805 0.178603 0.099647 0.075132 102.000000 5.000000 15.000000 78.000000 0.000000 1.000000 104.855719
1 2.964904 6.000000 1.677698 0.607630 0.316188 0.080012 133.000000 5.000000 52.000000 417.000000 0.000000 1.000000 162.503289
1 2.517189 6.000000 1.847933 0.265895 0.150706 0.123985 140.000000 5.000000 35.000000 187.000000 0.000000 1.000000 151.911140
1 4.165502 6.000000 1.802174 1.113927 0.594609 0.144242 199.000000 5.000000 124.000000 484.000000 0.000000 1.000000 106.700069
1 3.049473 6.000000 2.322595 0.285011 0.160706 0.137422 153.000000 5.000000 56.000000 145.000000 0.000000 1.000000 131.329368
1 3.720770 6.000000 1.515918 1.020869 0.567541 0.120925 210.000000 5.000000 198.000000 566.000000 0.000000 1.000000 92.455336
0 76.894443 6.000000 1.857420 27.768837 13.356904 0.034943 52.000000 5.000000 5.000000 10899.000000 0.000000 1.000000 -1.000000
1 2.796833 6.000000 1.709304 0.506871 0.265324 0.076036 129.000000 5.000000 60.000000 366.000000 0.000000 1.000000 184.497052
1 2.677642 6.000000 1.463933 0.565082 0.305031 0.082765 134.000000 5.000000 143.000000 262.000000 0.000000 1.000000 133.191578
1 2.875911 6.000000 1.235680 0.763740 0.406269 0.089843 163.000000 5.000000 110.000000 290.000000 0.000000 1.000000 164.480730
1 1.843224 6.000000 1.223129 0.287737 0.151406 0.050999 85.000000 5.000000 41.000000 208.000000 0.000000 1.000000 101.497795
1 2.255836 6.000000 1.796761 0.187507 0.105669 0.075301 105.000000 5.000000 27.000000 71.000000 0.000000 1.000000 82.648945
1 3.014221 6.000000 1.813834 0.508489 0.284593 0.161345 158.000000 5.000000 48.000000 236.000000 0.000000 1.000000 125.512847
1 4.825153 6.000000 3.079399 0.832419 0.442509 0.102907 128.000000 5.000000 83.000000 314.000000 0.000000 1.000000 167.020185
1 5.155276 6.000000 2.668088 0.924480 0.537489 0.552560 317.000000 5.000000 76.000000 258.000000 0.000000 1.000000 182.885164
1 3.160101 6.000000 2.592236 0.256979 0.134703 0.057067 85.000000 5.000000 14.000000 59.000000 0.000000 1.000000 140.273237
1 4.489869 6.000000 1.768486 1.330111 0.699781 0.096877 163.000000 5.000000 107.000000 677.000000 0.000000 1.000000 180.569086
1 2.885441 6.000000 1.569345 0.595385 0.332378 0.097547 141.000000 5.000000 34.000000 382.000000 0.000000 1.000000 120.975365
1 4.088173 6.000000 2.610178 0.496968 0.306563 0.403374 199.000000 5.000000 48.000000 140.000000 0.000000 1.000000 123.751453
1 7.000869 6.000000 4.314691 1.111301 0.615184 0.414116 316.000000 5.000000 19.000000 378.000000 0.000000 1.000000 187.922494
1 3.567850 6.000000 1.746320 0.866476 0.452221 0.103554 156.000000 5.000000 75.000000 349.000000 0.000000 1.000000 147.035712
1 2.735671 6.000000 2.254238 0.172891 0.103485 0.118258 139.000000 5.000000 23.000000 80.000000 0.000000 1.000000 127.608194
1 6.979924 6.000000 2.183392 1.897943 1.037853 0.889722 1001.000000 5.000000 153.000000 700.000000 0.000000 1.000000 290.558040
1 5.667248 6.000000 2.034384 1.640470 0.882895 0.338379 256.000000 5.000000 178.000000 396.000000 0.000000 1.000000 170.681994
1 3.458891 6.000000 2.535285 0.330205 0.195028 0.226376 240.000000 5.000000 56.000000 105.000000 0.000000 1.000000 153.915544
1 1.814570 6.000000 1.581373 0.106371 0.053860 0.024637 44.000000 5.000000 5.000000 41.000000 0.000000 1.000000 85.800926
1 1.831288 6.000000 1.554476 0.119539 0.065754 0.032491 55.000000 5.000000 9.000000 65.000000 0.000000 1.000000 95.723049
1 2.455615 6.000000 2.280218 0.059977 0.032740 0.053430 68.000000 5.000000 0.000000 14.000000 0.000000 1.000000 94.003931
1 4.939048 6.000000 2.121631 1.230884 0.671911 0.310597 188.000000 5.000000 38.000000 274.000000 0.000000 1.000000 213.754586
1 5.065272 6.000000 3.229354 0.845379 0.453831 0.137458 121.000000 5.000000 73.000000 438.000000 0.000000 1.000000 100.790334
1 3.284655 6.000000 2.411126 0.331218 0.190340 0.181855 192.000000 5.000000 34.000000 140.000000 0.000000 1.000000 166.608097
1 4.659827 6.000000 1.584852 1.437055 0.793994 0.129603 215.000000 5.000000 147.000000 769.000000 0.000000 1.000000 141.996061
1 3.806483 6.000000 2.289852 0.621189 0.351192 0.233377 277.000000 5.000000 74.000000 280.000000 0.000000 1.000000 199.523574
1 2.334229 6.000000 1.808644 0.216442 0.120435 0.082007 111.000000 5.000000 27.000000 98.000000 0.000000 1.000000 113.178032
1 2.036579 6.000000 1.541821 0.227317 0.126262 0.039634 69.000000 5.000000 13.000000 126.000000 0.000000 1.000000 121.860874
1 2.037523 6.000000 1.753402 0.113604 0.066381 0.050232 80.000000 5.000000 17.000000 58.000000 0.000000 1.000000 90.203940
1 2.794684 6.000000 1.758549 0.458553 0.256244 0.090594 148.000000 5.000000 75.000000 325.000000 0.000000 1.000000 105.765831
1 6.150264 6.000000 1.823315 1.834674 0.978447 0.676192 489.000000 5.000000 146.000000 612.000000 0.000000 1.000000 227.561639
1 3.464738 6.000000 2.050137 0.659993 0.355723 0.076119 90.000000 5.000000 70.000000 151.000000 0.000000 1.000000 132.221849
1 3.250779 6.000000 1.877744 0.647596 0.350508 0.081271 135.000000 5.000000 59.000000 270.000000 0.000000 1.000000 144.686441
1 2.224800 6.000000 1.624490 0.276478 0.147500 0.044136 70.000000 5.000000 2.000000 163.000000 0.000000 1.000000 108.214801
1 3.133748 6.000000 1.747230 0.619670 0.346709 0.140020 180.000000 5.000000 136.000000 312.000000 0.000000 1.000000 133.349275
1 7.178727 6.000000 4.579411 1.003695 0.568052 0.545621 328.000000 5.000000 48.000000 335.000000 0.000000 1.000000 143.217926
1 3.087455 6.000000 2.631642 0.185574 0.105986 0.072527 94.000000 5.000000 10.000000 162.000000 0.000000 1.000000 101.734991
1 7.764582 6.000000 1.695181 2.813550 1.565071 0.303414 493.000000 5.000000 185.000000 1737.000000 0.000000 1.000000 207.792064
1 2.107809 6.000000 1.473161 0.283084 0.151735 0.072634 113.000000 5.000000 7.000000 128.000000 0.000000 1.000000 181.410361
1 5.326499 6.000000 2.061698 1.345021 0.781264 0.401754 516.000000 5.000000 39.000000 1000.000000 0.000000 1.000000 303.928507
1 2.201590 6.000000 1.707905 0.211877 0.095671 0.079538 126.000000 5.000000 4.000000 636.000000 0.000000 1.000000 109.600480
1 7.307048 6.000000 1.803511 2.495156 1.361383 0.441799 445.000000 5.000000 207.000000 1265.000000 0.000000 1.000000 206.813314
1 3.397928 6.000000 2.459777 0.413839 0.227756 0.099192 134.000000 5.000000 41.000000 164.000000 0.000000 1.000000 149.219799
1 2.479565 6.000000 1.653176 0.378739 0.203588 0.064097 106.000000 5.000000 30.000000 182.000000 0.000000 1.000000 167.726802
1 2.407883 8.000000 1.573212 0.358960 0.222696 0.083119 96.000000 5.000000 95.000000 173.000000 0.000000 1.000000 104.991684
1 3.046362 8.000000 1.742712 0.589750 0.346818 0.091467 101.000000 5.000000 65.000000 187.000000 0.000000 1.000000 71.386807
1 4.862368 8.000000 2.354298 0.916509 0.560093 0.555542 492.000000 5.000000 58.000000 380.000000 0.000000 1.000000 164.251120
1 6.514897 8.000000 4.226522 0.532552 0.340647 1.123514 519.000000 5.000000 63.000000 268.000000 0.000000 1.000000 140.857763
1 19.989614 8.000000 2.376644 7.154691 4.527179 1.955101 1617.000000 5.000000 741.000000 4634.000000 0.000000 1.000000 146.500077
1 2.601387 8.000000 1.890778 0.303108 0.180015 0.081675 83.000000 5.000000 37.000000 125.000000 0.000000 1.000000 84.816229
1 5.512665 8.000000 2.200322 1.406017 0.869110 0.321549 280.000000 5.000000 85.000000 498.000000 0.000000 1.000000 172.953424
1 4.745892 8.000000 2.228654 1.098436 0.654119 0.236395 217.000000 5.000000 128.000000 468.000000 0.000000 1.000000 143.313314
0 77.347059 8.000000 1.890785 10.003087 3.520315 0.080685 88.000000 5.000000 16.000000 31167.000000 0.000000 1.000000 -1.000000
1 3.526489 8.000000 1.869076 0.715754 0.440824 0.153069 180.000000 5.000000 153.000000 494.000000 0.000000 1.000000 115.109306
1 3.302607 8.000000 2.042320 0.552508 0.323336 0.115741 118.000000 5.000000 15.000000 306.000000 0.000000 1.000000 137.991200
1 1.940334 8.000000 1.573227 0.143632 0.084793 0.070290 89.000000 5.000000 0.000000 64.000000 0.000000 1.000000 80.375478
1 1.968807 8.000000 1.566529 0.168937 0.097068 0.057960 80.000000 5.000000 6.000000 117.000000 0.000000 1.000000 106.624090
1 2.599650 8.000000 1.522406 0.490467 0.279111 0.082390 108.000000 5.000000 49.000000 201.000000 0.000000 1.000000 100.196914
1 3.026462 8.000000 1.801288 0.524215 0.310538 0.154226 179.000000 5.000000 29.000000 290.000000 0.000000 1.000000 156.997237
1 3.571216 8.000000 1.536506 0.920866 0.528561 0.154271 113.000000 5.000000 26.000000 179.000000 0.000000 1.000000 97.048190
1 15.339148 8.000000 12.715800 0.804269 0.521015 0.853856 382.000000 5.000000 75.000000 291.000000 0.000000 1.000000 127.499652
1 8.591139 8.000000 3.430522 2.329223 1.409252 0.289338 198.000000 5.000000 150.000000 654.000000 0.000000 1.000000 143.118759
1 2.778932 8.000000 2.044815 0.308266 0.181464 0.104563 118.000000 5.000000 12.000000 70.000000 0.000000 1.000000 103.374314
1 6.738112 8.000000 1.799763 2.128325 1.252923 0.540369 489.000000 5.000000 96.000000 1157.000000 0.000000 1.000000 190.302961
1 2.777766 8.000000 2.066966 0.266028 0.160678 0.153519 147.000000 5.000000 4.000000 97.000000 0.000000 1.000000 120.116487
1 6.026565 8.000000 1.892230 1.911255 1.081312 0.267498 284.000000 5.000000 116.000000 592.000000 0.000000 1.000000 262.130020
1 6.456672 8.000000 1.556188 2.234566 1.353027 0.192967 226.000000 5.000000 153.000000 475.000000 0.000000 1.000000 141.059856
0 79.847941 8.000000 4.469349 28.958912 18.211198 10.140210 7817.000000 5.000000 749.000000 6798.000000 0.000000 1.000000 -1.000000
1 6.418477 8.000000 3.379590 0.987023 0.634624 0.883049 666.000000 5.000000 82.000000 637.000000 0.000000 1.000000 219.536761
1 2.207077 8.000000 1.841827 0.144987 0.085159 0.067344 77.000000 5.000000 16.000000 71.000000 0.000000 1.000000 68.296762
1 2.269834 8.000000 1.765940 0.215883 0.129540 0.061641 68.000000 5.000000 14.000000 77.000000 0.000000 1.000000 107.337197
1 6.565766 8.000000 2.066442 2.031031 1.198962 0.340838 188.000000 5.000000 83.000000 385.000000 0.000000 1.000000 158.743262
1 4.457624 8.000000 2.931230 0.673161 0.403871 0.122883 133.000000 5.000000 192.000000 220.000000 0.000000 1.000000 78.706732
1 2.304681 8.000000 1.744526 0.239131 0.139583 0.070595 83.000000 5.000000 5.000000 125.000000 0.000000 1.000000 85.199501
1 2.467736 8.000000 1.550639 0.419158 0.228852 0.069196 88.000000 5.000000 34.000000 305.000000 0.000000 1.000000 125.088678
1 2.634230 8.000000 1.921384 0.272161 0.168158 0.139046 133.000000 5.000000 21.000000 117.000000 0.000000 1.000000 111.323096
1 5.797986 8.000000 1.767826 1.876008 1.085048 0.182432 218.000000 5.000000 206.000000 673.000000 0.000000 1.000000 122.540371
1 2.951140 8.000000 2.320794 0.204219 0.130866 0.184021 188.000000 5.000000 16.000000 113.000000 0.000000 1.000000 86.895996
1 6.334527 8.000000 3.724972 0.980238 0.598055 0.506149 517.000000 5.000000 44.000000 666.000000 0.000000 1.000000 225.034062
1 6.408131 8.000000 4.561273 0.594309 0.386075 0.553989 242.000000 5.000000 46.000000 164.000000 0.000000 1.000000 123.449001
1 4.056138 8.000000 3.166479 0.365379 0.223798 0.116855 111.000000 5.000000 21.000000 116.000000 0.000000 1.000000 117.736365
1 3.464413 8.000000 2.035706 0.623090 0.368382 0.146102 138.000000 5.000000 44.000000 166.000000 0.000000 1.000000 142.677851
0 77.085182 8.000000 2.055284 13.512149 2.620932 0.077539 72.000000 5.000000 41.000000 58449.000000 0.000000 1.000000 -1.000000
1 2.740067 8.000000 1.464379 0.563685 0.334247 0.113242 151.000000 5.000000 72.000000 229.000000 0.000000 1.000000 173.196374
1 7.092544 8.000000 1.481294 2.649085 1.509879 0.269932 343.000000 5.000000 216.000000 1208.000000 0.000000 1.000000 124.745232
1 2.296187 8.000000 1.704800 0.235719 0.148302 0.094415 121.000000 5.000000 160.000000 90.000000 0.000000 1.000000 65.138327
1 2.160680 8.000000 1.481023 0.286672 0.175192 0.085725 110.000000 5.000000 55.000000 195.000000 0.000000 1.000000 87.964492
1 2.790493 8.000000 1.817313 0.413579 0.241333 0.122152 146.000000 5.000000 48.000000 243.000000 0.000000 1.000000 109.912670
1 10.524562 8.000000 1.509658 4.094354 2.422276 0.557169 746.000000 5.000000 261.000000 2706.000000 0.000000 1.000000 144.508154
1 7.351339 8.000000 4.275004 0.971307 0.634490 0.943676 427.000000 5.000000 35.000000 262.000000 0.000000 1.000000 143.384146
1 4.362736 8.000000 2.998588 0.592716 0.352404 0.141670 90.000000 5.000000 35.000000 134.000000 0.000000 1.000000 93.674417
1 5.509414 8.000000 3.050805 1.108175 0.645430 0.199707 120.000000 5.000000 37.000000 251.000000 0.000000 1.000000 139.632295
1 6.028004 8.000000 3.581386 1.061083 0.634999 0.219162 130.000000 5.000000 21.000000 208.000000 0.000000 1.000000 127.972031
1 4.195755 8.000000 3.136287 0.451140 0.274875 0.120657 83.000000 5.000000 45.000000 45.000000 0.000000 1.000000 103.253341
1 7.644072 8.000000 4.051963 1.612174 0.901412 0.335452 172.000000 5.000000 12.000000 455.000000 0.000000 1.000000 147.004349
1 5.746967 8.000000 3.587085 0.901133 0.551427 0.279902 159.000000 5.000000 45.000000 333.000000 0.000000 1.000000 143.125062
1 3.912202 8.000000 1.783480 0.940957 0.554968 0.178599 210.000000 5.000000 116.000000 376.000000 0.000000 1.000000 113.497152
1 2.830987 8.000000 1.709463 0.483757 0.281527 0.132833 164.000000 5.000000 66.000000 186.000000 0.000000 1.000000 152.333047
1 3.874616 8.000000 1.473200 1.124524 0.656837 0.071494 95.000000 5.000000 62.000000 388.000000 0.000000 1.000000 115.521345
1 2.577613 8.000000 1.752708 0.355132 0.206192 0.097691 117.000000 5.000000 3.000000 218.000000 0.000000 1.000000 101.738369
1 2.926083 8.000000 1.480142 0.659020 0.386551 0.105276 147.000000 5.000000 19.000000 315.000000 0.000000 1.000000 134.423144
1 2.674158 8.000000 1.605383 0.465854 0.274548 0.119951 126.000000 5.000000 122.000000 235.000000 0.000000 1.000000 82.455045
1 3.298024 10.000000 1.830412 0.579543 0.367540 0.247117 192.000000 5.000000 52.000000 366.000000 0.000000 1.000000 108.493366
0 77.099443 10.000000 2.089607 41.210147 9.941371 1.012350 493.000000 5.000000 147.000000 199224.000000 0.000000 1.000000 -1.000000
1 4.057658 10.000000 1.795167 0.933934 0.589350 0.286459 273.000000 5.000000 62.000000 626.000000 0.000000 1.000000 104.259422
1 2.516309 10.000000 1.795564 0.286124 0.178226 0.124909 118.000000 5.000000 6.000000 122.000000 0.000000 1.000000 119.321339
1 10.691737 10.000000 2.092038 3.400530 2.223437 1.292124 702.000000 5.000000 55.000000 1133.000000 0.000000 1.000000 249.619401
1 7.959925 10.000000 1.558010 2.950642 1.792526 0.306940 339.000000 5.000000 165.000000 1486.000000 0.000000 1.000000 94.296281
1 11.552533 10.000000 3.166195 2.857095 1.911094 2.084367 784.000000 5.000000 49.000000 1289.000000 0.000000 1.000000 180.674048
1 19.888762 10.000000 2.091168 7.116225 4.413710 2.442458 1256.000000 5.000000 173.000000 3777.000000 0.000000 1.000000 252.092435
1 3.786243 10.000000 2.071247 0.689141 0.439241 0.248306 204.000000 5.000000 40.000000 279.000000 0.000000 1.000000 114.284194
1 27.675876 10.000000 16.420884 3.686704 2.441468 3.052832 1810.000000 5.000000 72.000000 1310.000000 0.000000 1.000000 429.218533
1 3.556355 10.000000 2.032059 0.616711 0.390500 0.236897 198.000000 5.000000 44.000000 270.000000 0.000000 1.000000 129.711790
1 9.082611 10.000000 2.049394 3.058516 1.830628 0.665097 405.000000 5.000000 33.000000 1145.000000 0.000000 1.000000 160.297409
1 5.759549 10.000000 3.460326 0.972441 0.611616 0.253967 196.000000 5.000000 25.000000 360.000000 0.000000 1.000000 135.656217
1 4.953545 10.000000 2.155963 1.198647 0.737896 0.327080 164.000000 5.000000 15.000000 275.000000 0.000000 1.000000 113.919267
1 2.910674 10.000000 1.928514 0.418363 0.256718 0.115515 103.000000 5.000000 42.000000 165.000000 0.000000 1.000000 91.911716
1 3.205892 10.000000 1.954917 0.518993 0.334340 0.149489 146.000000 5.000000 52.000000 284.000000 0.000000 1.000000 122.736983
1 3.478951 10.000000 2.131812 0.513909 0.328660 0.253659 186.000000 5.000000 39.000000 227.000000 0.000000 1.000000 112.312262
1 8.919135 10.000000 1.763896 3.224924 2.013785 0.407359 418.000000 5.000000 337.000000 1365.000000 0.000000 1.000000 112.256919
1 10.418478 10.000000 1.689571 3.887873 2.435760 0.565036 609.000000 5.000000 690.000000 2114.000000 0.000000 1.000000 160.747313
1 10.206010 10.000000 1.834863 3.496917 2.288628 0.806608 486.000000 5.000000 85.000000 1269.000000 0.000000 1.000000 149.134443
1 4.121504 10.000000 1.747721 0.985823 0.618098 0.286178 268.000000 5.000000 70.000000 365.000000 0.000000 1.000000 133.196195
1 3.341485 10.000000 1.834342 0.597294 0.372662 0.267146 230.000000 5.000000 52.000000 244.000000 0.000000 1.000000 118.710287
0 76.510377 10.000000 1.491449 38.608450 11.914617 0.956068 843.000000 5.000000 307.000000 149283.000000 0.000000 1.000000 -1.000000
1 7.501692 10.000000 5.178801 0.802978 0.514273 0.597386 423.000000 5.000000 18.000000 399.000000 0.000000 1.000000 238.448420
1 5.458435 10.000000 1.830010 1.550309 0.964877 0.384638 277.000000 5.000000 107.000000 567.000000 0.000000 1.000000 129.581424
1 2.955531 10.000000 1.869771 0.444006 0.283202 0.144925 146.000000 5.000000 81.000000 186.000000 0.000000 1.000000 99.152125
1 11.092278 10.000000 1.896093 4.152704 2.491323 0.587912 510.000000 5.000000 229.000000 1459.000000 0.000000 1.000000 248.250419
1 3.569636 10.000000 1.741878 0.761974 0.474185 0.230092 207.000000 5.000000 225.000000 346.000000 0.000000 1.000000 99.842052
1 2.414658 10.000000 1.827008 0.223823 0.141346 0.116706 115.000000 5.000000 0.000000 113.000000 0.000000 1.000000 87.408839
1 2.672522 10.000000 1.763211 0.358888 0.222409 0.158266 153.000000 5.000000 28.000000 166.000000 0.000000 1.000000 125.054471
1 4.071960 10.000000 1.527834 1.139715 0.697932 0.183388 191.000000 5.000000 40.000000 587.000000 0.000000 1.000000 132.348774
1 8.488860 10.000000 3.168993 1.542678 1.042787 1.943459 647.000000 5.000000 181.000000 431.000000 0.000000 1.000000 154.498315
1 5.992121 10.000000 1.869402 1.820099 1.112204 0.340656 305.000000 5.000000 164.000000 587.000000 0.000000 1.000000 146.482466
1 2.382711 10.000000 2.058174 0.112284 0.072015 0.089739 83.000000 5.000000 0.000000 33.000000 0.000000 1.000000 80.696317
1 3.064092 10.000000 1.828394 0.520089 0.320004 0.157281 151.000000 5.000000 28.000000 164.000000 0.000000 1.000000 102.300370
1 6.833113 10.000000 1.959316 2.138999 1.302130 0.429169 377.000000 5.000000 263.000000 941.000000 0.000000 1.000000 124.754521
1 2.876794 10.000000 2.111492 0.240049 0.155206 0.253700 156.000000 5.000000 14.000000 76.000000 0.000000 1.000000 108.015258
1 11.723721 10.000000 1.749275 4.615901 2.758803 0.435262 266.000000 5.000000 328.000000 1143.000000 0.000000 1.000000 88.104948
1 5.879984 10.000000 2.027444 1.735281 1.072006 0.250040 229.000000 5.000000 120.000000 657.000000 0.000000 1.000000 115.069260
1 6.006027 10.000000 1.654628 1.975747 1.215974 0.237393 197.000000 5.000000 47.000000 470.000000 0.000000 1.000000 109.898295
1 7.379651 10.000000 4.035967 1.364034 0.857600 0.488088 254.000000 5.000000 35.000000 254.000000 0.000000 1.000000 129.026599
1 3.601038 10.000000 1.682425 0.817278 0.507694 0.205730 180.000000 5.000000 46.000000 515.000000 0.000000 1.000000 98.497898
1 6.159502 10.000000 3.230226 1.205608 0.755710 0.403381 179.000000 5.000000 37.000000 307.000000 0.000000 1.000000 99.103568
1 5.281215 10.000000 2.918270 1.019172 0.632119 0.250009 230.000000 5.000000 87.000000 468.000000 0.000000 1.000000 95.287126
1 3.235356 10.000000 1.953635 0.514103 0.323238 0.192007 175.000000 5.000000 26.000000 278.000000 0.000000 1.000000 101.335932
1 14.914264 10.000000 1.559998 6.094607 3.668592 0.593585 575.000000 5.000000 107.000000 3335.000000 0.000000 1.000000 113.066112
1 5.554840 10.000000 1.605128 1.683375 1.083901 0.341881 320.000000 5.000000 43.000000 598.000000 0.000000 1.000000 163.031694
1 3.096124 10.000000 2.212388 0.302606 0.204228 0.230782 185.000000 5.000000 11.000000 158.000000 0.000000 1.000000 105.925234
1 11.318255 10.000000 2.073367 3.792710 2.435342 0.975939 606.000000 5.000000 35.000000 1352.000000 0.000000 1.000000 115.104511
1 16.750987 10.000000 3.266019 5.785157 3.655198 1.195911 945.000000 5.000000 285.000000 2969.000000 0.000000 1.000000 179.156428
1 6.916180 10.000000 2.052990 1.869820 1.183682 0.906866 353.000000 5.000000 67.000000 629.000000 0.000000 1.000000 144.176947
1 6.516699 10.000000 2.080100 1.925827 1.194792 0.395590 264.000000 5.000000 31.000000 387.000000 0.000000 1.000000 120.590117
1 10.092378 10.000000 3.839848 2.679988 1.695460 0.595565 371.000000 5.000000 162.000000 1045.000000 0.000000 1.000000 203.063727
1 2.433486 10.000000 1.834061 0.241303 0.146726 0.102453 97.000000 5.000000 10.000000 110.000000 0.000000 1.000000 87.929946
0 77.305186 10.000000 1.981661 11.166365 3.024501 0.428364 334.000000 5.000000 145.000000 36717.000000 0.000000 1.000000 -1.000000
1 6.411656 10.000000 3.028394 1.233002 0.792469 0.717806 510.000000 5.000000 31.000000 643.000000 0.000000 1.000000 233.714322
