1 3.468052 1.000000 0.000000 0.119375 0.431263 0.000000 0.000000 0.000000 0.000000 53011.000000 -1.000000 0.000000 15.179108
1 0.325079 1.000000 0.000000 0.019289 0.060315 0.000000 0.000000 0.000000 0.000000 6333.000000 -1.000000 0.000000 16.538157
1 0.325079 1.000000 0.000000 0.019289 0.060315 0.000000 0.000000 0.000000 0.000000 6333.000000 -1.000000 0.000000 16.538157
1 0.325079 1.000000 0.000000 0.019289 0.060315 0.000000 0.000000 0.000000 0.000000 6333.000000 -1.000000 0.000000 16.538157
1 3.468052 1.000000 0.000000 0.119375 0.431263 0.000000 0.000000 0.000000 0.000000 53011.000000 -1.000000 0.000000 15.179108
1 5.482767 1.000000 0.000000 0.181782 0.769687 0.000000 0.000000 0.000000 0.000000 66325.000000 -1.000000 0.000000 15.232614
1 5.482767 1.000000 0.000000 0.181782 0.769687 0.000000 0.000000 0.000000 0.000000 66325.000000 -1.000000 0.000000 15.232614
1 0.444706 1.000000 0.000000 0.035296 0.118425 0.000000 0.000000 0.000000 0.000000 8111.000000 -1.000000 0.000000 21.230103
1 0.087100 1.000000 0.000000 0.007175 0.023368 0.000000 0.000000 0.000000 0.000000 2005.000000 -1.000000 0.000000 16.188205
1 0.325079 1.000000 0.000000 0.019289 0.060315 0.000000 0.000000 0.000000 0.000000 6333.000000 -1.000000 0.000000 16.538157
1 13.499598 1.000000 0.000000 0.374913 1.239458 0.000000 0.000000 0.000000 0.000000 148104.000000 -1.000000 0.000000 12.843381
1 0.013586 1.000000 0.000000 0.001975 0.006560 0.000000 0.000000 0.000000 0.000000 762.000000 -1.000000 0.000000 14.823956
1 3.697782 1.000000 0.000000 0.120745 0.405780 0.000000 0.000000 0.000000 0.000000 35803.000000 -1.000000 0.000000 15.606527
1 5.482767 1.000000 0.000000 0.181782 0.769687 0.000000 0.000000 0.000000 0.000000 66325.000000 -1.000000 0.000000 15.232614
1 3.704905 1.000000 0.000000 0.135602 0.465319 0.000000 0.000000 0.000000 0.000000 67512.000000 -1.000000 0.000000 13.329456
1 3.468052 1.000000 0.000000 0.119375 0.431263 0.000000 0.000000 0.000000 0.000000 53011.000000 -1.000000 0.000000 15.179108
1 3.468052 1.000000 0.000000 0.119375 0.431263 0.000000 0.000000 0.000000 0.000000 53011.000000 -1.000000 0.000000 15.179108
1 4.291365 1.000000 0.000000 0.115338 0.416933 0.000000 0.000000 0.000000 0.000000 54835.000000 -1.000000 0.000000 13.614125
1 0.942335 1.000000 0.000000 0.030186 0.100978 0.000000 0.000000 0.000000 0.000000 10872.000000 -1.000000 0.000000 20.889501
1 0.942335 1.000000 0.000000 0.030186 0.100978 0.000000 0.000000 0.000000 0.000000 10872.000000 -1.000000 0.000000 20.889501
1 0.028256 1.000000 0.000000 0.004097 0.013348 0.000000 0.000000 0.000000 0.000000 418.000000 -1.000000 0.000000 15.832919
1 0.001736 1.000000 0.000000 0.000284 0.000887 0.000000 0.000000 0.000000 0.000000 0.000000 -1.000000 0.000000 12.068667
1 0.078972 1.000000 0.000000 0.008371 0.028179 0.000000 0.000000 0.000000 0.000000 1517.000000 -1.000000 0.000000 12.211113
1 0.183186 1.000000 0.000000 0.012794 0.042665 0.000000 0.000000 0.000000 0.000000 2268.000000 -1.000000 0.000000 19.563576
1 0.025567 1.000000 0.000000 0.002770 0.009583 0.000000 0.000000 0.000000 0.000000 797.000000 -1.000000 0.000000 14.825755
1 0.078972 1.000000 0.000000 0.008371 0.028179 0.000000 0.000000 0.000000 0.000000 1517.000000 -1.000000 0.000000 12.211113
1 0.060532 1.000000 0.000000 0.006612 0.019963 0.000000 0.000000 0.000000 0.000000 569.000000 -1.000000 0.000000 18.053418
1 0.019252 1.000000 0.000000 0.002430 0.007898 0.000000 0.000000 0.000000 0.000000 670.000000 -1.000000 0.000000 15.391968
1 0.027061 1.000000 0.000000 0.003000 0.010191 0.000000 0.000000 0.000000 0.000000 541.000000 -1.000000 0.000000 13.826182
1 0.025567 1.000000 0.000000 0.002770 0.009583 0.000000 0.000000 0.000000 0.000000 797.000000 -1.000000 0.000000 14.825755
1 3.704905 1.000000 0.000000 0.135602 0.465319 0.000000 0.000000 0.000000 0.000000 67512.000000 -1.000000 0.000000 13.329456
1 13.499598 1.000000 0.000000 0.374913 1.239458 0.000000 0.000000 0.000000 0.000000 148104.000000 -1.000000 0.000000 12.843381
1 0.060532 1.000000 0.000000 0.006612 0.019963 0.000000 0.000000 0.000000 0.000000 569.000000 -1.000000 0.000000 18.053418
1 0.101498 1.000000 0.000000 0.007701 0.037543 0.000000 0.000000 0.000000 0.000000 1700.000000 -1.000000 0.000000 17.072135
1 3.468052 1.000000 0.000000 0.119375 0.431263 0.000000 0.000000 0.000000 0.000000 53011.000000 -1.000000 0.000000 15.179108
1 0.567359 1.000000 0.000000 0.028988 0.112722 0.000000 0.000000 0.000000 0.000000 6100.000000 -1.000000 0.000000 25.436283
1 3.468052 1.000000 0.000000 0.119375 0.431263 0.000000 0.000000 0.000000 0.000000 53011.000000 -1.000000 0.000000 15.179108
1 0.044349 1.000000 0.000000 0.004248 0.013597 0.000000 0.000000 0.000000 0.000000 872.000000 -1.000000 0.000000 12.943485
1 0.269655 1.000000 0.000000 0.016833 0.074147 0.000000 0.000000 0.000000 0.000000 6755.000000 -1.000000 0.000000 22.585345
1 0.022198 1.000000 0.000000 0.002647 0.008622 0.000000 0.000000 0.000000 0.000000 738.000000 -1.000000 0.000000 13.606214
1 0.170848 1.000000 0.000000 0.011029 0.034776 0.000000 0.000000 0.000000 0.000000 4341.000000 -1.000000 0.000000 12.436668
1 0.031448 1.000000 0.000000 0.003402 0.011365 0.000000 0.000000 0.000000 0.000000 728.000000 -1.000000 0.000000 11.853858
1 3.468052 1.000000 0.000000 0.119375 0.431263 0.000000 0.000000 0.000000 0.000000 53011.000000 -1.000000 0.000000 15.179108
1 3.468052 1.000000 0.000000 0.119375 0.431263 0.000000 0.000000 0.000000 0.000000 53011.000000 -1.000000 0.000000 15.179108
1 0.018694 1.000000 0.000000 0.002696 0.008494 0.000000 0.000000 0.000000 0.000000 165.000000 -1.000000 0.000000 17.737048
1 3.468052 1.000000 0.000000 0.119375 0.431263 0.000000 0.000000 0.000000 0.000000 53011.000000 -1.000000 0.000000 15.179108
1 3.468052 1.000000 0.000000 0.119375 0.431263 0.000000 0.000000 0.000000 0.000000 53011.000000 -1.000000 0.000000 15.179108
1 0.170848 1.000000 0.000000 0.011029 0.034776 0.000000 0.000000 0.000000 0.000000 4341.000000 -1.000000 0.000000 12.436668
1 0.002363 1.000000 0.000000 0.000373 0.001331 0.000000 0.000000 0.000000 0.000000 5.000000 -1.000000 0.000000 16.786778
1 3.468052 1.000000 0.000000 0.119375 0.431263 0.000000 0.000000 0.000000 0.000000 53011.000000 -1.000000 0.000000 15.179108
1 0.096752 1.000000 0.000000 0.007452 0.028406 0.000000 0.000000 0.000000 0.000000 1386.000000 -1.000000 0.000000 18.986255
1 1.785686 1.000000 0.000000 0.078650 0.222203 0.000000 0.000000 0.000000 0.000000 32644.000000 -1.000000 0.000000 12.527698
1 3.704905 1.000000 0.000000 0.135602 0.465319 0.000000 0.000000 0.000000 0.000000 67512.000000 -1.000000 0.000000 13.329456
1 0.116321 1.000000 0.000000 0.008420 0.036562 0.000000 0.000000 0.000000 0.000000 1413.000000 -1.000000 0.000000 13.139081
1 0.009094 1.000000 0.000000 0.001532 0.004724 0.000000 0.000000 0.000000 0.000000 94.000000 -1.000000 0.000000 14.659877
1 3.704905 1.000000 0.000000 0.135602 0.465319 0.000000 0.000000 0.000000 0.000000 67512.000000 -1.000000 0.000000 13.329456
1 0.035091 1.000000 0.000000 0.005019 0.016668 0.000000 0.000000 0.000000 0.000000 222.000000 -1.000000 0.000000 14.053756
1 0.001829 1.000000 0.000000 0.000229 0.001146 0.000000 0.000000 0.000000 0.000000 0.000000 -1.000000 0.000000 13.896703
1 0.001632 1.000000 0.000000 0.000270 0.000807 0.000000 0.000000 0.000000 0.000000 0.000000 -1.000000 0.000000 15.520144
1 3.704905 1.000000 0.000000 0.135602 0.465319 0.000000 0.000000 0.000000 0.000000 67512.000000 -1.000000 0.000000 13.329456
0 90.099368 2.000000 0.000000 0.789749 3.513641 0.000000 0.000000 0.000000 1439.000000 73802.000000 -1.000000 0.000000 -1.000000
0 90.113713 2.000000 0.000000 0.599947 2.026605 0.000000 0.000000 0.000000 322.000000 78985.000000 -1.000000 0.000000 -1.000000
0 90.086410 2.000000 0.000000 0.705771 2.668949 0.000000 0.000000 0.000000 1197.000000 93506.000000 -1.000000 0.000000 -1.000000
0 90.345694 2.000000 0.000000 0.616568 2.450809 0.000000 0.000000 0.000000 719.000000 67753.000000 -1.000000 0.000000 -1.000000
0 90.139586 2.000000 0.000000 0.613421 2.446210 0.000000 0.000000 0.000000 1945.000000 92881.000000 -1.000000 0.000000 -1.000000
1 5.289302 2.000000 0.000000 0.240325 0.785127 0.000000 0.000000 0.000000 1028.000000 54081.000000 -1.000000 0.000000 49.566327
0 90.159800 2.000000 0.000000 0.753352 2.976115 0.000000 0.000000 0.000000 16957.000000 69170.000000 -1.000000 0.000000 -1.000000
0 90.081532 2.000000 0.000000 0.783885 2.987593 0.000000 0.000000 0.000000 1517.000000 113275.000000 -1.000000 0.000000 -1.000000
0 90.137913 2.000000 0.000000 0.577379 2.647556 0.000000 0.000000 0.000000 5063.000000 71223.000000 -1.000000 0.000000 -1.000000
1 8.828006 2.000000 0.000000 0.416232 1.699570 0.000000 0.000000 0.000000 327.000000 63193.000000 -1.000000 0.000000 54.172898
0 90.006836 2.000000 0.000000 1.213368 3.134238 0.000000 0.000000 0.000000 0.000000 217336.000000 -1.000000 0.000000 -1.000000
0 90.002255 2.000000 0.000000 1.090170 3.374723 0.000000 0.000000 0.000000 845.000000 214952.000000 -1.000000 0.000000 -1.000000
1 59.581601 2.000000 0.000000 1.591450 4.923612 0.000000 0.000000 0.000000 4934.000000 275873.000000 -1.000000 0.000000 54.317674
0 90.164999 2.000000 0.000000 1.022211 3.663403 0.000000 0.000000 0.000000 0.000000 161232.000000 -1.000000 0.000000 -1.000000
0 90.001880 2.000000 0.000000 1.347470 4.381905 0.000000 0.000000 0.000000 0.000000 226652.000000 -1.000000 0.000000 -1.000000
0 90.177436 2.000000 0.000000 0.398291 1.844673 0.000000 0.000000 0.000000 0.000000 32724.000000 -1.000000 0.000000 -1.000000
1 4.128307 2.000000 0.000000 0.194203 0.519692 0.000000 0.000000 0.000000 0.000000 47709.000000 -1.000000 0.000000 52.222233
0 90.117914 2.000000 0.000000 0.662184 2.624638 0.000000 0.000000 0.000000 3489.000000 69212.000000 -1.000000 0.000000 -1.000000
1 10.694510 2.000000 0.000000 0.181265 0.685627 0.000000 0.000000 0.000000 242.000000 21492.000000 -1.000000 0.000000 40.122776
1 19.302680 2.000000 0.000000 0.952783 1.825727 0.000000 0.000000 0.000000 1757.000000 219404.000000 -1.000000 0.000000 42.398246
0 90.194032 2.000000 0.000000 0.599124 2.407214 0.000000 0.000000 0.000000 5029.000000 67695.000000 -1.000000 0.000000 -1.000000
0 90.112310 2.000000 0.000000 0.996939 3.143894 0.000000 0.000000 0.000000 7308.000000 120258.000000 -1.000000 0.000000 -1.000000
0 90.021787 2.000000 0.000000 0.567355 2.179112 0.000000 0.000000 0.000000 1368.000000 70508.000000 -1.000000 0.000000 -1.000000
0 90.147362 2.000000 0.000000 0.575671 2.167826 0.000000 0.000000 0.000000 6013.000000 55784.000000 -1.000000 0.000000 -1.000000
1 0.381826 2.000000 0.000000 0.033456 0.157436 0.000000 0.000000 0.000000 29.000000 6955.000000 -1.000000 0.000000 47.024070
1 0.079511 2.000000 0.000000 0.008434 0.039223 0.000000 0.000000 0.000000 0.000000 1299.000000 -1.000000 0.000000 37.708056
1 13.872904 2.000000 0.000000 0.256945 1.004179 0.000000 0.000000 0.000000 370.000000 38525.000000 -1.000000 0.000000 46.661193
0 90.038220 2.000000 0.000000 0.845514 2.717670 0.000000 0.000000 0.000000 10088.000000 114760.000000 -1.000000 0.000000 -1.000000
0 90.007823 2.000000 0.000000 1.021924 3.410232 0.000000 0.000000 0.000000 13191.000000 181222.000000 -1.000000 0.000000 -1.000000
1 26.439191 2.000000 0.000000 0.644390 2.889900 0.000000 0.000000 0.000000 24.000000 125535.000000 -1.000000 0.000000 43.713267
0 90.304876 2.000000 0.000000 0.545376 1.973324 0.000000 0.000000 0.000000 381.000000 53893.000000 -1.000000 0.000000 -1.000000
1 4.078898 2.000000 0.000000 0.117358 0.412041 0.000000 0.000000 0.000000 74.000000 20688.000000 -1.000000 0.000000 62.676939
0 90.141858 2.000000 0.000000 0.711909 2.586880 0.000000 0.000000 0.000000 12263.000000 93815.000000 -1.000000 0.000000 -1.000000
0 90.198595 2.000000 0.000000 0.990102 3.948145 0.000000 0.000000 0.000000 1405.000000 145857.000000 -1.000000 0.000000 -1.000000
0 90.027694 2.000000 0.000000 1.274648 4.336011 0.000000 0.000000 0.000000 0.000000 186133.000000 -1.000000 0.000000 -1.000000
1 38.381685 2.000000 0.000000 0.435431 1.546730 0.000000 0.000000 0.000000 553.000000 46723.000000 -1.000000 0.000000 55.696432
0 90.349189 2.000000 0.000000 0.530712 2.090947 0.000000 0.000000 0.000000 2987.000000 49793.000000 -1.000000 0.000000 -1.000000
0 90.009868 2.000000 0.000000 0.748447 2.465812 0.000000 0.000000 0.000000 27681.000000 83643.000000 -1.000000 0.000000 -1.000000
1 81.000139 2.000000 0.000000 0.870403 3.012880 0.000000 0.000000 0.000000 7250.000000 137219.000000 -1.000000 0.000000 140.044560
1 7.635373 2.000000 0.000000 0.296445 0.839678 0.000000 0.000000 0.000000 0.000000 70299.000000 -1.000000 0.000000 47.664973
1 49.640967 2.000000 0.000000 0.503730 2.110456 0.000000 0.000000 0.000000 13138.000000 76737.000000 -1.000000 0.000000 54.957185
0 90.252517 2.000000 0.000000 1.368478 4.103935 0.000000 0.000000 0.000000 1963.000000 295043.000000 -1.000000 0.000000 -1.000000
1 10.511713 2.000000 0.000000 0.301305 0.790103 0.000000 0.000000 0.000000 799.000000 67334.000000 -1.000000 0.000000 45.240470
1 20.957838 2.000000 0.000000 0.298580 0.985406 0.000000 0.000000 0.000000 7056.000000 37835.000000 -1.000000 0.000000 33.062667
0 90.197287 2.000000 0.000000 0.482362 2.041004 0.000000 0.000000 0.000000 1507.000000 44691.000000 -1.000000 0.000000 -1.000000
1 3.919680 2.000000 0.000000 0.187066 0.677708 0.000000 0.000000 0.000000 535.000000 25949.000000 -1.000000 0.000000 45.290892
1 10.705133 2.000000 0.000000 0.275992 0.821153 0.000000 0.000000 0.000000 3855.000000 32031.000000 -1.000000 0.000000 57.237912
0 90.023778 2.000000 0.000000 1.528043 3.448302 0.000000 0.000000 0.000000 0.000000 280140.000000 -1.000000 0.000000 -1.000000
0 90.157264 2.000000 0.000000 0.722646 2.395251 0.000000 0.000000 0.000000 2197.000000 122021.000000 -1.000000 0.000000 -1.000000
1 29.545528 2.000000 0.000000 0.289003 1.069795 0.000000 0.000000 0.000000 1687.000000 34719.000000 -1.000000 0.000000 103.660398
0 90.152046 2.000000 0.000000 0.650975 2.473102 0.000000 0.000000 0.000000 3461.000000 75614.000000 -1.000000 0.000000 -1.000000
0 90.402488 2.000000 0.000000 0.685887 2.422272 0.000000 0.000000 0.000000 806.000000 91329.000000 -1.000000 0.000000 -1.000000
0 90.232666 2.000000 0.000000 0.806431 3.313237 0.000000 0.000000 0.000000 3846.000000 95987.000000 -1.000000 0.000000 -1.000000
0 90.268494 2.000000 0.000000 0.578966 2.252387 0.000000 0.000000 0.000000 1454.000000 59452.000000 -1.000000 0.000000 -1.000000
0 90.114286 2.000000 0.000000 0.837253 2.594981 0.000000 0.000000 0.000000 1146.000000 139062.000000 -1.000000 0.000000 -1.000000
1 33.077588 2.000000 0.000000 0.375893 1.311145 0.000000 0.000000 0.000000 1514.000000 59370.000000 -1.000000 0.000000 59.316414
1 76.815458 2.000000 0.000000 0.662955 2.578511 0.000000 0.000000 0.000000 221.000000 108778.000000 -1.000000 0.000000 64.668754
1 18.763964 2.000000 0.000000 0.253909 0.899453 0.000000 0.000000 0.000000 1095.000000 44700.000000 -1.000000 0.000000 39.299336
1 4.212732 2.000000 0.000000 0.200833 0.905473 0.000000 0.000000 0.000000 1.000000 39945.000000 -1.000000 0.000000 46.136688
1 73.952721 2.000000 0.000000 0.638575 2.933618 0.000000 0.000000 0.000000 9231.000000 82882.000000 -1.000000 0.000000 65.369700
0 90.004582 4.000000 0.000000 23.683475 12.807402 -1.000000 -1.000000 -1.000000 -1.000000 -1.000000 0.000000 0.000000 -1.000000
0 90.023814 4.000000 0.000000 16.901554 18.296823 -1.000000 -1.000000 -1.000000 -1.000000 -1.000000 0.000000 0.000000 -1.000000
0 90.000053 4.000000 0.000000 19.950361 21.402064 -1.000000 -1.000000 -1.000000 -1.000000 -1.000000 0.000000 0.000000 -1.000000
0 90.084859 4.000000 0.000000 11.883178 13.702577 -1.000000 -1.000000 -1.000000 -1.000000 -1.000000 0.000000 0.000000 -1.000000
0 90.037813 4.000000 0.000000 8.752398 6.129308 -1.000000 -1.000000 -1.000000 -1.000000 -1.000000 0.000000 0.000000 -1.000000
0 90.018499 4.000000 0.000000 13.961248 8.172078 -1.000000 -1.000000 -1.000000 -1.000000 -1.000000 0.000000 0.000000 -1.000000
0 90.005547 4.000000 0.000000 22.496816 14.660498 -1.000000 -1.000000 -1.000000 -1.000000 -1.000000 0.000000 0.000000 -1.000000
0 90.000518 4.000000 0.000000 20.428139 18.854170 -1.000000 -1.000000 -1.000000 -1.000000 -1.000000 0.000000 0.000000 -1.000000
0 90.000964 4.000000 0.000000 15.680427 10.819071 -1.000000 -1.000000 -1.000000 -1.000000 -1.000000 0.000000 0.000000 -1.000000
0 90.057698 4.000000 0.000000 23.798168 17.608559 -1.000000 -1.000000 -1.000000 -1.000000 -1.000000 0.000000 0.000000 -1.000000
0 90.008756 4.000000 0.000000 22.098031 20.422779 -1.000000 -1.000000 -1.000000 -1.000000 -1.000000 0.000000 0.000000 -1.000000
0 90.057050 4.000000 0.000000 5.981742 9.128628 -1.000000 -1.000000 -1.000000 -1.000000 -1.000000 0.000000 0.000000 -1.000000
0 90.006670 4.000000 0.000000 22.833152 23.538403 -1.000000 -1.000000 -1.000000 -1.000000 -1.000000 0.000000 0.000000 -1.000000
0 90.018102 4.000000 0.000000 17.428671 27.248420 -1.000000 -1.000000 -1.000000 -1.000000 -1.000000 0.000000 0.000000 -1.000000
0 90.005407 4.000000 0.000000 25.994360 18.934870 -1.000000 -1.000000 -1.000000 -1.000000 -1.000000 0.000000 0.000000 -1.000000
0 90.015143 4.000000 0.000000 27.449955 22.404385 -1.000000 -1.000000 -1.000000 -1.000000 -1.000000 0.000000 0.000000 -1.000000
0 90.075765 4.000000 0.000000 10.607292 11.704678 -1.000000 -1.000000 -1.000000 -1.000000 -1.000000 0.000000 0.000000 -1.000000
0 90.017571 4.000000 0.000000 19.365505 15.121592 -1.000000 -1.000000 -1.000000 -1.000000 -1.000000 0.000000 0.000000 -1.000000
0 90.005964 4.000000 0.000000 24.418953 25.692567 -1.000000 -1.000000 -1.000000 -1.000000 -1.000000 0.000000 0.000000 -1.000000
0 90.051396 4.000000 0.000000 9.277582 19.733489 -1.000000 -1.000000 -1.000000 -1.000000 -1.000000 0.000000 0.000000 -1.000000
0 90.004430 4.000000 0.000000 25.454309 25.761793 -1.000000 -1.000000 -1.000000 -1.000000 -1.000000 0.000000 0.000000 -1.000000
0 90.095379 4.000000 0.000000 19.671545 18.951462 -1.000000 -1.000000 -1.000000 -1.000000 -1.000000 0.000000 0.000000 -1.000000
0 90.011298 4.000000 0.000000 22.194615 19.211354 -1.000000 -1.000000 -1.000000 -1.000000 -1.000000 0.000000 0.000000 -1.000000
0 90.091313 4.000000 0.000000 7.317999 11.246397 -1.000000 -1.000000 -1.000000 -1.000000 -1.000000 0.000000 0.000000 -1.000000
0 90.003843 4.000000 0.000000 5.629951 8.623167 -1.000000 -1.000000 -1.000000 -1.000000 -1.000000 0.000000 0.000000 -1.000000
0 90.078782 4.000000 0.000000 23.833829 16.639868 -1.000000 -1.000000 -1.000000 -1.000000 -1.000000 0.000000 0.000000 -1.000000
0 90.037009 4.000000 0.000000 18.738451 11.589668 -1.000000 -1.000000 -1.000000 -1.000000 -1.000000 0.000000 0.000000 -1.000000
0 90.077101 4.000000 0.000000 17.086614 10.917685 -1.000000 -1.000000 -1.000000 -1.000000 -1.000000 0.000000 0.000000 -1.000000
0 90.087716 4.000000 0.000000 5.069025 4.132208 -1.000000 -1.000000 -1.000000 -1.000000 -1.000000 0.000000 0.000000 -1.000000
0 90.007971 4.000000 0.000000 15.903633 28.599424 -1.000000 -1.000000 -1.000000 -1.000000 -1.000000 0.000000 0.000000 -1.000000
0 90.015663 4.000000 0.000000 9.432585 10.375768 -1.000000 -1.000000 -1.000000 -1.000000 -1.000000 0.000000 0.000000 -1.000000
0 90.072653 4.000000 0.000000 15.194600 10.964355 -1.000000 -1.000000 -1.000000 -1.000000 -1.000000 0.000000 0.000000 -1.000000
0 90.029710 4.000000 0.000000 9.935488 6.916145 -1.000000 -1.000000 -1.000000 -1.000000 -1.000000 0.000000 0.000000 -1.000000
0 90.002539 4.000000 0.000000 23.599913 16.475268 -1.000000 -1.000000 -1.000000 -1.000000 -1.000000 0.000000 0.000000 -1.000000
0 90.026415 4.000000 0.000000 18.586743 13.297919 -1.000000 -1.000000 -1.000000 -1.000000 -1.000000 0.000000 0.000000 -1.000000
0 90.026945 4.000000 0.000000 15.873085 16.884260 -1.000000 -1.000000 -1.000000 -1.000000 -1.000000 0.000000 0.000000 -1.000000
0 90.035573 4.000000 0.000000 9.233990 5.386779 -1.000000 -1.000000 -1.000000 -1.000000 -1.000000 0.000000 0.000000 -1.000000
0 90.068905 4.000000 0.000000 4.020172 5.106348 -1.000000 -1.000000 -1.000000 -1.000000 -1.000000 0.000000 0.000000 -1.000000
0 90.001303 4.000000 0.000000 29.074058 13.599782 -1.000000 -1.000000 -1.000000 -1.000000 -1.000000 0.000000 0.000000 -1.000000
0 90.035463 4.000000 0.000000 13.965388 12.789089 -1.000000 -1.000000 -1.000000 -1.000000 -1.000000 0.000000 0.000000 -1.000000
0 90.041952 4.000000 0.000000 14.725333 14.707790 -1.000000 -1.000000 -1.000000 -1.000000 -1.000000 0.000000 0.000000 -1.000000
0 90.016775 4.000000 0.000000 8.959646 12.770849 -1.000000 -1.000000 -1.000000 -1.000000 -1.000000 0.000000 0.000000 -1.000000
0 90.006344 4.000000 0.000000 9.573255 16.439888 -1.000000 -1.000000 -1.000000 -1.000000 -1.000000 0.000000 0.000000 -1.000000
0 90.030244 4.000000 0.000000 15.149456 10.475590 -1.000000 -1.000000 -1.000000 -1.000000 -1.000000 0.000000 0.000000 -1.000000
0 90.000914 4.000000 0.000000 25.382620 25.757293 -1.000000 -1.000000 -1.000000 -1.000000 -1.000000 0.000000 0.000000 -1.000000
0 90.012211 4.000000 0.000000 16.920518 16.154746 -1.000000 -1.000000 -1.000000 -1.000000 -1.000000 0.000000 0.000000 -1.000000
0 90.004803 4.000000 0.000000 18.889553 22.000019 -1.000000 -1.000000 -1.000000 -1.000000 -1.000000 0.000000 0.000000 -1.000000
0 90.074507 4.000000 0.000000 13.847129 8.085611 -1.000000 -1.000000 -1.000000 -1.000000 -1.000000 0.000000 0.000000 -1.000000
0 90.015505 4.000000 0.000000 13.675413 19.891779 -1.000000 -1.000000 -1.000000 -1.000000 -1.000000 0.000000 0.000000 -1.000000
0 90.014840 4.000000 0.000000 24.057362 16.821866 -1.000000 -1.000000 -1.000000 -1.000000 -1.000000 0.000000 0.000000 -1.000000
0 90.009945 4.000000 0.000000 19.559577 33.846556 -1.000000 -1.000000 -1.000000 -1.000000 -1.000000 0.000000 0.000000 -1.000000
0 90.035034 4.000000 0.000000 16.289244 16.701999 -1.000000 -1.000000 -1.000000 -1.000000 -1.000000 0.000000 0.000000 -1.000000
0 90.014947 4.000000 0.000000 19.234047 36.468022 -1.000000 -1.000000 -1.000000 -1.000000 -1.000000 0.000000 0.000000 -1.000000
0 90.033841 4.000000 0.000000 21.042889 20.002169 -1.000000 -1.000000 -1.000000 -1.000000 -1.000000 0.000000 0.000000 -1.000000
0 90.013121 4.000000 0.000000 19.012859 14.291262 -1.000000 -1.000000 -1.000000 -1.000000 -1.000000 0.000000 0.000000 -1.000000
0 90.006571 4.000000 0.000000 24.203908 22.038350 -1.000000 -1.000000 -1.000000 -1.000000 -1.000000 0.000000 0.000000 -1.000000
0 90.064366 4.000000 0.000000 18.516970 11.077408 -1.000000 -1.000000 -1.000000 -1.000000 -1.000000 0.000000 0.000000 -1.000000
0 90.067656 4.000000 0.000000 11.460544 8.406494 -1.000000 -1.000000 -1.000000 -1.000000 -1.000000 0.000000 0.000000 -1.000000
0 90.006713 4.000000 0.000000 28.398278 27.217217 -1.000000 -1.000000 -1.000000 -1.000000 -1.000000 0.000000 0.000000 -1.000000
0 90.001458 4.000000 0.000000 28.221113 19.160513 -1.000000 -1.000000 -1.000000 -1.000000 -1.000000 0.000000 0.000000 -1.000000
0 90.004582 6.000000 0.000000 23.683475 12.807402 -1.000000 -1.000000 -1.000000 -1.000000 -1.000000 0.000000 0.000000 -1.000000
0 90.023814 6.000000 0.000000 16.901554 18.296823 -1.000000 -1.000000 -1.000000 -1.000000 -1.000000 0.000000 0.000000 -1.000000
0 90.000053 6.000000 0.000000 19.950361 21.402064 -1.000000 -1.000000 -1.000000 -1.000000 -1.000000 0.000000 0.000000 -1.000000
0 90.084859 6.000000 0.000000 11.883178 13.702577 -1.000000 -1.000000 -1.000000 -1.000000 -1.000000 0.000000 0.000000 -1.000000
0 90.037813 6.000000 0.000000 8.752398 6.129308 -1.000000 -1.000000 -1.000000 -1.000000 -1.000000 0.000000 0.000000 -1.000000
0 90.018499 6.000000 0.000000 13.961248 8.172078 -1.000000 -1.000000 -1.000000 -1.000000 -1.000000 0.000000 0.000000 -1.000000
0 90.005547 6.000000 0.000000 22.496816 14.660498 -1.000000 -1.000000 -1.000000 -1.000000 -1.000000 0.000000 0.000000 -1.000000
0 90.000518 6.000000 0.000000 20.428139 18.854170 -1.000000 -1.000000 -1.000000 -1.000000 -1.000000 0.000000 0.000000 -1.000000
0 90.000964 6.000000 0.000000 15.680427 10.819071 -1.000000 -1.000000 -1.000000 -1.000000 -1.000000 0.000000 0.000000 -1.000000
0 90.057698 6.000000 0.000000 23.798168 17.608559 -1.000000 -1.000000 -1.000000 -1.000000 -1.000000 0.000000 0.000000 -1.000000
0 90.008756 6.000000 0.000000 22.098031 20.422779 -1.000000 -1.000000 -1.000000 -1.000000 -1.000000 0.000000 0.000000 -1.000000
0 90.057050 6.000000 0.000000 5.981742 9.128628 -1.000000 -1.000000 -1.000000 -1.000000 -1.000000 0.000000 0.000000 -1.000000
0 90.006670 6.000000 0.000000 22.833152 23.538403 -1.000000 -1.000000 -1.000000 -1.000000 -1.000000 0.000000 0.000000 -1.000000
0 90.018102 6.000000 0.000000 17.428671 27.248420 -1.000000 -1.000000 -1.000000 -1.000000 -1.000000 0.000000 0.000000 -1.000000
0 90.005407 6.000000 0.000000 25.994360 18.934870 -1.000000 -1.000000 -1.000000 -1.000000 -1.000000 0.000000 0.000000 -1.000000
0 90.015143 6.000000 0.000000 27.449955 22.404385 -1.000000 -1.000000 -1.000000 -1.000000 -1.000000 0.000000 0.000000 -1.000000
0 90.075765 6.000000 0.000000 10.607292 11.704678 -1.000000 -1.000000 -1.000000 -1.000000 -1.000000 0.000000 0.000000 -1.000000
0 90.017571 6.000000 0.000000 19.365505 15.121592 -1.000000 -1.000000 -1.000000 -1.000000 -1.000000 0.000000 0.000000 -1.000000
0 90.005964 6.000000 0.000000 24.418953 25.692567 -1.000000 -1.000000 -1.000000 -1.000000 -1.000000 0.000000 0.000000 -1.000000
0 90.051396 6.000000 0.000000 9.277582 19.733489 -1.000000 -1.000000 -1.000000 -1.000000 -1.000000 0.000000 0.000000 -1.000000
0 90.004430 6.000000 0.000000 25.454309 25.761793 -1.000000 -1.000000 -1.000000 -1.000000 -1.000000 0.000000 0.000000 -1.000000
0 90.095379 6.000000 0.000000 19.671545 18.951462 -1.000000 -1.000000 -1.000000 -1.000000 -1.000000 0.000000 0.000000 -1.000000
0 90.011298 6.000000 0.000000 22.194615 19.211354 -1.000000 -1.000000 -1.000000 -1.000000 -1.000000 0.000000 0.000000 -1.000000
0 90.091313 6.000000 0.000000 7.317999 11.246397 -1.000000 -1.000000 -1.000000 -1.000000 -1.000000 0.000000 0.000000 -1.000000
0 90.003843 6.000000 0.000000 5.629951 8.623167 -1.000000 -1.000000 -1.000000 -1.000000 -1.000000 0.000000 0.000000 -1.000000
0 90.078782 6.000000 0.000000 23.833829 16.639868 -1.000000 -1.000000 -1.000000 -1.000000 -1.000000 0.000000 0.000000 -1.000000
0 90.037009 6.000000 0.000000 18.738451 11.589668 -1.000000 -1.000000 -1.000000 -1.000000 -1.000000 0.000000 0.000000 -1.000000
0 90.077101 6.000000 0.000000 17.086614 10.917685 -1.000000 -1.000000 -1.000000 -1.000000 -1.000000 0.000000 0.000000 -1.000000
0 90.087716 6.000000 0.000000 5.069025 4.132208 -1.000000 -1.000000 -1.000000 -1.000000 -1.000000 0.000000 0.000000 -1.000000
0 90.007971 6.000000 0.000000 15.903633 28.599424 -1.000000 -1.000000 -1.000000 -1.000000 -1.000000 0.000000 0.000000 -1.000000
0 90.015663 6.000000 0.000000 9.432585 10.375768 -1.000000 -1.000000 -1.000000 -1.000000 -1.000000 0.000000 0.000000 -1.000000
0 90.072653 6.000000 0.000000 15.194600 10.964355 -1.000000 -1.000000 -1.000000 -1.000000 -1.000000 0.000000 0.000000 -1.000000
0 90.029710 6.000000 0.000000 9.935488 6.916145 -1.000000 -1.000000 -1.000000 -1.000000 -1.000000 0.000000 0.000000 -1.000000
0 90.002539 6.000000 0.000000 23.599913 16.475268 -1.000000 -1.000000 -1.000000 -1.000000 -1.000000 0.000000 0.000000 -1.000000
0 90.026415 6.000000 0.000000 18.586743 13.297919 -1.000000 -1.000000 -1.000000 -1.000000 -1.000000 0.000000 0.000000 -1.000000
0 90.026945 6.000000 0.000000 15.873085 16.884260 -1.000000 -1.000000 -1.000000 -1.000000 -1.000000 0.000000 0.000000 -1.000000
0 90.035573 6.000000 0.000000 9.233990 5.386779 -1.000000 -1.000000 -1.000000 -1.000000 -1.000000 0.000000 0.000000 -1.000000
0 90.068905 6.000000 0.000000 4.020172 5.106348 -1.000000 -1.000000 -1.000000 -1.000000 -1.000000 0.000000 0.000000 -1.000000
0 90.001303 6.000000 0.000000 29.074058 13.599782 -1.000000 -1.000000 -1.000000 -1.000000 -1.000000 0.000000 0.000000 -1.000000
0 90.035463 6.000000 0.000000 13.965388 12.789089 -1.000000 -1.000000 -1.000000 -1.000000 -1.000000 0.000000 0.000000 -1.000000
0 90.041952 6.000000 0.000000 14.725333 14.707790 -1.000000 -1.000000 -1.000000 -1.000000 -1.000000 0.000000 0.000000 -1.000000
0 90.016775 6.000000 0.000000 8.959646 12.770849 -1.000000 -1.000000 -1.000000 -1.000000 -1.000000 0.000000 0.000000 -1.000000
0 90.006344 6.000000 0.000000 9.573255 16.439888 -1.000000 -1.000000 -1.000000 -1.000000 -1.000000 0.000000 0.000000 -1.000000
0 90.030244 6.000000 0.000000 15.149456 10.475590 -1.000000 -1.000000 -1.000000 -1.000000 -1.000000 0.000000 0.000000 -1.000000
0 90.000914 6.000000 0.000000 25.382620 25.757293 -1.000000 -1.000000 -1.000000 -1.000000 -1.000000 0.000000 0.000000 -1.000000
0 90.012211 6.000000 0.000000 16.920518 16.154746 -1.000000 -1.000000 -1.000000 -1.000000 -1.000000 0.000000 0.000000 -1.000000
0 90.004803 6.000000 0.000000 18.889553 22.000019 -1.000000 -1.000000 -1.000000 -1.000000 -1.000000 0.000000 0.000000 -1.000000
0 90.074507 6.000000 0.000000 13.847129 8.085611 -1.000000 -1.000000 -1.000000 -1.000000 -1.000000 0.000000 0.000000 -1.000000
0 90.015505 6.000000 0.000000 13.675413 19.891779 -1.000000 -1.000000 -1.000000 -1.000000 -1.000000 0.000000 0.000000 -1.000000
0 90.014840 6.000000 0.000000 24.057362 16.821866 -1.000000 -1.000000 -1.000000 -1.000000 -1.000000 0.000000 0.000000 -1.000000
0 90.009945 6.000000 0.000000 19.559577 33.846556 -1.000000 -1.000000 -1.000000 -1.000000 -1.000000 0.000000 0.000000 -1.000000
0 90.035034 6.000000 0.000000 16.289244 16.701999 -1.000000 -1.000000 -1.000000 -1.000000 -1.000000 0.000000 0.000000 -1.000000
0 90.014947 6.000000 0.000000 19.234047 36.468022 -1.000000 -1.000000 -1.000000 -1.000000 -1.000000 0.000000 0.000000 -1.000000
0 90.033841 6.000000 0.000000 21.042889 20.002169 -1.000000 -1.000000 -1.000000 -1.000000 -1.000000 0.000000 0.000000 -1.000000
0 90.013121 6.000000 0.000000 19.012859 14.291262 -1.000000 -1.000000 -1.000000 -1.000000 -1.000000 0.000000 0.000000 -1.000000
0 90.006571 6.000000 0.000000 24.203908 22.038350 -1.000000 -1.000000 -1.000000 -1.000000 -1.000000 0.000000 0.000000 -1.000000
0 90.064366 6.000000 0.000000 18.516970 11.077408 -1.000000 -1.000000 -1.000000 -1.000000 -1.000000 0.000000 0.000000 -1.000000
0 90.067656 6.000000 0.000000 11.460544 8.406494 -1.000000 -1.000000 -1.000000 -1.000000 -1.000000 0.000000 0.000000 -1.000000
0 90.006713 6.000000 0.000000 28.398278 27.217217 -1.000000 -1.000000 -1.000000 -1.000000 -1.000000 0.000000 0.000000 -1.000000
0 90.001458 6.000000 0.000000 28.221113 19.160513 -1.000000 -1.000000 -1.000000 -1.000000 -1.000000 0.000000 0.000000 -1.000000
0 90.004582 8.000000 0.000000 23.683475 12.807402 -1.000000 -1.000000 -1.000000 -1.000000 -1.000000 0.000000 0.000000 -1.000000
0 90.023814 8.000000 0.000000 16.901554 18.296823 -1.000000 -1.000000 -1.000000 -1.000000 -1.000000 0.000000 0.000000 -1.000000
0 90.000053 8.000000 0.000000 19.950361 21.402064 -1.000000 -1.000000 -1.000000 -1.000000 -1.000000 0.000000 0.000000 -1.000000
0 90.084859 8.000000 0.000000 11.883178 13.702577 -1.000000 -1.000000 -1.000000 -1.000000 -1.000000 0.000000 0.000000 -1.000000
0 90.037813 8.000000 0.000000 8.752398 6.129308 -1.000000 -1.000000 -1.000000 -1.000000 -1.000000 0.000000 0.000000 -1.000000
0 90.018499 8.000000 0.000000 13.961248 8.172078 -1.000000 -1.000000 -1.000000 -1.000000 -1.000000 0.000000 0.000000 -1.000000
0 90.005547 8.000000 0.000000 22.496816 14.660498 -1.000000 -1.000000 -1.000000 -1.000000 -1.000000 0.000000 0.000000 -1.000000
0 90.000518 8.000000 0.000000 20.428139 18.854170 -1.000000 -1.000000 -1.000000 -1.000000 -1.000000 0.000000 0.000000 -1.000000
0 90.000964 8.000000 0.000000 15.680427 10.819071 -1.000000 -1.000000 -1.000000 -1.000000 -1.000000 0.000000 0.000000 -1.000000
0 90.057698 8.000000 0.000000 23.798168 17.608559 -1.000000 -1.000000 -1.000000 -1.000000 -1.000000 0.000000 0.000000 -1.000000
0 90.008756 8.000000 0.000000 22.098031 20.422779 -1.000000 -1.000000 -1.000000 -1.000000 -1.000000 0.000000 0.000000 -1.000000
0 90.057050 8.000000 0.000000 5.981742 9.128628 -1.000000 -1.000000 -1.000000 -1.000000 -1.000000 0.000000 0.000000 -1.000000
0 90.006670 8.000000 0.000000 22.833152 23.538403 -1.000000 -1.000000 -1.000000 -1.000000 -1.000000 0.000000 0.000000 -1.000000
0 90.018102 8.000000 0.000000 17.428671 27.248420 -1.000000 -1.000000 -1.000000 -1.000000 -1.000000 0.000000 0.000000 -1.000000
0 90.005407 8.000000 0.000000 25.994360 18.934870 -1.000000 -1.000000 -1.000000 -1.000000 -1.000000 0.000000 0.000000 -1.000000
0 90.015143 8.000000 0.000000 27.449955 22.404385 -1.000000 -1.000000 -1.000000 -1.000000 -1.000000 0.000000 0.000000 -1.000000
0 90.075765 8.000000 0.000000 10.607292 11.704678 -1.000000 -1.000000 -1.000000 -1.000000 -1.000000 0.000000 0.000000 -1.000000
0 90.017571 8.000000 0.000000 19.365505 15.121592 -1.000000 -1.000000 -1.000000 -1.000000 -1.000000 0.000000 0.000000 -1.000000
0 90.005964 8.000000 0.000000 24.418953 25.692567 -1.000000 -1.000000 -1.000000 -1.000000 -1.000000 0.000000 0.000000 -1.000000
0 90.051396 8.000000 0.000000 9.277582 19.733489 -1.000000 -1.000000 -1.000000 -1.000000 -1.000000 0.000000 0.000000 -1.000000
0 90.004430 8.000000 0.000000 25.454309 25.761793 -1.000000 -1.000000 -1.000000 -1.000000 -1.000000 0.000000 0.000000 -1.000000
0 90.095379 8.000000 0.000000 19.671545 18.951462 -1.000000 -1.000000 -1.000000 -1.000000 -1.000000 0.000000 0.000000 -1.000000
0 90.011298 8.000000 0.000000 22.194615 19.211354 -1.000000 -1.000000 -1.000000 -1.000000 -1.000000 0.000000 0.000000 -1.000000
0 90.091313 8.000000 0.000000 7.317999 11.246397 -1.000000 -1.000000 -1.000000 -1.000000 -1.000000 0.000000 0.000000 -1.000000
0 90.003843 8.000000 0.000000 5.629951 8.623167 -1.000000 -1.000000 -1.000000 -1.000000 -1.000000 0.000000 0.000000 -1.000000
0 90.078782 8.000000 0.000000 23.833829 16.639868 -1.000000 -1.000000 -1.000000 -1.000000 -1.000000 0.000000 0.000000 -1.000000
0 90.037009 8.000000 0.000000 18.738451 11.589668 -1.000000 -1.000000 -1.000000 -1.000000 -1.000000 0.000000 0.000000 -1.000000
0 90.077101 8.000000 0.000000 17.086614 10.917685 -1.000000 -1.000000 -1.000000 -1.000000 -1.000000 0.000000 0.000000 -1.000000
0 90.087716 8.000000 0.000000 5.069025 4.132208 -1.000000 -1.000000 -1.000000 -1.000000 -1.000000 0.000000 0.000000 -1.000000
0 90.007971 8.000000 0.000000 15.903633 28.599424 -1.000000 -1.000000 -1.000000 -1.000000 -1.000000 0.000000 0.000000 -1.000000
0 90.015663 8.000000 0.000000 9.432585 10.375768 -1.000000 -1.000000 -1.000000 -1.000000 -1.000000 0.000000 0.000000 -1.000000
0 90.072653 8.000000 0.000000 15.194600 10.964355 -1.000000 -1.000000 -1.000000 -1.000000 -1.000000 0.000000 0.000000 -1.000000
0 90.029710 8.000000 0.000000 9.935488 6.916145 -1.000000 -1.000000 -1.000000 -1.000000 -1.000000 0.000000 0.000000 -1.000000
0 90.002539 8.000000 0.000000 23.599913 16.475268 -1.000000 -1.000000 -1.000000 -1.000000 -1.000000 0.000000 0.000000 -1.000000
0 90.026415 8.000000 0.000000 18.586743 13.297919 -1.000000 -1.000000 -1.000000 -1.000000 -1.000000 0.000000 0.000000 -1.000000
0 90.026945 8.000000 0.000000 15.873085 16.884260 -1.000000 -1.000000 -1.000000 -1.000000 -1.000000 0.000000 0.000000 -1.000000
0 90.035573 8.000000 0.000000 9.233990 5.386779 -1.000000 -1.000000 -1.000000 -1.000000 -1.000000 0.000000 0.000000 -1.000000
0 90.068905 8.000000 0.000000 4.020172 5.106348 -1.000000 -1.000000 -1.000000 -1.000000 -1.000000 0.000000 0.000000 -1.000000
0 90.001303 8.000000 0.000000 29.074058 13.599782 -1.000000 -1.000000 -1.000000 -1.000000 -1.000000 0.000000 0.000000 -1.000000
0 90.035463 8.000000 0.000000 13.965388 12.789089 -1.000000 -1.000000 -1.000000 -1.000000 -1.000000 0.000000 0.000000 -1.000000
0 90.041952 8.000000 0.000000 14.725333 14.707790 -1.000000 -1.000000 -1.000000 -1.000000 -1.000000 0.000000 0.000000 -1.000000
0 90.016775 8.000000 0.000000 8.959646 12.770849 -1.000000 -1.000000 -1.000000 -1.000000 -1.000000 0.000000 0.000000 -1.000000
0 90.006344 8.000000 0.000000 9.573255 16.439888 -1.000000 -1.000000 -1.000000 -1.000000 -1.000000 0.000000 0.000000 -1.000000
0 90.030244 8.000000 0.000000 15.149456 10.475590 -1.000000 -1.000000 -1.000000 -1.000000 -1.000000 0.000000 0.000000 -1.000000
0 90.000914 8.000000 0.000000 25.382620 25.757293 -1.000000 -1.000000 -1.000000 -1.000000 -1.000000 0.000000 0.000000 -1.000000
0 90.012211 8.000000 0.000000 16.920518 16.154746 -1.000000 -1.000000 -1.000000 -1.000000 -1.000000 0.000000 0.000000 -1.000000
0 90.004803 8.000000 0.000000 18.889553 22.000019 -1.000000 -1.000000 -1.000000 -1.000000 -1.000000 0.000000 0.000000 -1.000000
0 90.074507 8.000000 0.000000 13.847129 8.085611 -1.000000 -1.000000 -1.000000 -1.000000 -1.000000 0.000000 0.000000 -1.000000
0 90.015505 8.000000 0.000000 13.675413 19.891779 -1.000000 -1.000000 -1.000000 -1.000000 -1.000000 0.000000 0.000000 -1.000000
0 90.014840 8.000000 0.000000 24.057362 16.821866 -1.000000 -1.000000 -1.000000 -1.000000 -1.000000 0.000000 0.000000 -1.000000
0 90.009945 8.000000 0.000000 19.559577 33.846556 -1.000000 -1.000000 -1.000000 -1.000000 -1.000000 0.000000 0.000000 -1.000000
0 90.035034 8.000000 0.000000 16.289244 16.701999 -1.000000 -1.000000 -1.000000 -1.000000 -1.000000 0.000000 0.000000 -1.000000
0 90.014947 8.000000 0.000000 19.234047 36.468022 -1.000000 -1.000000 -1.000000 -1.000000 -1.000000 0.000000 0.000000 -1.000000
0 90.033841 8.000000 0.000000 21.042889 20.002169 -1.000000 -1.000000 -1.000000 -1.000000 -1.000000 0.000000 0.000000 -1.000000
0 90.013121 8.000000 0.000000 19.012859 14.291262 -1.000000 -1.000000 -1.000000 -1.000000 -1.000000 0.000000 0.000000 -1.000000
0 90.006571 8.000000 0.000000 24.203908 22.038350 -1.000000 -1.000000 -1.000000 -1.000000 -1.000000 0.000000 0.000000 -1.000000
0 90.064366 8.000000 0.000000 18.516970 11.077408 -1.000000 -1.000000 -1.000000 -1.000000 -1.000000 0.000000 0.000000 -1.000000
0 90.067656 8.000000 0.000000 11.460544 8.406494 -1.000000 -1.000000 -1.000000 -1.000000 -1.000000 0.000000 0.000000 -1.000000
0 90.006713 8.000000 0.000000 28.398278 27.217217 -1.000000 -1.000000 -1.000000 -1.000000 -1.000000 0.000000 0.000000 -1.000000
0 90.001458 8.000000 0.000000 28.221113 19.160513 -1.000000 -1.000000 -1.000000 -1.000000 -1.000000 0.000000 0.000000 -1.000000
0 90.004582 10.000000 0.000000 23.683475 12.807402 -1.000000 -1.000000 -1.000000 -1.000000 -1.000000 0.000000 0.000000 -1.000000
0 90.023814 10.000000 0.000000 16.901554 18.296823 -1.000000 -1.000000 -1.000000 -1.000000 -1.000000 0.000000 0.000000 -1.000000
0 90.000053 10.000000 0.000000 19.950361 21.402064 -1.000000 -1.000000 -1.000000 -1.000000 -1.000000 0.000000 0.000000 -1.000000
0 90.084859 10.000000 0.000000 11.883178 13.702577 -1.000000 -1.000000 -1.000000 -1.000000 -1.000000 0.000000 0.000000 -1.000000
0 90.037813 10.000000 0.000000 8.752398 6.129308 -1.000000 -1.000000 -1.000000 -1.000000 -1.000000 0.000000 0.000000 -1.000000
0 90.018499 10.000000 0.000000 13.961248 8.172078 -1.000000 -1.000000 -1.000000 -1.000000 -1.000000 0.000000 0.000000 -1.000000
0 90.005547 10.000000 0.000000 22.496816 14.660498 -1.000000 -1.000000 -1.000000 -1.000000 -1.000000 0.000000 0.000000 -1.000000
0 90.000518 10.000000 0.000000 20.428139 18.854170 -1.000000 -1.000000 -1.000000 -1.000000 -1.000000 0.000000 0.000000 -1.000000
0 90.000964 10.000000 0.000000 15.680427 10.819071 -1.000000 -1.000000 -1.000000 -1.000000 -1.000000 0.000000 0.000000 -1.000000
0 90.057698 10.000000 0.000000 23.798168 17.608559 -1.000000 -1.000000 -1.000000 -1.000000 -1.000000 0.000000 0.000000 -1.000000
0 90.008756 10.000000 0.000000 22.098031 20.422779 -1.000000 -1.000000 -1.000000 -1.000000 -1.000000 0.000000 0.000000 -1.000000
0 90.057050 10.000000 0.000000 5.981742 9.128628 -1.000000 -1.000000 -1.000000 -1.000000 -1.000000 0.000000 0.000000 -1.000000
0 90.006670 10.000000 0.000000 22.833152 23.538403 -1.000000 -1.000000 -1.000000 -1.000000 -1.000000 0.000000 0.000000 -1.000000
0 90.018102 10.000000 0.000000 17.428671 27.248420 -1.000000 -1.000000 -1.000000 -1.000000 -1.000000 0.000000 0.000000 -1.000000
0 90.005407 10.000000 0.000000 25.994360 18.934870 -1.000000 -1.000000 -1.000000 -1.000000 -1.000000 0.000000 0.000000 -1.000000
0 90.015143 10.000000 0.000000 27.449955 22.404385 -1.000000 -1.000000 -1.000000 -1.000000 -1.000000 0.000000 0.000000 -1.000000
0 90.075765 10.000000 0.000000 10.607292 11.704678 -1.000000 -1.000000 -1.000000 -1.000000 -1.000000 0.000000 0.000000 -1.000000
0 90.017571 10.000000 0.000000 19.365505 15.121592 -1.000000 -1.000000 -1.000000 -1.000000 -1.000000 0.000000 0.000000 -1.000000
0 90.005964 10.000000 0.000000 24.418953 25.692567 -1.000000 -1.000000 -1.000000 -1.000000 -1.000000 0.000000 0.000000 -1.000000
0 90.051396 10.000000 0.000000 9.277582 19.733489 -1.000000 -1.000000 -1.000000 -1.000000 -1.000000 0.000000 0.000000 -1.000000
0 90.004430 10.000000 0.000000 25.454309 25.761793 -1.000000 -1.000000 -1.000000 -1.000000 -1.000000 0.000000 0.000000 -1.000000
0 90.095379 10.000000 0.000000 19.671545 18.951462 -1.000000 -1.000000 -1.000000 -1.000000 -1.000000 0.000000 0.000000 -1.000000
0 90.011298 10.000000 0.000000 22.194615 19.211354 -1.000000 -1.000000 -1.000000 -1.000000 -1.000000 0.000000 0.000000 -1.000000
0 90.091313 10.000000 0.000000 7.317999 11.246397 -1.000000 -1.000000 -1.000000 -1.000000 -1.000000 0.000000 0.000000 -1.000000
0 90.003843 10.000000 0.000000 5.629951 8.623167 -1.000000 -1.000000 -1.000000 -1.000000 -1.000000 0.000000 0.000000 -1.000000
0 90.078782 10.000000 0.000000 23.833829 16.639868 -1.000000 -1.000000 -1.000000 -1.000000 -1.000000 0.000000 0.000000 -1.000000
0 90.037009 10.000000 0.000000 18.738451 11.589668 -1.000000 -1.000000 -1.000000 -1.000000 -1.000000 0.000000 0.000000 -1.000000
0 90.077101 10.000000 0.000000 17.086614 10.917685 -1.000000 -1.000000 -1.000000 -1.000000 -1.000000 0.000000 0.000000 -1.000000
0 90.087716 10.000000 0.000000 5.069025 4.132208 -1.000000 -1.000000 -1.000000 -1.000000 -1.000000 0.000000 0.000000 -1.000000
0 90.007971 10.000000 0.000000 15.903633 28.599424 -1.000000 -1.000000 -1.000000 -1.000000 -1.000000 0.000000 0.000000 -1.000000
0 90.015663 10.000000 0.000000 9.432585 10.375768 -1.000000 -1.000000 -1.000000 -1.000000 -1.000000 0.000000 0.000000 -1.000000
0 90.072653 10.000000 0.000000 15.194600 10.964355 -1.000000 -1.000000 -1.000000 -1.000000 -1.000000 0.000000 0.000000 -1.000000
0 90.029710 10.000000 0.000000 9.935488 6.916145 -1.000000 -1.000000 -1.000000 -1.000000 -1.000000 0.000000 0.000000 -1.000000
0 90.002539 10.000000 0.000000 23.599913 16.475268 -1.000000 -1.000000 -1.000000 -1.000000 -1.000000 0.000000 0.000000 -1.000000
0 90.026415 10.000000 0.000000 18.586743 13.297919 -1.000000 -1.000000 -1.000000 -1.000000 -1.000000 0.000000 0.000000 -1.000000
0 90.026945 10.000000 0.000000 15.873085 16.884260 -1.000000 -1.000000 -1.000000 -1.000000 -1.000000 0.000000 0.000000 -1.000000
0 90.035573 10.000000 0.000000 9.233990 5.386779 -1.000000 -1.000000 -1.000000 -1.000000 -1.000000 0.000000 0.000000 -1.000000
0 90.068905 10.000000 0.000000 4.020172 5.106348 -1.000000 -1.000000 -1.000000 -1.000000 -1.000000 0.000000 0.000000 -1.000000
0 90.001303 10.000000 0.000000 29.074058 13.599782 -1.000000 -1.000000 -1.000000 -1.000000 -1.000000 0.000000 0.000000 -1.000000
0 90.035463 10.000000 0.000000 13.965388 12.789089 -1.000000 -1.000000 -1.000000 -1.000000 -1.000000 0.000000 0.000000 -1.000000
0 90.041952 10.000000 0.000000 14.725333 14.707790 -1.000000 -1.000000 -1.000000 -1.000000 -1.000000 0.000000 0.000000 -1.000000
0 90.016775 10.000000 0.000000 8.959646 12.770849 -1.000000 -1.000000 -1.000000 -1.000000 -1.000000 0.000000 0.000000 -1.000000
0 90.006344 10.000000 0.000000 9.573255 16.439888 -1.000000 -1.000000 -1.000000 -1.000000 -1.000000 0.000000 0.000000 -1.000000
0 90.030244 10.000000 0.000000 15.149456 10.475590 -1.000000 -1.000000 -1.000000 -1.000000 -1.000000 0.000000 0.000000 -1.000000
0 90.000914 10.000000 0.000000 25.382620 25.757293 -1.000000 -1.000000 -1.000000 -1.000000 -1.000000 0.000000 0.000000 -1.000000
0 90.012211 10.000000 0.000000 16.920518 16.154746 -1.000000 -1.000000 -1.000000 -1.000000 -1.000000 0.000000 0.000000 -1.000000
0 90.004803 10.000000 0.000000 18.889553 22.000019 -1.000000 -1.000000 -1.000000 -1.000000 -1.000000 0.000000 0.000000 -1.000000
0 90.074507 10.000000 0.000000 13.847129 8.085611 -1.000000 -1.000000 -1.000000 -1.000000 -1.000000 0.000000 0.000000 -1.000000
0 90.015505 10.000000 0.000000 13.675413 19.891779 -1.000000 -1.000000 -1.000000 -1.000000 -1.000000 0.000000 0.000000 -1.000000
0 90.014840 10.000000 0.000000 24.057362 16.821866 -1.000000 -1.000000 -1.000000 -1.000000 -1.000000 0.000000 0.000000 -1.000000
0 90.009945 10.000000 0.000000 19.559577 33.846556 -1.000000 -1.000000 -1.000000 -1.000000 -1.000000 0.000000 0.000000 -1.000000
0 90.035034 10.000000 0.000000 16.289244 16.701999 -1.000000 -1.000000 -1.000000 -1.000000 -1.000000 0.000000 0.000000 -1.000000
0 90.014947 10.000000 0.000000 19.234047 36.468022 -1.000000 -1.000000 -1.000000 -1.000000 -1.000000 0.000000 0.000000 -1.000000
0 90.033841 10.000000 0.000000 21.042889 20.002169 -1.000000 -1.000000 -1.000000 -1.000000 -1.000000 0.000000 0.000000 -1.000000
0 90.013121 10.000000 0.000000 19.012859 14.291262 -1.000000 -1.000000 -1.000000 -1.000000 -1.000000 0.000000 0.000000 -1.000000
0 90.006571 10.000000 0.000000 24.203908 22.038350 -1.000000 -1.000000 -1.000000 -1.000000 -1.000000 0.000000 0.000000 -1.000000
0 90.064366 10.000000 0.000000 18.516970 11.077408 -1.000000 -1.000000 -1.000000 -1.000000 -1.000000 0.000000 0.000000 -1.000000
0 90.067656 10.000000 0.000000 11.460544 8.406494 -1.000000 -1.000000 -1.000000 -1.000000 -1.000000 0.000000 0.000000 -1.000000
0 90.006713 10.000000 0.000000 28.398278 27.217217 -1.000000 -1.000000 -1.000000 -1.000000 -1.000000 0.000000 0.000000 -1.000000
0 90.001458 10.000000 0.000000 28.221113 19.160513 -1.000000 -1.000000 -1.000000 -1.000000 -1.000000 0.000000 0.000000 -1.000000
