1 2.013766 1.000000 2.010510 0.001710 0.000771 0.000026 4.000000 10.000000 0.000000 0.000000 0.000000 1.000000 16.663134
1 1.364264 1.000000 1.360625 0.001893 0.000878 0.000029 5.000000 10.000000 0.000000 0.000000 0.000000 1.000000 25.083086
1 2.516358 1.000000 2.508199 0.003995 0.002023 0.000051 6.000000 10.000000 0.000000 7.000000 0.000000 1.000000 18.117246
1 2.335966 1.000000 2.328458 0.003678 0.001944 0.000054 5.000000 10.000000 0.000000 1.000000 0.000000 1.000000 20.928347
1 1.939786 1.000000 1.929134 0.005413 0.002608 0.000041 5.000000 10.000000 0.000000 22.000000 0.000000 1.000000 21.486546
1 1.846570 1.000000 1.841725 0.002482 0.001269 0.000019 4.000000 10.000000 0.000000 12.000000 0.000000 1.000000 20.803592
1 1.622485 1.000000 1.614690 0.003911 0.001911 0.000056 4.000000 10.000000 0.000000 0.000000 0.000000 1.000000 20.058337
1 3.506561 1.000000 3.503092 0.001579 0.000864 0.000034 5.000000 10.000000 0.000000 0.000000 0.000000 1.000000 16.577808
1 1.379545 1.000000 1.376095 0.001722 0.000865 0.000022 4.000000 10.000000 0.000000 1.000000 0.000000 1.000000 17.725039
1 1.374618 1.000000 1.371753 0.001367 0.000708 0.000020 4.000000 10.000000 0.000000 0.000000 0.000000 1.000000 18.115994
1 1.521217 1.000000 1.511480 0.004886 0.002453 0.000046 4.000000 10.000000 0.000000 5.000000 0.000000 1.000000 25.938367
1 2.367861 1.000000 2.363270 0.002274 0.001117 0.000042 4.000000 10.000000 0.000000 0.000000 0.000000 1.000000 15.972135
1 2.336315 1.000000 2.333479 0.001405 0.000685 0.000022 4.000000 10.000000 0.000000 0.000000 0.000000 1.000000 17.210030
1 1.423149 1.000000 1.420733 0.001220 0.000586 0.000021 4.000000 10.000000 0.000000 0.000000 0.000000 1.000000 15.911898
1 1.401516 1.000000 1.389007 0.005971 0.003852 0.000036 4.000000 10.000000 0.000000 21.000000 0.000000 1.000000 17.724942
1 3.486057 1.000000 3.474146 0.005816 0.003125 0.000059 5.000000 10.000000 0.000000 10.000000 0.000000 1.000000 23.052403
1 1.696682 1.000000 1.692707 0.001987 0.001004 0.000028 4.000000 10.000000 0.000000 0.000000 0.000000 1.000000 18.783218
1 1.409305 1.000000 1.406644 0.001343 0.000614 0.000021 4.000000 10.000000 0.000000 0.000000 0.000000 1.000000 13.662172
1 1.431176 1.000000 1.425821 0.002573 0.001368 0.000044 5.000000 10.000000 0.000000 0.000000 0.000000 1.000000 19.015705
1 2.363667 1.000000 2.359599 0.002069 0.000955 0.000055 3.000000 10.000000 0.000000 0.000000 0.000000 1.000000 16.024075
1 2.027318 1.000000 2.020807 0.003287 0.001653 0.000024 4.000000 10.000000 0.000000 7.000000 0.000000 1.000000 20.572086
1 1.563707 1.000000 1.560372 0.001703 0.000796 0.000024 3.000000 10.000000 0.000000 1.000000 0.000000 1.000000 21.436267
1 1.356786 1.000000 1.354707 0.001055 0.000497 0.000019 4.000000 10.000000 0.000000 0.000000 0.000000 1.000000 17.016671
1 2.235011 1.000000 2.224706 0.005018 0.002726 0.000041 4.000000 10.000000 0.000000 16.000000 0.000000 1.000000 18.828488
1 2.285215 1.000000 2.282467 0.001439 0.000629 0.000020 3.000000 10.000000 0.000000 0.000000 0.000000 1.000000 13.998993
1 1.389654 1.000000 1.387341 0.001155 0.000564 0.000022 4.000000 10.000000 0.000000 0.000000 0.000000 1.000000 15.633345
1 1.979501 1.000000 1.975449 0.001871 0.001120 0.000036 6.000000 10.000000 0.000000 1.000000 0.000000 1.000000 19.569534
1 2.154847 1.000000 2.150529 0.002147 0.001026 0.000048 4.000000 10.000000 0.000000 0.000000 0.000000 1.000000 19.159800
1 2.768563 1.000000 2.765453 0.001599 0.000731 0.000027 4.000000 10.000000 0.000000 0.000000 0.000000 1.000000 14.080178
1 1.355839 1.000000 1.353171 0.001372 0.000641 0.000019 4.000000 10.000000 0.000000 0.000000 0.000000 1.000000 17.655619
1 1.376430 1.000000 1.374146 0.001167 0.000553 0.000025 4.000000 10.000000 0.000000 0.000000 0.000000 1.000000 16.135194
1 1.937522 1.000000 1.916322 0.010484 0.005626 0.000036 3.000000 10.000000 0.000000 17.000000 0.000000 1.000000 18.495313
1 2.381039 1.000000 2.376067 0.002457 0.001245 0.000029 3.000000 10.000000 0.000000 0.000000 0.000000 1.000000 19.179689
1 1.861938 1.000000 1.859115 0.001340 0.000730 0.000021 4.000000 10.000000 0.000000 0.000000 0.000000 1.000000 18.029511
1 1.397398 1.000000 1.395183 0.001115 0.000521 0.000019 4.000000 10.000000 0.000000 0.000000 0.000000 1.000000 15.233081
1 2.214053 1.000000 2.207933 0.002761 0.001575 0.000028 4.000000 10.000000 0.000000 6.000000 0.000000 1.000000 21.776141
1 2.431379 1.000000 2.424706 0.003062 0.001734 0.000036 4.000000 10.000000 0.000000 4.000000 0.000000 1.000000 18.736322
1 1.719486 1.000000 1.714678 0.002379 0.001228 0.000030 4.000000 10.000000 0.000000 0.000000 0.000000 1.000000 23.243128
1 1.683989 1.000000 1.668793 0.006907 0.003960 0.000027 5.000000 10.000000 0.000000 11.000000 0.000000 1.000000 21.047510
1 1.818853 1.000000 1.811103 0.003936 0.001827 0.000048 4.000000 10.000000 0.000000 1.000000 0.000000 1.000000 19.014961
1 2.387322 1.000000 2.382480 0.002433 0.001209 0.000029 3.000000 10.000000 0.000000 0.000000 0.000000 1.000000 16.761830
1 1.974252 1.000000 1.969815 0.002201 0.001113 0.000024 4.000000 10.000000 0.000000 2.000000 0.000000 1.000000 21.469446
1 1.371199 1.000000 1.367668 0.001769 0.000835 0.000020 4.000000 10.000000 0.000000 0.000000 0.000000 1.000000 21.508236
1 1.554864 1.000000 1.547953 0.003418 0.001633 0.000047 4.000000 10.000000 0.000000 0.000000 0.000000 1.000000 16.074418
1 2.394745 1.000000 2.382730 0.005814 0.003042 0.000075 4.000000 10.000000 0.000000 8.000000 0.000000 1.000000 20.414340
1 1.946295 1.000000 1.939767 0.003336 0.001659 0.000029 4.000000 10.000000 0.000000 8.000000 0.000000 1.000000 20.889472
1 1.431938 1.000000 1.429996 0.001004 0.000454 0.000018 3.000000 10.000000 0.000000 0.000000 0.000000 1.000000 13.332528
1 2.376412 1.000000 2.374644 0.000827 0.000426 0.000021 4.000000 10.000000 0.000000 0.000000 0.000000 1.000000 13.424636
1 1.395698 1.000000 1.392841 0.001478 0.000688 0.000016 3.000000 10.000000 0.000000 0.000000 0.000000 1.000000 15.032647
1 1.988798 1.000000 1.976036 0.006031 0.003330 0.000064 9.000000 10.000000 0.000000 17.000000 0.000000 1.000000 22.677586
1 4.091857 1.000000 4.083478 0.004001 0.002220 0.000041 4.000000 10.000000 0.000000 3.000000 0.000000 1.000000 21.537224
1 2.451671 1.000000 2.446139 0.002837 0.001285 0.000039 4.000000 10.000000 0.000000 1.000000 0.000000 1.000000 21.035978
1 2.812571 1.000000 2.808413 0.001892 0.001052 0.000029 4.000000 10.000000 0.000000 0.000000 0.000000 1.000000 19.533180
1 1.353971 1.000000 1.350708 0.001571 0.000838 0.000016 3.000000 10.000000 0.000000 0.000000 0.000000 1.000000 17.008130
1 1.461850 1.000000 1.456696 0.002569 0.001222 0.000030 3.000000 10.000000 0.000000 0.000000 0.000000 1.000000 18.194482
1 2.463309 1.000000 2.456815 0.003147 0.001600 0.000041 4.000000 10.000000 0.000000 0.000000 0.000000 1.000000 16.903292
1 2.663321 1.000000 2.659422 0.001967 0.000936 0.000028 5.000000 10.000000 0.000000 0.000000 0.000000 1.000000 22.877377
1 1.389648 1.000000 1.386281 0.001666 0.000844 0.000017 3.000000 10.000000 0.000000 0.000000 0.000000 1.000000 18.368364
1 1.542198 1.000000 1.536485 0.002916 0.001412 0.000047 4.000000 10.000000 0.000000 11.000000 0.000000 1.000000 13.411658
1 3.134427 2.000000 3.089567 0.018595 0.010291 0.007591 13.000000 10.000000 0.000000 8.000000 0.000000 1.000000 37.849888
1 2.307525 2.000000 2.170219 0.063981 0.037003 0.004169 14.000000 10.000000 35.000000 17.000000 0.000000 1.000000 45.898162
1 2.049879 2.000000 1.939694 0.048413 0.029522 0.006446 19.000000 10.000000 0.000000 48.000000 0.000000 1.000000 71.936076
1 1.839878 2.000000 1.637642 0.091950 0.055097 0.006487 26.000000 10.000000 0.000000 85.000000 0.000000 1.000000 82.768121
1 1.931313 2.000000 1.864586 0.029730 0.016879 0.004164 14.000000 10.000000 0.000000 42.000000 0.000000 1.000000 38.500053
1 2.659255 2.000000 2.319383 0.143417 0.085569 0.033713 130.000000 10.000000 26.000000 99.000000 0.000000 1.000000 110.618455
1 1.661268 2.000000 1.600597 0.028265 0.015892 0.003542 36.000000 10.000000 20.000000 13.000000 0.000000 1.000000 40.412132
1 1.332180 2.000000 1.301872 0.012793 0.007199 0.004072 13.000000 10.000000 1.000000 16.000000 0.000000 1.000000 50.853174
1 1.860992 2.000000 1.617087 0.109445 0.064878 0.008739 22.000000 10.000000 2.000000 82.000000 0.000000 1.000000 67.384186
1 1.412124 2.000000 1.384975 0.011585 0.006579 0.003323 12.000000 10.000000 0.000000 7.000000 0.000000 1.000000 32.890264
1 1.803248 2.000000 1.608716 0.091674 0.051981 0.006798 19.000000 10.000000 20.000000 35.000000 0.000000 1.000000 50.761474
1 2.663794 2.000000 2.295634 0.160228 0.099739 0.015860 73.000000 10.000000 17.000000 98.000000 0.000000 1.000000 47.936605
1 3.801400 2.000000 3.440317 0.172607 0.094769 0.009272 18.000000 10.000000 12.000000 42.000000 0.000000 1.000000 38.675239
1 3.448392 2.000000 3.283638 0.075770 0.041775 0.008102 24.000000 10.000000 19.000000 46.000000 0.000000 1.000000 48.239522
1 1.477186 2.000000 1.450583 0.011339 0.006636 0.003122 13.000000 10.000000 0.000000 2.000000 0.000000 1.000000 49.425771
1 1.714083 2.000000 1.597600 0.052789 0.028900 0.009471 160.000000 10.000000 13.000000 43.000000 0.000000 1.000000 82.883483
1 1.355943 2.000000 1.287800 0.030940 0.017224 0.004289 19.000000 10.000000 6.000000 27.000000 0.000000 1.000000 47.250414
1 1.955101 2.000000 1.914998 0.016639 0.009969 0.003856 15.000000 10.000000 0.000000 7.000000 0.000000 1.000000 60.130647
0 76.459585 2.000000 1.400684 31.270600 18.288393 0.003776 14.000000 10.000000 0.000000 22942.000000 0.000000 1.000000 -1.000000
1 1.822473 2.000000 1.794181 0.011859 0.006886 0.003869 13.000000 10.000000 5.000000 1.000000 0.000000 1.000000 35.212577
1 6.366386 2.000000 6.154303 0.090428 0.052012 0.022186 313.000000 10.000000 30.000000 63.000000 0.000000 1.000000 58.410734
1 1.782621 2.000000 1.715920 0.030174 0.017975 0.005996 21.000000 10.000000 0.000000 20.000000 0.000000 1.000000 90.867843
1 3.851768 2.000000 3.571430 0.125019 0.072407 0.020317 168.000000 10.000000 7.000000 46.000000 0.000000 1.000000 53.958029
1 1.615270 2.000000 1.539474 0.035822 0.019516 0.003538 14.000000 10.000000 4.000000 15.000000 0.000000 1.000000 45.890798
1 1.473584 2.000000 1.438925 0.015859 0.008817 0.002401 11.000000 10.000000 3.000000 6.000000 0.000000 1.000000 39.415696
1 2.375388 2.000000 2.225921 0.068268 0.039835 0.012160 120.000000 10.000000 4.000000 49.000000 0.000000 1.000000 56.603191
1 3.192043 2.000000 2.947781 0.111677 0.065956 0.010601 28.000000 10.000000 39.000000 79.000000 0.000000 1.000000 68.805687
1 1.771291 2.000000 1.727632 0.019955 0.011063 0.003871 20.000000 10.000000 21.000000 12.000000 0.000000 1.000000 46.682083
1 1.519824 2.000000 1.443178 0.036522 0.019744 0.004484 16.000000 10.000000 1.000000 37.000000 0.000000 1.000000 55.942625
1 3.105659 2.000000 3.026332 0.035553 0.019419 0.006606 18.000000 10.000000 3.000000 44.000000 0.000000 1.000000 53.921601
1 3.372221 2.000000 1.915349 0.688594 0.385252 0.017413 56.000000 10.000000 22.000000 715.000000 0.000000 1.000000 176.148326
1 1.646289 2.000000 1.423579 0.101745 0.059698 0.008473 26.000000 10.000000 8.000000 80.000000 0.000000 1.000000 58.189414
1 2.221283 2.000000 1.475028 0.359445 0.195355 0.020383 41.000000 10.000000 24.000000 218.000000 0.000000 1.000000 120.278521
1 3.424854 2.000000 3.365689 0.023834 0.014425 0.007175 40.000000 10.000000 0.000000 27.000000 0.000000 1.000000 36.759642
1 1.966637 2.000000 1.796437 0.076412 0.045252 0.005970 58.000000 10.000000 10.000000 43.000000 0.000000 1.000000 55.547242
1 2.266690 2.000000 1.931531 0.153899 0.088570 0.012690 97.000000 10.000000 4.000000 62.000000 0.000000 1.000000 46.434832
1 2.594076 2.000000 2.535558 0.026187 0.014478 0.005239 11.000000 10.000000 0.000000 13.000000 0.000000 1.000000 42.049372
1 2.291246 2.000000 2.241096 0.021038 0.011897 0.007546 16.000000 10.000000 0.000000 4.000000 0.000000 1.000000 47.866699
0 76.439234 2.000000 1.433127 45.138350 6.179312 0.005115 17.000000 10.000000 0.000000 780896.000000 0.000000 1.000000 -1.000000
1 2.548319 2.000000 2.429941 0.044350 0.028344 0.018557 116.000000 10.000000 20.000000 14.000000 0.000000 1.000000 80.066677
0 76.964261 2.000000 1.962435 41.013689 13.878304 0.016846 51.000000 10.000000 24.000000 1078314.000000 0.000000 1.000000 -1.000000
1 1.940296 2.000000 1.859911 0.033124 0.020236 0.008336 26.000000 10.000000 18.000000 20.000000 0.000000 1.000000 44.998081
1 1.967090 2.000000 1.922654 0.017931 0.011275 0.004224 17.000000 10.000000 0.000000 15.000000 0.000000 1.000000 47.920626
1 1.405349 2.000000 1.365057 0.017892 0.010256 0.002914 12.000000 10.000000 8.000000 13.000000 0.000000 1.000000 45.034284
1 1.393818 2.000000 1.377160 0.006934 0.003820 0.002716 11.000000 10.000000 0.000000 2.000000 0.000000 1.000000 32.103277
1 3.804167 2.000000 1.602071 1.068410 0.576182 0.023090 57.000000 10.000000 33.000000 1894.000000 0.000000 1.000000 280.289109
1 1.920046 2.000000 1.686428 0.104171 0.060725 0.014847 22.000000 10.000000 6.000000 39.000000 0.000000 1.000000 76.860055
0 79.106138 2.000000 4.098731 43.917714 13.962825 0.022136 35.000000 10.000000 0.000000 717279.000000 0.000000 1.000000 -1.000000
1 3.091969 2.000000 3.007417 0.036802 0.021399 0.006514 16.000000 10.000000 2.000000 16.000000 0.000000 1.000000 40.152821
1 2.393255 2.000000 2.320449 0.033062 0.017985 0.005721 19.000000 10.000000 6.000000 25.000000 0.000000 1.000000 48.327857
1 1.582460 2.000000 1.429861 0.070812 0.040939 0.004036 40.000000 10.000000 52.000000 42.000000 0.000000 1.000000 43.313595
1 3.326596 2.000000 1.856590 0.693189 0.394505 0.023049 39.000000 10.000000 45.000000 212.000000 0.000000 1.000000 134.727788
1 2.391662 2.000000 2.156230 0.110334 0.062602 0.010859 32.000000 10.000000 5.000000 59.000000 0.000000 1.000000 81.167442
1 1.961007 2.000000 1.647165 0.153892 0.084762 0.006117 17.000000 10.000000 36.000000 51.000000 0.000000 1.000000 69.984498
1 1.707928 2.000000 1.644175 0.028897 0.016442 0.004324 14.000000 10.000000 14.000000 15.000000 0.000000 1.000000 40.953463
1 1.663643 2.000000 1.608785 0.026285 0.014007 0.002935 11.000000 10.000000 25.000000 2.000000 0.000000 1.000000 35.648856
1 2.154712 2.000000 2.024466 0.058794 0.033531 0.008547 71.000000 10.000000 6.000000 47.000000 0.000000 1.000000 81.237442
1 1.694510 2.000000 1.423949 0.125470 0.071668 0.005634 60.000000 10.000000 42.000000 114.000000 0.000000 1.000000 75.550479
1 2.026492 4.000000 1.662695 0.160970 0.081904 0.044037 46.000000 10.000000 1.000000 171.000000 0.000000 1.000000 110.511980
1 1.918598 4.000000 1.620700 0.123237 0.068141 0.047171 56.000000 10.000000 45.000000 81.000000 0.000000 1.000000 72.338919
1 2.552627 4.000000 2.189488 0.146937 0.080478 0.068730 37.000000 10.000000 2.000000 64.000000 0.000000 1.000000 84.134261
1 3.550314 4.000000 3.063427 0.213863 0.112161 0.061139 52.000000 10.000000 41.000000 143.000000 0.000000 1.000000 82.008243
1 2.216827 4.000000 1.765973 0.207417 0.104963 0.041584 45.000000 10.000000 4.000000 139.000000 0.000000 1.000000 128.539756
1 4.120603 4.000000 2.848245 0.552680 0.296030 0.153523 86.000000 10.000000 58.000000 135.000000 0.000000 1.000000 170.388429
1 2.376072 4.000000 2.197616 0.076353 0.040307 0.025682 29.000000 10.000000 18.000000 43.000000 0.000000 1.000000 86.816602
1 2.202167 4.000000 1.798341 0.171313 0.093557 0.054257 50.000000 10.000000 8.000000 79.000000 0.000000 1.000000 104.077370
1 3.595952 4.000000 2.900534 0.305961 0.165035 0.077512 49.000000 10.000000 51.000000 82.000000 0.000000 1.000000 92.153902
1 3.401943 4.000000 2.095135 0.618655 0.318989 0.068611 75.000000 10.000000 55.000000 179.000000 0.000000 1.000000 99.501425
1 2.474693 4.000000 2.261068 0.086775 0.044760 0.045213 28.000000 10.000000 11.000000 9.000000 0.000000 1.000000 68.277919
1 3.543565 4.000000 2.896396 0.287883 0.154264 0.066756 69.000000 10.000000 83.000000 130.000000 0.000000 1.000000 89.001763
1 2.619533 4.000000 2.285032 0.107741 0.058385 0.113244 88.000000 10.000000 9.000000 49.000000 0.000000 1.000000 117.483085
1 4.449148 4.000000 2.265843 1.022414 0.533147 0.169980 107.000000 10.000000 78.000000 333.000000 0.000000 1.000000 97.095487
1 2.723671 4.000000 1.727525 0.456665 0.242373 0.087168 93.000000 10.000000 50.000000 257.000000 0.000000 1.000000 131.509106
1 3.747494 4.000000 2.847147 0.377980 0.197460 0.140072 77.000000 10.000000 22.000000 174.000000 0.000000 1.000000 101.860813
1 3.017989 4.000000 2.712906 0.116030 0.063215 0.070542 66.000000 10.000000 9.000000 61.000000 0.000000 1.000000 61.806376
1 1.941208 4.000000 1.719539 0.100363 0.050102 0.025608 34.000000 10.000000 26.000000 50.000000 0.000000 1.000000 64.661525
1 3.740306 4.000000 3.495840 0.094665 0.052458 0.053670 35.000000 10.000000 13.000000 47.000000 0.000000 1.000000 72.949384
1 2.585893 4.000000 2.366446 0.089066 0.046693 0.041302 44.000000 10.000000 4.000000 119.000000 0.000000 1.000000 76.144762
1 3.010412 4.000000 1.712132 0.609751 0.327959 0.068377 80.000000 10.000000 38.000000 292.000000 0.000000 1.000000 139.443783
1 2.817881 4.000000 2.226724 0.188986 0.106201 0.202144 168.000000 10.000000 11.000000 123.000000 0.000000 1.000000 114.874397
1 2.021300 4.000000 1.749047 0.118286 0.064758 0.032166 36.000000 10.000000 19.000000 92.000000 0.000000 1.000000 86.793305
1 2.325924 4.000000 2.124366 0.078611 0.041414 0.047499 26.000000 10.000000 0.000000 17.000000 0.000000 1.000000 56.716214
1 17.873892 4.000000 17.749998 0.033736 0.018921 0.054121 47.000000 10.000000 10.000000 26.000000 0.000000 1.000000 45.105226
1 2.305515 4.000000 2.141677 0.057573 0.031377 0.048544 49.000000 10.000000 7.000000 38.000000 0.000000 1.000000 76.721820
1 2.147292 4.000000 1.980321 0.068987 0.037076 0.029234 34.000000 10.000000 7.000000 42.000000 0.000000 1.000000 71.266544
1 3.190797 4.000000 2.651168 0.237436 0.127022 0.066451 46.000000 10.000000 46.000000 136.000000 0.000000 1.000000 64.864091
1 2.625863 4.000000 2.296271 0.141191 0.077150 0.045205 49.000000 10.000000 43.000000 92.000000 0.000000 1.000000 94.965715
1 2.005196 4.000000 1.772514 0.101314 0.052013 0.033571 39.000000 10.000000 26.000000 27.000000 0.000000 1.000000 81.869000
1 3.588553 4.000000 3.226948 0.135922 0.078542 0.081323 45.000000 10.000000 17.000000 44.000000 0.000000 1.000000 71.750801
1 2.875783 4.000000 2.670847 0.076607 0.042430 0.048875 47.000000 10.000000 4.000000 45.000000 0.000000 1.000000 86.197486
1 2.032102 4.000000 1.942790 0.034711 0.019765 0.017763 26.000000 10.000000 2.000000 21.000000 0.000000 1.000000 54.905403
1 2.081134 4.000000 1.607827 0.205886 0.110181 0.062613 74.000000 10.000000 94.000000 137.000000 0.000000 1.000000 71.521024
1 2.859754 4.000000 1.943950 0.419005 0.219061 0.076692 87.000000 10.000000 110.000000 259.000000 0.000000 1.000000 79.656667
1 1.851839 4.000000 1.734337 0.047818 0.024973 0.024211 30.000000 10.000000 14.000000 28.000000 0.000000 1.000000 66.178089
1 3.673482 4.000000 3.311615 0.145607 0.077873 0.068911 38.000000 10.000000 6.000000 48.000000 0.000000 1.000000 78.251645
1 3.421927 4.000000 3.251318 0.068982 0.037338 0.035045 23.000000 10.000000 11.000000 16.000000 0.000000 1.000000 57.887432
1 3.108301 4.000000 2.467536 0.286786 0.159306 0.057311 68.000000 10.000000 129.000000 146.000000 0.000000 1.000000 64.891529
1 2.398263 4.000000 2.005307 0.160745 0.089144 0.061967 63.000000 10.000000 22.000000 87.000000 0.000000 1.000000 91.112125
1 3.295153 4.000000 3.056013 0.099754 0.050085 0.044386 28.000000 10.000000 4.000000 64.000000 0.000000 1.000000 105.515840
1 2.618923 4.000000 2.158296 0.212580 0.107664 0.045541 55.000000 10.000000 7.000000 180.000000 0.000000 1.000000 120.071593
1 2.413979 4.000000 2.029524 0.160767 0.087633 0.050404 58.000000 10.000000 1.000000 203.000000 0.000000 1.000000 82.885436
1 1.985414 4.000000 1.622750 0.161670 0.085555 0.040105 45.000000 10.000000 13.000000 74.000000 0.000000 1.000000 119.668545
1 2.422901 4.000000 1.930561 0.166800 0.092127 0.153573 156.000000 10.000000 39.000000 80.000000 0.000000 1.000000 114.598787
1 2.109604 4.000000 1.733492 0.166973 0.090927 0.037909 48.000000 10.000000 34.000000 82.000000 0.000000 1.000000 64.662501
1 4.449771 4.000000 3.290916 0.476016 0.257656 0.200762 91.000000 10.000000 37.000000 121.000000 0.000000 1.000000 78.759253
1 4.081513 4.000000 3.129114 0.394763 0.225560 0.138519 73.000000 10.000000 59.000000 144.000000 0.000000 1.000000 100.588021
1 2.682928 4.000000 2.157964 0.224513 0.114285 0.083202 84.000000 10.000000 34.000000 135.000000 0.000000 1.000000 80.852228
1 2.951556 4.000000 2.477341 0.219862 0.108158 0.047870 26.000000 10.000000 4.000000 361.000000 0.000000 1.000000 52.007351
1 2.968460 4.000000 2.853182 0.044006 0.023105 0.029293 27.000000 10.000000 0.000000 37.000000 0.000000 1.000000 56.657142
1 3.571746 4.000000 1.990760 0.731998 0.396250 0.096870 88.000000 10.000000 169.000000 323.000000 0.000000 1.000000 84.316548
1 3.610503 4.000000 2.657155 0.368570 0.198116 0.189440 151.000000 10.000000 12.000000 220.000000 0.000000 1.000000 148.681738
1 3.327915 4.000000 2.631977 0.227710 0.132719 0.217844 135.000000 10.000000 5.000000 119.000000 0.000000 1.000000 122.209212
1 2.760299 4.000000 1.998774 0.337689 0.184608 0.075767 66.000000 10.000000 121.000000 186.000000 0.000000 1.000000 76.426072
1 1.902179 4.000000 1.661823 0.101315 0.058109 0.032332 38.000000 10.000000 29.000000 96.000000 0.000000 1.000000 54.260951
1 2.728303 4.000000 2.297281 0.179187 0.097175 0.066401 72.000000 10.000000 28.000000 129.000000 0.000000 1.000000 95.515698
1 1.986655 4.000000 1.600596 0.167241 0.093898 0.043636 57.000000 10.000000 108.000000 71.000000 0.000000 1.000000 64.080456
1 1.977390 4.000000 1.646154 0.151765 0.075050 0.035251 41.000000 10.000000 1.000000 82.000000 0.000000 1.000000 92.297197
1 2.552857 4.000000 1.670366 0.409779 0.212181 0.065957 86.000000 10.000000 12.000000 394.000000 0.000000 1.000000 82.612423
1 2.309794 6.000000 1.665217 0.261502 0.137835 0.129626 94.000000 10.000000 10.000000 162.000000 0.000000 1.000000 162.241103
1 2.551560 6.000000 1.709148 0.354028 0.185038 0.143101 88.000000 10.000000 86.000000 362.000000 0.000000 1.000000 107.628541
1 3.589656 6.000000 2.316698 0.470403 0.249293 0.342501 108.000000 10.000000 15.000000 156.000000 0.000000 1.000000 162.904512
1 10.154219 6.000000 2.554238 3.500910 1.825834 0.631717 329.000000 10.000000 183.000000 1027.000000 0.000000 1.000000 208.557277
1 5.432410 6.000000 2.321617 1.136225 0.678687 0.700134 291.000000 10.000000 49.000000 649.000000 0.000000 1.000000 143.017619
1 6.546935 6.000000 3.059823 1.368931 0.782827 0.656008 297.000000 10.000000 87.000000 494.000000 0.000000 1.000000 229.113811
1 2.692169 6.000000 1.834835 0.324266 0.186621 0.194130 121.000000 10.000000 48.000000 129.000000 0.000000 1.000000 126.200783
1 2.612888 6.000000 1.726779 0.393061 0.197255 0.124763 82.000000 10.000000 25.000000 171.000000 0.000000 1.000000 141.111753
1 7.595740 6.000000 2.288676 2.020860 1.089700 1.250314 324.000000 10.000000 65.000000 562.000000 0.000000 1.000000 151.065835
1 4.063795 6.000000 2.769128 0.516832 0.286899 0.244423 127.000000 10.000000 27.000000 158.000000 0.000000 1.000000 113.668244
1 3.511042 6.000000 2.568949 0.347792 0.183938 0.244404 122.000000 10.000000 7.000000 153.000000 0.000000 1.000000 155.725985
1 6.516928 6.000000 1.684528 2.220477 1.107651 0.224897 158.000000 10.000000 52.000000 1295.000000 0.000000 1.000000 164.125310
1 7.621162 6.000000 4.620048 0.968638 0.570654 0.978713 275.000000 10.000000 38.000000 237.000000 0.000000 1.000000 192.281820
1 3.395822 6.000000 1.950640 0.617744 0.348927 0.190831 120.000000 10.000000 128.000000 209.000000 0.000000 1.000000 168.191297
1 6.071857 6.000000 1.957507 1.791859 0.914822 0.505596 319.000000 10.000000 202.000000 1331.000000 0.000000 1.000000 233.680450
1 4.567568 6.000000 2.396926 0.641079 0.373033 0.804235 333.000000 10.000000 73.000000 309.000000 0.000000 1.000000 209.030918
1 3.700805 6.000000 1.648611 0.854442 0.468377 0.341772 213.000000 10.000000 139.000000 510.000000 0.000000 1.000000 122.886750
1 4.294999 6.000000 3.071678 0.520714 0.271226 0.185829 76.000000 10.000000 14.000000 127.000000 0.000000 1.000000 171.557521
1 2.364140 6.000000 1.758705 0.237764 0.139651 0.117344 78.000000 10.000000 11.000000 193.000000 0.000000 1.000000 127.593626
1 3.699229 6.000000 3.009551 0.221959 0.123917 0.239110 79.000000 10.000000 2.000000 48.000000 0.000000 1.000000 98.708725
1 4.155016 6.000000 3.236980 0.267537 0.164548 0.351125 154.000000 10.000000 14.000000 129.000000 0.000000 1.000000 123.981361
1 2.727993 6.000000 1.426814 0.567884 0.302117 0.175680 125.000000 10.000000 55.000000 309.000000 0.000000 1.000000 121.847227
1 2.472441 6.000000 1.961281 0.177242 0.099927 0.154165 89.000000 10.000000 29.000000 76.000000 0.000000 1.000000 94.275217
1 2.521171 6.000000 2.063276 0.153053 0.085393 0.146451 76.000000 10.000000 14.000000 39.000000 0.000000 1.000000 125.794682
1 8.826623 6.000000 3.989090 1.617035 0.992575 1.398981 426.000000 10.000000 31.000000 653.000000 0.000000 1.000000 122.240164
1 8.619100 6.000000 1.823567 3.132701 1.689761 0.464158 257.000000 10.000000 373.000000 1541.000000 0.000000 1.000000 173.592086
1 3.340687 6.000000 1.743920 0.619614 0.345925 0.332972 197.000000 10.000000 79.000000 387.000000 0.000000 1.000000 125.983824
1 2.525100 6.000000 1.624911 0.358819 0.198515 0.175787 114.000000 10.000000 86.000000 225.000000 0.000000 1.000000 82.779911
1 2.808835 6.000000 1.363793 0.653067 0.350970 0.152939 102.000000 10.000000 47.000000 465.000000 0.000000 1.000000 129.724337
1 5.319557 6.000000 1.784493 1.481021 0.781363 0.621405 235.000000 10.000000 69.000000 391.000000 0.000000 1.000000 146.524927
1 5.490950 6.000000 4.602794 0.231658 0.138218 0.402375 144.000000 10.000000 5.000000 101.000000 0.000000 1.000000 94.320393
1 10.195763 6.000000 1.646456 4.095484 2.116412 0.434616 243.000000 10.000000 278.000000 2253.000000 0.000000 1.000000 170.019449
1 4.849267 6.000000 2.938280 0.641436 0.358762 0.574637 249.000000 10.000000 22.000000 404.000000 0.000000 1.000000 166.598543
1 4.158018 6.000000 2.033367 0.951429 0.487764 0.268902 149.000000 10.000000 75.000000 523.000000 0.000000 1.000000 151.983459
1 3.817911 6.000000 2.336557 0.546772 0.309174 0.359359 177.000000 10.000000 67.000000 226.000000 0.000000 1.000000 113.721571
1 3.691898 6.000000 2.376862 0.513027 0.291640 0.276757 152.000000 10.000000 104.000000 292.000000 0.000000 1.000000 151.881025
1 2.934927 6.000000 2.359613 0.188695 0.106473 0.192412 89.000000 10.000000 35.000000 83.000000 0.000000 1.000000 99.778830
1 5.228692 6.000000 3.781599 0.355804 0.212866 0.687767 277.000000 10.000000 16.000000 194.000000 0.000000 1.000000 204.919207
1 2.693650 6.000000 1.946338 0.275612 0.152687 0.180649 106.000000 10.000000 39.000000 82.000000 0.000000 1.000000 109.348685
1 2.517625 6.000000 1.704195 0.325390 0.181052 0.155504 98.000000 10.000000 163.000000 97.000000 0.000000 1.000000 92.769042
1 2.244125 6.000000 1.777651 0.184009 0.102563 0.099333 67.000000 10.000000 28.000000 89.000000 0.000000 1.000000 101.795012
1 3.416160 6.000000 1.698318 0.715768 0.398237 0.271879 182.000000 10.000000 118.000000 451.000000 0.000000 1.000000 89.197605
1 2.068412 6.000000 1.647687 0.164126 0.087490 0.093284 64.000000 10.000000 1.000000 36.000000 0.000000 1.000000 108.757330
1 5.464419 6.000000 1.967665 1.330625 0.728446 0.789372 287.000000 10.000000 133.000000 461.000000 0.000000 1.000000 172.480038
1 5.948780 6.000000 4.467669 0.391290 0.239056 0.656838 187.000000 10.000000 29.000000 122.000000 0.000000 1.000000 120.808984
1 3.954772 6.000000 3.032724 0.395611 0.215660 0.137188 54.000000 10.000000 1.000000 213.000000 0.000000 1.000000 109.519764
1 6.006709 6.000000 3.694955 0.899644 0.499845 0.477672 159.000000 10.000000 75.000000 186.000000 0.000000 1.000000 145.600165
1 8.886664 6.000000 3.044006 2.652915 1.463938 0.531742 189.000000 10.000000 302.000000 1134.000000 0.000000 1.000000 143.175497
1 4.631790 6.000000 3.607442 0.384163 0.200732 0.259488 86.000000 10.000000 20.000000 119.000000 0.000000 1.000000 81.894750
1 9.284650 6.000000 3.090156 2.737336 1.448215 0.761107 256.000000 10.000000 120.000000 856.000000 0.000000 1.000000 215.952192
1 5.753824 6.000000 4.083401 0.496475 0.286876 0.645499 179.000000 10.000000 18.000000 91.000000 0.000000 1.000000 149.219985
1 6.410926 6.000000 3.537557 1.116329 0.593277 0.648688 218.000000 10.000000 67.000000 318.000000 0.000000 1.000000 96.547372
1 5.886140 6.000000 3.100469 1.173191 0.619300 0.492623 160.000000 10.000000 2.000000 325.000000 0.000000 1.000000 174.768606
1 4.560050 6.000000 3.034959 0.600316 0.329745 0.325594 118.000000 10.000000 75.000000 84.000000 0.000000 1.000000 154.148932
1 8.163453 6.000000 3.550547 1.821184 1.014738 0.907438 290.000000 10.000000 31.000000 519.000000 0.000000 1.000000 173.218801
1 5.627203 6.000000 3.573404 0.787410 0.435117 0.468449 154.000000 10.000000 16.000000 439.000000 0.000000 1.000000 147.304153
1 5.669711 6.000000 3.611412 0.573327 0.334322 0.874292 210.000000 10.000000 21.000000 165.000000 0.000000 1.000000 153.866207
1 4.004404 6.000000 3.118330 0.370369 0.196245 0.153066 61.000000 10.000000 33.000000 102.000000 0.000000 1.000000 128.765801
1 5.645339 6.000000 3.624989 0.802578 0.440595 0.402640 153.000000 10.000000 28.000000 251.000000 0.000000 1.000000 88.820815
1 4.524737 8.000000 3.040364 0.554672 0.329206 0.353206 98.000000 10.000000 29.000000 121.000000 0.000000 1.000000 122.275367
0 78.850200 8.000000 3.127820 33.924052 19.524279 5.890817 1735.000000 10.000000 1043.000000 8515.000000 0.000000 1.000000 -1.000000
1 7.302146 8.000000 3.163768 1.675921 1.027117 0.645175 187.000000 10.000000 38.000000 483.000000 0.000000 1.000000 108.806008
1 5.968715 8.000000 3.165812 1.142263 0.666768 0.436910 126.000000 10.000000 40.000000 287.000000 0.000000 1.000000 95.253456
1 4.971688 8.000000 1.824514 1.154166 0.710337 0.739472 343.000000 10.000000 32.000000 691.000000 0.000000 1.000000 187.164707
1 3.418833 8.000000 2.253216 0.292858 0.194620 0.523351 224.000000 10.000000 17.000000 148.000000 0.000000 1.000000 151.424542
1 3.567802 8.000000 1.586870 0.760879 0.465353 0.398565 213.000000 10.000000 51.000000 434.000000 0.000000 1.000000 120.616247
1 3.406654 8.000000 2.410334 0.205348 0.132944 0.553928 191.000000 10.000000 2.000000 125.000000 0.000000 1.000000 88.085410
1 6.393164 8.000000 1.725957 2.005857 1.173980 0.564949 300.000000 10.000000 75.000000 876.000000 0.000000 1.000000 217.829389
1 5.642280 8.000000 1.948754 1.411725 0.834528 0.743810 336.000000 10.000000 93.000000 760.000000 0.000000 1.000000 151.492589
1 6.642552 8.000000 3.037739 1.458231 0.845273 0.647732 233.000000 10.000000 16.000000 405.000000 0.000000 1.000000 161.702220
1 2.817008 8.000000 1.919032 0.332396 0.191701 0.228106 115.000000 10.000000 39.000000 133.000000 0.000000 1.000000 134.347741
1 2.556366 8.000000 1.712890 0.319374 0.184871 0.193440 99.000000 10.000000 24.000000 147.000000 0.000000 1.000000 101.449511
1 7.603925 8.000000 2.359370 1.508931 0.955786 2.000320 384.000000 10.000000 173.000000 503.000000 0.000000 1.000000 155.650886
1 6.135656 8.000000 3.034546 1.331356 0.770237 0.393397 179.000000 10.000000 209.000000 491.000000 0.000000 1.000000 107.590584
1 5.897385 8.000000 1.961864 1.587906 0.975025 0.605108 195.000000 10.000000 91.000000 463.000000 0.000000 1.000000 124.704838
1 5.462564 8.000000 1.756742 1.707625 0.852950 0.266061 126.000000 10.000000 43.000000 1854.000000 0.000000 1.000000 152.754822
1 4.066148 8.000000 2.686887 0.494308 0.290323 0.366204 152.000000 10.000000 32.000000 232.000000 0.000000 1.000000 83.937001
1 9.110723 8.000000 1.792166 3.197218 1.901638 0.719503 245.000000 10.000000 60.000000 936.000000 0.000000 1.000000 75.966390
1 4.514858 8.000000 3.303450 0.382068 0.236462 0.410384 108.000000 10.000000 20.000000 107.000000 0.000000 1.000000 96.862374
1 2.579802 8.000000 1.778740 0.293298 0.179988 0.193112 95.000000 10.000000 24.000000 111.000000 0.000000 1.000000 131.346543
1 3.008878 8.000000 1.664148 0.534074 0.314005 0.240748 124.000000 10.000000 52.000000 197.000000 0.000000 1.000000 127.418359
1 7.998179 8.000000 1.946808 2.300274 1.359002 1.340876 479.000000 10.000000 96.000000 905.000000 0.000000 1.000000 191.439897
1 5.709415 8.000000 3.410562 0.856954 0.516954 0.522779 133.000000 10.000000 19.000000 190.000000 0.000000 1.000000 104.939279
1 3.154815 8.000000 1.879147 0.479503 0.282200 0.296064 145.000000 10.000000 50.000000 237.000000 0.000000 1.000000 99.357880
1 3.296630 8.000000 1.707838 0.650493 0.379045 0.249976 124.000000 10.000000 19.000000 519.000000 0.000000 1.000000 104.543193
1 4.168523 8.000000 1.692784 1.066057 0.634805 0.289197 167.000000 10.000000 96.000000 433.000000 0.000000 1.000000 119.828372
1 6.447931 8.000000 2.297423 1.674521 1.031584 0.611115 154.000000 10.000000 63.000000 382.000000 0.000000 1.000000 142.625683
1 4.758391 8.000000 2.935569 0.730139 0.443905 0.315247 158.000000 10.000000 77.000000 316.000000 0.000000 1.000000 83.260840
0 76.747930 8.000000 1.743787 49.253108 4.801892 0.508716 135.000000 10.000000 101.000000 237884.000000 0.000000 1.000000 -1.000000
1 1.995693 8.000000 1.610319 0.126517 0.075972 0.125470 63.000000 10.000000 4.000000 40.000000 0.000000 1.000000 64.333392
1 3.857604 8.000000 1.762571 0.863534 0.506807 0.330827 132.000000 10.000000 92.000000 193.000000 0.000000 1.000000 113.116280
1 5.280661 8.000000 4.237376 0.366470 0.219159 0.293454 83.000000 10.000000 15.000000 94.000000 0.000000 1.000000 119.359937
0 78.299968 8.000000 3.111610 19.599532 8.628282 0.586699 240.000000 10.000000 36.000000 107741.000000 0.000000 1.000000 -1.000000
1 8.496944 8.000000 4.089645 1.652262 1.001824 0.986405 275.000000 10.000000 115.000000 503.000000 0.000000 1.000000 175.215360
1 5.276230 8.000000 1.792917 1.465828 0.852747 0.501128 172.000000 10.000000 60.000000 561.000000 0.000000 1.000000 141.812553
1 2.399744 8.000000 1.668598 0.275787 0.164223 0.168603 92.000000 10.000000 27.000000 154.000000 0.000000 1.000000 89.896460
1 7.724721 8.000000 2.324618 1.769245 1.068838 1.687142 414.000000 10.000000 22.000000 565.000000 0.000000 1.000000 181.985255
1 5.010277 8.000000 3.687866 0.461105 0.281678 0.351794 144.000000 10.000000 11.000000 154.000000 0.000000 1.000000 122.004931
1 5.420633 8.000000 1.745711 1.448642 0.857388 0.717916 220.000000 10.000000 165.000000 436.000000 0.000000 1.000000 98.537931
1 4.348286 8.000000 2.301146 0.872929 0.505353 0.259449 128.000000 10.000000 67.000000 274.000000 0.000000 1.000000 168.295457
1 3.590893 8.000000 1.625872 0.854367 0.495033 0.216211 113.000000 10.000000 70.000000 254.000000 0.000000 1.000000 119.542422
1 2.762381 8.000000 1.689577 0.432806 0.248307 0.194594 98.000000 10.000000 52.000000 139.000000 0.000000 1.000000 96.358494
1 7.695772 8.000000 2.647741 1.657123 1.016098 1.546980 338.000000 10.000000 119.000000 394.000000 0.000000 1.000000 123.219810
1 12.646899 8.000000 3.122340 4.330855 1.754277 0.877618 310.000000 10.000000 32.000000 8911.000000 0.000000 1.000000 134.306018
1 5.831071 8.000000 1.733109 1.654965 0.984950 0.682214 351.000000 10.000000 68.000000 889.000000 0.000000 1.000000 122.732424
1 3.433755 8.000000 1.941412 0.378583 0.233103 0.691964 223.000000 10.000000 9.000000 189.000000 0.000000 1.000000 113.828247
1 3.891048 8.000000 2.173330 0.500709 0.300613 0.672069 250.000000 10.000000 38.000000 243.000000 0.000000 1.000000 158.486996
1 4.247507 8.000000 3.092852 0.410639 0.247923 0.315297 90.000000 10.000000 7.000000 111.000000 0.000000 1.000000 95.817621
1 4.119357 8.000000 2.062742 0.767006 0.465732 0.458276 217.000000 10.000000 42.000000 355.000000 0.000000 1.000000 113.815965
1 4.251931 8.000000 1.949543 0.870073 0.521008 0.498256 244.000000 10.000000 54.000000 591.000000 0.000000 1.000000 119.645964
1 7.982500 8.000000 1.748846 2.482683 1.511195 1.039868 290.000000 10.000000 322.000000 667.000000 0.000000 1.000000 124.723107
1 4.103541 8.000000 3.428889 0.207060 0.122900 0.248471 103.000000 10.000000 13.000000 110.000000 0.000000 1.000000 100.531436
1 2.647588 8.000000 2.064140 0.212332 0.120651 0.153489 78.000000 10.000000 1.000000 82.000000 0.000000 1.000000 124.971720
1 3.891925 8.000000 2.950918 0.341594 0.207120 0.242183 69.000000 10.000000 10.000000 106.000000 0.000000 1.000000 83.268071
1 9.344819 8.000000 1.845897 3.316978 1.940854 0.700753 279.000000 10.000000 146.000000 806.000000 0.000000 1.000000 139.998836
1 4.361586 8.000000 1.746135 1.146118 0.662756 0.294685 120.000000 10.000000 49.000000 279.000000 0.000000 1.000000 83.895776
0 77.784309 8.000000 2.777607 45.071767 10.780844 0.371949 173.000000 10.000000 63.000000 230998.000000 0.000000 1.000000 -1.000000
1 7.143042 8.000000 3.937358 1.101777 0.698558 0.845669 197.000000 10.000000 94.000000 340.000000 0.000000 1.000000 129.733661
0 78.157500 10.000000 2.570832 11.762350 5.723684 2.219551 578.000000 10.000000 73.000000 29081.000000 0.000000 1.000000 -1.000000
1 11.442006 10.000000 3.020509 3.658485 2.251369 0.795235 260.000000 10.000000 79.000000 919.000000 0.000000 1.000000 130.611922
1 7.968298 10.000000 2.071604 2.278745 1.423793 1.113267 317.000000 10.000000 143.000000 457.000000 0.000000 1.000000 132.931365
1 9.348305 10.000000 2.375993 2.255160 1.476050 2.034974 493.000000 10.000000 38.000000 798.000000 0.000000 1.000000 157.588223
1 5.126373 10.000000 2.374260 0.863438 0.555256 0.919162 183.000000 10.000000 43.000000 190.000000 0.000000 1.000000 110.046622
1 7.976235 10.000000 2.299730 1.489006 0.958307 2.487461 404.000000 10.000000 134.000000 481.000000 0.000000 1.000000 99.388809
1 3.826545 10.000000 2.374032 0.509019 0.320313 0.389439 135.000000 10.000000 12.000000 178.000000 0.000000 1.000000 100.138902
1 11.043240 10.000000 3.593046 2.908492 1.814418 1.339015 409.000000 10.000000 165.000000 1017.000000 0.000000 1.000000 207.111322
1 13.222193 10.000000 3.694828 2.683628 1.756589 3.671774 758.000000 10.000000 16.000000 1595.000000 0.000000 1.000000 138.625859
1 24.442690 10.000000 3.234325 8.134933 4.990608 4.061059 981.000000 10.000000 128.000000 3446.000000 0.000000 1.000000 165.566149
1 4.884956 10.000000 3.587964 0.425363 0.265340 0.417092 130.000000 10.000000 13.000000 160.000000 0.000000 1.000000 98.399484
1 17.347780 10.000000 2.723687 3.186291 2.143666 7.626351 1206.000000 10.000000 29.000000 911.000000 0.000000 1.000000 252.269625
1 5.946657 10.000000 2.334741 1.282573 0.825109 0.873096 187.000000 10.000000 9.000000 184.000000 0.000000 1.000000 135.606690
1 10.482998 10.000000 2.079360 3.199798 2.022268 1.626046 524.000000 10.000000 11.000000 1304.000000 0.000000 1.000000 152.490312
1 5.888909 10.000000 2.353201 1.344210 0.854628 0.697674 194.000000 10.000000 132.000000 464.000000 0.000000 1.000000 86.475512
1 6.691832 10.000000 2.567814 1.218347 0.782080 1.516988 295.000000 10.000000 9.000000 370.000000 0.000000 1.000000 116.157818
1 4.397519 10.000000 1.814746 1.009780 0.625062 0.482570 180.000000 10.000000 101.000000 346.000000 0.000000 1.000000 94.325787
1 13.833749 10.000000 3.203576 4.627089 2.834752 1.008208 372.000000 10.000000 290.000000 1736.000000 0.000000 1.000000 126.880385
1 29.281451 10.000000 3.691448 8.650277 5.540444 6.886966 1479.000000 10.000000 80.000000 2118.000000 0.000000 1.000000 197.685460
1 6.224352 10.000000 2.237782 1.549812 0.956397 0.755714 235.000000 10.000000 73.000000 390.000000 0.000000 1.000000 145.786850
1 5.201491 10.000000 2.608750 0.969227 0.608509 0.533811 235.000000 10.000000 84.000000 418.000000 0.000000 1.000000 71.885862
1 6.408130 10.000000 3.875895 0.794530 0.501405 0.846714 217.000000 10.000000 31.000000 184.000000 0.000000 1.000000 107.135100
1 12.825292 10.000000 3.287606 3.442327 2.132201 2.211448 553.000000 10.000000 79.000000 1460.000000 0.000000 1.000000 163.463600
1 3.480965 10.000000 2.437985 0.373668 0.236750 0.265099 116.000000 10.000000 9.000000 167.000000 0.000000 1.000000 110.413808
1 6.763246 10.000000 3.256025 1.038196 0.673942 1.289253 238.000000 10.000000 20.000000 186.000000 0.000000 1.000000 160.260536
1 2.671920 10.000000 1.781093 0.308836 0.189227 0.250848 84.000000 10.000000 8.000000 109.000000 0.000000 1.000000 88.868696
1 5.385512 10.000000 3.584817 0.664877 0.419069 0.402857 129.000000 10.000000 16.000000 222.000000 0.000000 1.000000 98.136994
1 4.289775 10.000000 2.449865 0.586248 0.383374 0.598913 138.000000 10.000000 28.000000 106.000000 0.000000 1.000000 94.057899
1 9.174004 10.000000 2.934620 2.474654 1.575199 0.996541 382.000000 10.000000 75.000000 1474.000000 0.000000 1.000000 136.809039
1 6.919744 10.000000 2.079629 1.991858 1.204176 0.679673 227.000000 10.000000 87.000000 450.000000 0.000000 1.000000 158.512910
1 10.892412 10.000000 4.272879 1.859570 1.199661 2.608541 643.000000 10.000000 109.000000 628.000000 0.000000 1.000000 192.191057
1 12.305675 10.000000 3.414846 3.056183 1.916927 2.442199 653.000000 10.000000 143.000000 1112.000000 0.000000 1.000000 193.912801
0 76.858110 10.000000 1.846818 42.879356 10.480405 0.887853 222.000000 10.000000 210.000000 216261.000000 0.000000 1.000000 -1.000000
1 3.093329 10.000000 1.761677 0.473729 0.301344 0.330814 134.000000 10.000000 19.000000 147.000000 0.000000 1.000000 141.675416
1 6.913901 10.000000 2.639456 1.593666 0.987614 0.948889 181.000000 10.000000 27.000000 283.000000 0.000000 1.000000 97.431659
1 8.240706 10.000000 3.207951 1.705158 1.075988 1.415273 433.000000 10.000000 115.000000 661.000000 0.000000 1.000000 112.526039
1 7.337529 10.000000 1.976023 2.259769 1.373272 0.671154 241.000000 10.000000 187.000000 733.000000 0.000000 1.000000 91.001855
1 7.318965 10.000000 3.449326 1.462048 0.928216 0.798078 204.000000 10.000000 111.000000 285.000000 0.000000 1.000000 125.894668
1 3.921108 10.000000 2.384290 0.537469 0.340287 0.405729 140.000000 10.000000 3.000000 210.000000 0.000000 1.000000 95.464708
1 3.443144 10.000000 1.859430 0.576332 0.351535 0.388007 161.000000 10.000000 9.000000 239.000000 0.000000 1.000000 102.551284
1 13.099947 10.000000 4.250193 2.649664 1.709107 3.100675 725.000000 10.000000 69.000000 1063.000000 0.000000 1.000000 219.396054
1 3.962082 10.000000 1.588229 0.970172 0.597769 0.371455 173.000000 10.000000 72.000000 338.000000 0.000000 1.000000 139.443996
1 11.701894 10.000000 1.989274 3.526778 2.184558 2.310139 526.000000 10.000000 57.000000 1677.000000 0.000000 1.000000 187.553706
1 3.080515 10.000000 1.968800 0.298624 0.201128 0.464546 142.000000 10.000000 29.000000 133.000000 0.000000 1.000000 105.217910
1 7.686468 10.000000 2.065147 2.073426 1.311318 1.216302 350.000000 10.000000 28.000000 1002.000000 0.000000 1.000000 124.944225
0 78.144319 10.000000 3.140889 43.318107 10.923645 0.519542 127.000000 10.000000 41.000000 184946.000000 0.000000 1.000000 -1.000000
1 6.937813 10.000000 3.789956 0.999411 0.628396 1.023838 269.000000 10.000000 90.000000 167.000000 0.000000 1.000000 110.583971
1 5.217247 10.000000 3.805256 0.531497 0.324769 0.312950 119.000000 10.000000 13.000000 181.000000 0.000000 1.000000 102.902139
1 9.183981 10.000000 3.127702 2.307499 1.465655 1.163840 306.000000 10.000000 51.000000 716.000000 0.000000 1.000000 144.005593
1 6.930551 10.000000 3.870832 1.123945 0.681882 0.717301 202.000000 10.000000 55.000000 280.000000 0.000000 1.000000 184.209157
1 6.473165 10.000000 3.006254 1.041379 0.663925 1.267689 229.000000 10.000000 76.000000 190.000000 0.000000 1.000000 99.467165
1 4.046468 10.000000 2.288871 0.596895 0.376777 0.501591 139.000000 10.000000 4.000000 152.000000 0.000000 1.000000 119.362135
1 17.684515 10.000000 3.118750 6.447123 3.893685 1.161992 403.000000 10.000000 101.000000 1505.000000 0.000000 1.000000 144.080986
1 5.784069 10.000000 2.411760 1.392184 0.839988 0.497427 184.000000 10.000000 38.000000 572.000000 0.000000 1.000000 88.721376
1 3.558374 10.000000 1.967862 0.606656 0.380316 0.324359 129.000000 10.000000 86.000000 238.000000 0.000000 1.000000 107.360662
1 11.011652 10.000000 2.011227 4.104934 2.450489 0.664086 230.000000 10.000000 65.000000 737.000000 0.000000 1.000000 152.838252
0 78.609235 10.000000 3.558475 36.987506 17.902692 0.616432 197.000000 10.000000 61.000000 180621.000000 0.000000 1.000000 -1.000000
