1 2.402941 1.000000 2.399716 0.000351 0.001602 0.000037 4.000000 10.000000 0.000000 1.000000 0.000000 0.000000 19.398447
1 2.352071 1.000000 2.349592 0.000311 0.001256 0.000041 5.000000 10.000000 0.000000 0.000000 0.000000 0.000000 20.053719
1 2.989680 1.000000 2.987432 0.000244 0.001039 0.000042 5.000000 10.000000 0.000000 0.000000 0.000000 0.000000 15.033075
1 2.400406 1.000000 2.397320 0.000344 0.001589 0.000031 4.000000 10.000000 0.000000 7.000000 0.000000 0.000000 17.303708
1 2.436605 1.000000 2.434135 0.000288 0.001203 0.000035 4.000000 10.000000 0.000000 1.000000 0.000000 0.000000 15.092875
1 3.998350 1.000000 3.989610 0.000903 0.004285 0.000057 7.000000 10.000000 0.000000 9.000000 0.000000 0.000000 15.560646
1 2.414281 1.000000 2.405983 0.000984 0.004740 0.000036 4.000000 10.000000 0.000000 30.000000 0.000000 0.000000 17.669701
1 2.418544 1.000000 2.416243 0.000276 0.001145 0.000032 4.000000 10.000000 0.000000 0.000000 0.000000 0.000000 17.857622
1 2.410099 1.000000 2.407150 0.000342 0.001531 0.000038 4.000000 10.000000 0.000000 0.000000 0.000000 0.000000 21.469963
1 2.416588 1.000000 2.413699 0.000267 0.001699 0.000034 4.000000 10.000000 0.000000 0.000000 0.000000 0.000000 18.422839
1 2.402743 1.000000 2.400737 0.000242 0.000966 0.000034 4.000000 10.000000 0.000000 0.000000 0.000000 0.000000 14.208108
1 3.505104 1.000000 3.502276 0.000316 0.001427 0.000042 5.000000 10.000000 0.000000 0.000000 0.000000 0.000000 16.858406
1 2.411350 1.000000 2.403930 0.000812 0.004413 0.000034 4.000000 10.000000 0.000000 95.000000 0.000000 0.000000 14.687525
1 2.464061 1.000000 2.459983 0.000429 0.002174 0.000041 5.000000 10.000000 0.000000 12.000000 0.000000 0.000000 17.283987
1 2.375164 1.000000 2.373178 0.000272 0.000964 0.000029 3.000000 10.000000 0.000000 0.000000 0.000000 0.000000 14.485633
1 2.358735 1.000000 2.357006 0.000214 0.000820 0.000034 4.000000 10.000000 0.000000 0.000000 0.000000 0.000000 14.051144
1 2.422675 1.000000 2.420371 0.000251 0.001081 0.000037 4.000000 10.000000 0.000000 0.000000 0.000000 0.000000 11.648786
1 2.404463 1.000000 2.401218 0.000308 0.001967 0.000037 4.000000 10.000000 0.000000 0.000000 0.000000 0.000000 18.070253
1 2.985922 1.000000 2.980751 0.000536 0.002644 0.000038 5.000000 10.000000 0.000000 4.000000 0.000000 0.000000 19.622385
1 2.398026 1.000000 2.396024 0.000229 0.000930 0.000031 4.000000 10.000000 0.000000 0.000000 0.000000 0.000000 14.247438
1 3.006097 1.000000 2.999241 0.000840 0.003763 0.000044 5.000000 10.000000 0.000000 12.000000 0.000000 0.000000 16.218213
1 3.414077 1.000000 3.408453 0.000654 0.003014 0.000041 5.000000 10.000000 0.000000 1.000000 0.000000 0.000000 19.144813
1 2.429739 1.000000 2.427256 0.000196 0.001556 0.000025 3.000000 10.000000 0.000000 0.000000 0.000000 0.000000 10.187569
1 2.342109 1.000000 2.340025 0.000241 0.000981 0.000032 4.000000 10.000000 0.000000 0.000000 0.000000 0.000000 12.720782
1 2.388178 1.000000 2.385128 0.000315 0.001782 0.000028 3.000000 10.000000 0.000000 7.000000 0.000000 0.000000 14.311716
1 2.424532 1.000000 2.422832 0.000229 0.000840 0.000034 4.000000 10.000000 0.000000 0.000000 0.000000 0.000000 14.589507
1 2.403561 1.000000 2.401634 0.000227 0.000941 0.000039 4.000000 10.000000 0.000000 0.000000 0.000000 0.000000 13.496500
1 3.490189 1.000000 3.486570 0.000390 0.001853 0.000047 6.000000 10.000000 0.000000 2.000000 0.000000 0.000000 21.001137
1 2.365864 1.000000 2.363640 0.000279 0.001098 0.000029 3.000000 10.000000 0.000000 0.000000 0.000000 0.000000 16.097731
1 2.946241 1.000000 2.943537 0.000260 0.001424 0.000037 5.000000 10.000000 0.000000 0.000000 0.000000 0.000000 15.832866
1 3.450010 1.000000 3.447898 0.000219 0.000970 0.000032 4.000000 10.000000 0.000000 0.000000 0.000000 0.000000 14.057174
1 2.324953 1.000000 2.322680 0.000272 0.001115 0.000034 4.000000 10.000000 0.000000 0.000000 0.000000 0.000000 14.549027
1 2.393990 1.000000 2.391393 0.000317 0.001254 0.000034 4.000000 10.000000 0.000000 2.000000 0.000000 0.000000 17.311613
1 2.938770 1.000000 2.936537 0.000291 0.001075 0.000043 5.000000 10.000000 0.000000 1.000000 0.000000 0.000000 15.954207
1 2.373897 1.000000 2.371101 0.000305 0.001454 0.000034 4.000000 10.000000 0.000000 2.000000 0.000000 0.000000 17.714789
1 2.572368 1.000000 2.570378 0.000227 0.001022 0.000021 4.000000 10.000000 0.000000 1.000000 0.000000 0.000000 17.128790
1 1.227846 1.000000 1.226902 0.000116 0.000462 0.000017 4.000000 10.000000 0.000000 0.000000 0.000000 0.000000 14.217904
1 1.249278 1.000000 1.247191 0.000259 0.001099 0.000013 3.000000 10.000000 0.000000 14.000000 0.000000 0.000000 17.361122
1 1.219619 1.000000 1.218801 0.000104 0.000418 0.000017 4.000000 10.000000 0.000000 0.000000 0.000000 0.000000 13.163530
1 1.227342 1.000000 1.226451 0.000108 0.000453 0.000015 3.000000 10.000000 0.000000 0.000000 0.000000 0.000000 12.293774
1 1.479264 1.000000 1.478038 0.000133 0.000659 0.000013 3.000000 10.000000 0.000000 2.000000 0.000000 0.000000 11.179010
1 1.211082 1.000000 1.209894 0.000132 0.000588 0.000019 4.000000 10.000000 0.000000 0.000000 0.000000 0.000000 15.697318
1 1.287865 1.000000 1.286834 0.000120 0.000490 0.000018 4.000000 10.000000 0.000000 0.000000 0.000000 0.000000 14.869295
1 1.261698 1.000000 1.260391 0.000136 0.000615 0.000018 4.000000 10.000000 0.000000 0.000000 0.000000 0.000000 14.916640
1 1.288527 1.000000 1.287125 0.000161 0.000705 0.000018 4.000000 10.000000 0.000000 0.000000 0.000000 0.000000 20.901682
1 1.308116 1.000000 1.307179 0.000120 0.000451 0.000015 3.000000 10.000000 0.000000 0.000000 0.000000 0.000000 12.897342
1 1.347725 1.000000 1.345237 0.000273 0.001303 0.000015 3.000000 10.000000 0.000000 13.000000 0.000000 0.000000 13.195293
1 1.336614 1.000000 1.335642 0.000117 0.000468 0.000014 3.000000 10.000000 0.000000 0.000000 0.000000 0.000000 11.528694
1 1.291710 1.000000 1.287302 0.000586 0.002378 0.000017 4.000000 10.000000 0.000000 8.000000 0.000000 0.000000 14.873321
1 1.307772 1.000000 1.306757 0.000126 0.000495 0.000019 4.000000 10.000000 0.000000 0.000000 0.000000 0.000000 13.641749
1 1.630629 1.000000 1.629419 0.000132 0.000581 0.000018 4.000000 10.000000 0.000000 0.000000 0.000000 0.000000 15.838149
1 1.321080 1.000000 1.320037 0.000126 0.000499 0.000018 3.000000 10.000000 0.000000 0.000000 0.000000 0.000000 13.980862
1 2.167374 1.000000 2.164401 0.000323 0.001519 0.000025 6.000000 10.000000 0.000000 8.000000 0.000000 0.000000 17.121171
1 1.861089 1.000000 1.859539 0.000170 0.000758 0.000018 4.000000 10.000000 0.000000 0.000000 0.000000 0.000000 13.372132
1 1.532379 1.000000 1.528707 0.000296 0.002207 0.000034 4.000000 10.000000 0.000000 7.000000 0.000000 0.000000 16.128118
1 2.369716 1.000000 2.367246 0.000285 0.001270 0.000032 4.000000 10.000000 0.000000 0.000000 0.000000 0.000000 15.264168
1 1.885194 1.000000 1.882635 0.000284 0.001276 0.000020 4.000000 10.000000 0.000000 17.000000 0.000000 0.000000 14.516982
1 1.379494 1.000000 1.377375 0.000258 0.001125 0.000018 3.000000 10.000000 0.000000 4.000000 0.000000 0.000000 16.690644
1 1.374739 1.000000 1.373288 0.000168 0.000743 0.000021 4.000000 10.000000 0.000000 0.000000 0.000000 0.000000 17.087251
1 2.121760 1.000000 2.111996 0.000954 0.005845 0.000040 5.000000 10.000000 0.000000 17.000000 0.000000 0.000000 17.730424
1 2.817282 2.000000 2.733143 0.009047 0.043698 0.004862 74.000000 10.000000 42.000000 23.000000 0.000000 0.000000 34.115321
1 2.020973 2.000000 1.991413 0.002291 0.013924 0.005958 21.000000 10.000000 3.000000 18.000000 0.000000 0.000000 41.344503
1 2.044278 2.000000 1.976858 0.006386 0.034004 0.005198 15.000000 10.000000 10.000000 48.000000 0.000000 0.000000 39.229645
1 3.060836 2.000000 3.019934 0.004415 0.018779 0.006231 15.000000 10.000000 0.000000 45.000000 0.000000 0.000000 35.358488
1 1.625908 2.000000 1.599305 0.002462 0.014681 0.002838 12.000000 10.000000 0.000000 18.000000 0.000000 0.000000 35.433045
1 7.668669 2.000000 7.573865 0.007061 0.040314 0.023197 63.000000 10.000000 17.000000 30.000000 0.000000 0.000000 40.883114
1 1.497951 2.000000 1.388728 0.011587 0.058628 0.006307 25.000000 10.000000 0.000000 78.000000 0.000000 0.000000 37.289719
1 2.005241 2.000000 1.979325 0.002428 0.010357 0.007467 14.000000 10.000000 0.000000 6.000000 0.000000 0.000000 30.268490
1 3.140246 2.000000 3.082102 0.005131 0.027671 0.005827 13.000000 10.000000 9.000000 23.000000 0.000000 0.000000 35.535466
1 1.924553 2.000000 1.906765 0.001443 0.008104 0.003495 13.000000 10.000000 0.000000 4.000000 0.000000 0.000000 34.228333
1 1.903084 2.000000 1.428544 0.048441 0.262645 0.006803 21.000000 10.000000 120.000000 122.000000 0.000000 0.000000 33.943752
1 2.399116 2.000000 2.300321 0.008824 0.050671 0.006511 15.000000 10.000000 26.000000 5.000000 0.000000 0.000000 29.970847
1 3.585932 2.000000 3.315802 0.025780 0.131789 0.033679 419.000000 10.000000 35.000000 100.000000 0.000000 0.000000 68.866320
1 2.763923 2.000000 2.629125 0.009507 0.053510 0.033971 98.000000 10.000000 0.000000 34.000000 0.000000 0.000000 49.937385
1 3.630057 2.000000 3.591125 0.003579 0.017041 0.008392 20.000000 10.000000 0.000000 14.000000 0.000000 0.000000 39.691316
1 1.502898 2.000000 1.447887 0.005227 0.028141 0.003275 15.000000 10.000000 45.000000 22.000000 0.000000 0.000000 30.506735
1 1.909818 2.000000 1.742867 0.017218 0.096610 0.006055 23.000000 10.000000 11.000000 88.000000 0.000000 0.000000 34.066848
1 1.388555 2.000000 1.353338 0.003476 0.019077 0.003054 13.000000 10.000000 6.000000 30.000000 0.000000 0.000000 33.304095
1 1.996780 2.000000 1.956554 0.002881 0.019453 0.004999 20.000000 10.000000 9.000000 22.000000 0.000000 0.000000 38.835552
1 1.766816 2.000000 1.718342 0.005043 0.024072 0.005825 55.000000 10.000000 2.000000 39.000000 0.000000 0.000000 36.432932
1 1.461545 2.000000 1.431075 0.002666 0.014771 0.005549 14.000000 10.000000 2.000000 29.000000 0.000000 0.000000 38.692496
1 1.445289 2.000000 1.414996 0.002649 0.014867 0.005175 12.000000 10.000000 0.000000 17.000000 0.000000 0.000000 33.503727
1 3.242492 2.000000 3.189835 0.004721 0.023135 0.011745 17.000000 10.000000 4.000000 0.000000 0.000000 0.000000 41.722402
1 3.812833 2.000000 3.770281 0.003964 0.019253 0.007270 16.000000 10.000000 0.000000 53.000000 0.000000 0.000000 28.757449
1 2.039003 2.000000 2.014840 0.002320 0.011331 0.004459 16.000000 10.000000 0.000000 37.000000 0.000000 0.000000 40.552361
1 1.531314 2.000000 1.414006 0.014330 0.065024 0.004814 17.000000 10.000000 17.000000 56.000000 0.000000 0.000000 31.044124
1 1.453292 2.000000 1.429955 0.002157 0.011578 0.003549 14.000000 10.000000 2.000000 19.000000 0.000000 0.000000 31.728560
1 1.392415 2.000000 1.301673 0.007891 0.048069 0.003722 19.000000 10.000000 13.000000 26.000000 0.000000 0.000000 29.113021
1 1.673223 2.000000 1.627640 0.004468 0.024517 0.003984 17.000000 10.000000 21.000000 49.000000 0.000000 0.000000 28.526831
1 1.706028 2.000000 1.657669 0.005016 0.023682 0.004288 13.000000 10.000000 0.000000 21.000000 0.000000 0.000000 47.738691
1 2.049756 2.000000 2.025713 0.001828 0.011367 0.004564 15.000000 10.000000 0.000000 12.000000 0.000000 0.000000 33.655137
1 2.207922 2.000000 2.177395 0.002812 0.012493 0.007496 14.000000 10.000000 0.000000 5.000000 0.000000 0.000000 30.526434
1 3.581164 2.000000 3.519668 0.005628 0.032803 0.009615 19.000000 10.000000 11.000000 30.000000 0.000000 0.000000 42.263266
1 3.042138 2.000000 3.013450 0.002501 0.014504 0.005389 12.000000 10.000000 0.000000 5.000000 0.000000 0.000000 34.541039
1 1.757409 2.000000 1.736518 0.001649 0.010116 0.003463 15.000000 10.000000 0.000000 15.000000 0.000000 0.000000 38.356648
1 1.671726 2.000000 1.405922 0.030285 0.149171 0.007496 27.000000 10.000000 0.000000 155.000000 0.000000 0.000000 47.172037
1 2.390578 2.000000 2.275380 0.010931 0.052393 0.017006 362.000000 10.000000 18.000000 51.000000 0.000000 0.000000 32.042334
1 2.632823 2.000000 2.460035 0.018656 0.099219 0.012744 21.000000 10.000000 28.000000 42.000000 0.000000 0.000000 38.405016
1 1.689657 2.000000 1.672816 0.001297 0.007049 0.004432 12.000000 10.000000 0.000000 3.000000 0.000000 0.000000 32.798506
1 1.937555 2.000000 1.915920 0.002124 0.010405 0.003376 14.000000 10.000000 5.000000 35.000000 0.000000 0.000000 33.298724
1 2.880303 2.000000 2.830046 0.003933 0.025058 0.005505 13.000000 10.000000 11.000000 12.000000 0.000000 0.000000 30.524299
1 2.470850 2.000000 2.364331 0.011806 0.058357 0.006625 20.000000 10.000000 8.000000 34.000000 0.000000 0.000000 40.250915
1 1.862053 2.000000 1.727560 0.011707 0.071014 0.005661 55.000000 10.000000 47.000000 58.000000 0.000000 0.000000 33.065483
1 2.831880 2.000000 2.804106 0.002275 0.011640 0.007107 14.000000 10.000000 0.000000 4.000000 0.000000 0.000000 30.597438
1 2.427252 2.000000 2.386347 0.004148 0.021046 0.003554 15.000000 10.000000 6.000000 39.000000 0.000000 0.000000 30.503939
1 1.551735 2.000000 1.421022 0.014949 0.074701 0.006551 21.000000 10.000000 34.000000 47.000000 0.000000 0.000000 37.667747
1 2.085819 2.000000 2.062949 0.001704 0.009834 0.004587 17.000000 10.000000 0.000000 9.000000 0.000000 0.000000 34.211679
1 3.563122 2.000000 3.516909 0.003163 0.019539 0.014164 22.000000 10.000000 0.000000 11.000000 0.000000 0.000000 40.247251
1 2.131814 2.000000 2.109312 0.001819 0.010356 0.004706 15.000000 10.000000 0.000000 11.000000 0.000000 0.000000 35.156435
1 1.488661 2.000000 1.425866 0.007020 0.033794 0.004606 14.000000 10.000000 10.000000 23.000000 0.000000 0.000000 43.725094
1 1.902862 2.000000 1.864520 0.003884 0.019449 0.005122 15.000000 10.000000 2.000000 14.000000 0.000000 0.000000 28.151626
1 3.143199 2.000000 3.080168 0.006268 0.033556 0.005529 20.000000 10.000000 26.000000 18.000000 0.000000 0.000000 34.656224
1 3.503575 2.000000 1.790437 0.193673 0.882484 0.006336 19.000000 10.000000 14.000000 172.000000 0.000000 0.000000 30.696909
1 2.394921 2.000000 2.346502 0.004882 0.023633 0.006392 11.000000 10.000000 0.000000 82.000000 0.000000 0.000000 30.756218
1 2.338752 2.000000 2.249147 0.010728 0.048405 0.004139 14.000000 10.000000 15.000000 21.000000 0.000000 0.000000 30.594751
1 1.740572 2.000000 1.717691 0.001919 0.010283 0.004937 17.000000 10.000000 0.000000 7.000000 0.000000 0.000000 45.108696
1 2.106787 2.000000 1.760247 0.039364 0.195146 0.009562 27.000000 10.000000 72.000000 71.000000 0.000000 0.000000 46.120802
1 2.211105 2.000000 2.152871 0.004786 0.031358 0.006163 13.000000 10.000000 0.000000 45.000000 0.000000 0.000000 35.283085
1 3.428984 2.000000 3.374697 0.005077 0.027244 0.006910 27.000000 10.000000 13.000000 6.000000 0.000000 0.000000 39.730637
1 2.195954 4.000000 2.064624 0.008988 0.049088 0.049415 45.000000 10.000000 5.000000 35.000000 0.000000 0.000000 37.089629
1 3.005011 4.000000 2.622238 0.032221 0.167969 0.088880 61.000000 10.000000 84.000000 71.000000 0.000000 0.000000 36.100239
1 3.000794 4.000000 2.768439 0.022111 0.111646 0.034574 33.000000 10.000000 74.000000 38.000000 0.000000 0.000000 29.841292
1 1.861882 4.000000 1.773416 0.006689 0.031301 0.032220 35.000000 10.000000 2.000000 22.000000 0.000000 0.000000 41.936709
1 2.206471 4.000000 2.062670 0.010336 0.050282 0.055603 33.000000 10.000000 3.000000 27.000000 0.000000 0.000000 39.909028
1 4.296788 4.000000 3.414782 0.086070 0.384418 0.169114 140.000000 10.000000 100.000000 232.000000 0.000000 0.000000 50.808369
1 1.679179 4.000000 1.539903 0.012468 0.057899 0.034762 42.000000 10.000000 51.000000 41.000000 0.000000 0.000000 37.421502
1 1.724863 4.000000 1.669464 0.003634 0.017488 0.026556 28.000000 10.000000 2.000000 18.000000 0.000000 0.000000 34.379671
0 77.978519 4.000000 2.912068 1.417159 6.614710 0.075114 44.000000 10.000000 28.000000 154955.000000 0.000000 0.000000 -1.000000
1 2.315653 4.000000 1.725825 0.068149 0.289038 0.059747 66.000000 10.000000 61.000000 194.000000 0.000000 0.000000 35.264683
1 3.074010 4.000000 2.970970 0.006674 0.034679 0.043665 24.000000 10.000000 4.000000 12.000000 0.000000 0.000000 33.120657
1 3.675647 4.000000 3.281762 0.040584 0.176272 0.079543 50.000000 10.000000 11.000000 51.000000 0.000000 0.000000 51.038918
1 4.034983 4.000000 3.268472 0.048144 0.238531 0.336037 218.000000 10.000000 59.000000 213.000000 0.000000 0.000000 61.475284
1 3.240700 4.000000 2.753844 0.035790 0.186282 0.156301 85.000000 10.000000 9.000000 124.000000 0.000000 0.000000 48.120850
1 2.943444 4.000000 2.825500 0.009666 0.043581 0.039093 42.000000 10.000000 2.000000 31.000000 0.000000 0.000000 43.338768
1 3.663815 4.000000 3.112384 0.032797 0.177596 0.242179 174.000000 10.000000 31.000000 180.000000 0.000000 0.000000 50.053657
1 3.657846 4.000000 3.109607 0.051756 0.238088 0.122572 67.000000 10.000000 70.000000 88.000000 0.000000 0.000000 46.037043
1 2.870134 4.000000 2.687971 0.011581 0.053358 0.081578 63.000000 10.000000 9.000000 35.000000 0.000000 0.000000 45.871495
1 3.505679 4.000000 3.219531 0.020716 0.099263 0.106459 60.000000 10.000000 12.000000 93.000000 0.000000 0.000000 41.896868
1 2.348813 4.000000 2.211073 0.013357 0.055087 0.033330 30.000000 10.000000 0.000000 90.000000 0.000000 0.000000 44.331046
1 1.921592 4.000000 1.742973 0.017686 0.088017 0.028611 37.000000 10.000000 9.000000 83.000000 0.000000 0.000000 45.449676
1 2.039276 4.000000 1.715862 0.035594 0.158214 0.043765 57.000000 10.000000 79.000000 160.000000 0.000000 0.000000 48.510708
1 1.932171 4.000000 1.623469 0.035196 0.149340 0.040043 51.000000 10.000000 74.000000 174.000000 0.000000 0.000000 36.703691
1 1.485070 4.000000 1.357188 0.011524 0.049765 0.037688 44.000000 10.000000 28.000000 99.000000 0.000000 0.000000 32.437117
1 13.927494 4.000000 13.255345 0.045938 0.215085 0.283252 183.000000 10.000000 10.000000 203.000000 0.000000 0.000000 54.630211
1 2.469941 4.000000 2.285517 0.011458 0.059667 0.075967 67.000000 10.000000 6.000000 51.000000 0.000000 0.000000 44.643024
1 1.822758 4.000000 1.623715 0.017614 0.086365 0.047193 47.000000 10.000000 36.000000 51.000000 0.000000 0.000000 45.558149
1 2.100797 4.000000 1.633948 0.048372 0.225168 0.066325 73.000000 10.000000 42.000000 161.000000 0.000000 0.000000 37.140701
1 2.141071 4.000000 2.028422 0.007320 0.034484 0.050840 48.000000 10.000000 1.000000 13.000000 0.000000 0.000000 42.290361
1 3.129094 4.000000 2.830123 0.023421 0.106324 0.110251 51.000000 10.000000 12.000000 78.000000 0.000000 0.000000 48.223150
1 4.144420 4.000000 3.903507 0.019581 0.083851 0.084210 45.000000 10.000000 6.000000 28.000000 0.000000 0.000000 52.253974
1 2.740310 4.000000 2.668939 0.005285 0.024068 0.027316 30.000000 10.000000 31.000000 18.000000 0.000000 0.000000 33.943094
1 1.920942 4.000000 1.745650 0.016014 0.072922 0.044990 51.000000 10.000000 22.000000 97.000000 0.000000 0.000000 51.733366
1 2.938683 4.000000 2.646121 0.020768 0.114327 0.093342 54.000000 10.000000 19.000000 50.000000 0.000000 0.000000 37.170126
1 3.932736 4.000000 3.180689 0.077149 0.344150 0.117820 119.000000 10.000000 96.000000 197.000000 0.000000 0.000000 50.338682
1 2.213156 4.000000 2.054836 0.011601 0.057201 0.055247 48.000000 10.000000 2.000000 98.000000 0.000000 0.000000 37.294842
1 4.160668 4.000000 3.428190 0.077030 0.342090 0.117064 62.000000 10.000000 55.000000 96.000000 0.000000 0.000000 40.374554
1 2.375167 4.000000 2.135296 0.020211 0.085838 0.086143 72.000000 10.000000 20.000000 41.000000 0.000000 0.000000 48.604513
1 2.560120 4.000000 1.473820 0.106760 0.524140 0.155352 107.000000 10.000000 181.000000 272.000000 0.000000 0.000000 41.860006
1 2.629024 4.000000 2.465704 0.016109 0.062163 0.044854 28.000000 10.000000 3.000000 16.000000 0.000000 0.000000 38.371248
0 77.151998 4.000000 2.148999 9.759773 43.705085 0.058865 52.000000 10.000000 33.000000 993833.000000 0.000000 0.000000 -1.000000
1 3.180173 4.000000 3.050981 0.010023 0.044825 0.050033 35.000000 10.000000 0.000000 29.000000 0.000000 0.000000 35.739370
1 3.304900 4.000000 3.085528 0.020614 0.100831 0.041491 32.000000 10.000000 1.000000 50.000000 0.000000 0.000000 45.229344
1 3.792870 4.000000 3.586954 0.015973 0.073051 0.070860 44.000000 10.000000 25.000000 23.000000 0.000000 0.000000 40.959209
1 3.390406 4.000000 3.106646 0.029982 0.125267 0.059586 39.000000 10.000000 10.000000 85.000000 0.000000 0.000000 35.222096
1 3.847203 4.000000 3.555578 0.021967 0.110809 0.096839 51.000000 10.000000 9.000000 60.000000 0.000000 0.000000 42.969801
1 3.339484 4.000000 3.107199 0.021861 0.093603 0.065644 42.000000 10.000000 10.000000 40.000000 0.000000 0.000000 45.939964
1 3.784084 4.000000 3.019721 0.077799 0.373296 0.097578 61.000000 10.000000 37.000000 140.000000 0.000000 0.000000 38.841846
1 3.377440 4.000000 3.151445 0.020654 0.092361 0.063689 39.000000 10.000000 0.000000 60.000000 0.000000 0.000000 33.511467
1 3.238558 4.000000 3.139206 0.006460 0.036332 0.041199 24.000000 10.000000 0.000000 34.000000 0.000000 0.000000 32.576580
1 3.514519 4.000000 3.076653 0.042442 0.195246 0.082234 42.000000 10.000000 57.000000 49.000000 0.000000 0.000000 40.537094
1 3.975351 4.000000 3.699749 0.019571 0.103243 0.101986 55.000000 10.000000 15.000000 33.000000 0.000000 0.000000 43.893642
1 3.411879 4.000000 3.023094 0.036337 0.162847 0.101765 61.000000 10.000000 34.000000 60.000000 0.000000 0.000000 52.871148
1 3.405190 4.000000 3.020544 0.037888 0.166122 0.078296 40.000000 10.000000 1.000000 78.000000 0.000000 0.000000 48.765325
1 4.694517 4.000000 4.021833 0.049696 0.235290 0.237887 103.000000 10.000000 3.000000 63.000000 0.000000 0.000000 61.910659
1 3.737090 4.000000 3.548991 0.013264 0.060460 0.076977 49.000000 10.000000 11.000000 52.000000 0.000000 0.000000 35.910111
1 3.670876 4.000000 3.558983 0.007946 0.036567 0.045980 30.000000 10.000000 0.000000 28.000000 0.000000 0.000000 31.853354
1 3.218487 4.000000 3.020198 0.016698 0.078873 0.059413 38.000000 10.000000 0.000000 77.000000 0.000000 0.000000 35.822839
1 5.463554 6.000000 3.127330 0.218368 1.115721 0.403626 144.000000 10.000000 119.000000 308.000000 0.000000 0.000000 54.311765
1 3.604228 6.000000 3.468368 0.006876 0.036944 0.072707 46.000000 10.000000 0.000000 20.000000 0.000000 0.000000 37.568938
1 2.894175 6.000000 2.351976 0.035763 0.192267 0.212879 108.000000 10.000000 27.000000 96.000000 0.000000 0.000000 54.331162
1 7.497398 6.000000 2.150539 0.501523 2.368756 0.991188 640.000000 10.000000 514.000000 2047.000000 0.000000 0.000000 70.722518
1 2.236686 6.000000 1.821589 0.029504 0.141951 0.163482 111.000000 10.000000 42.000000 93.000000 0.000000 0.000000 48.900376
1 2.584149 6.000000 1.603507 0.086486 0.412140 0.245735 166.000000 10.000000 24.000000 300.000000 0.000000 0.000000 50.963832
1 4.066968 6.000000 3.304135 0.035289 0.194886 0.416384 209.000000 10.000000 4.000000 178.000000 0.000000 0.000000 58.166434
1 2.592204 6.000000 2.210738 0.019741 0.109846 0.193661 107.000000 10.000000 4.000000 63.000000 0.000000 0.000000 56.414626
1 2.000347 6.000000 1.682637 0.024974 0.124025 0.106630 75.000000 10.000000 68.000000 97.000000 0.000000 0.000000 43.055945
0 76.678696 6.000000 1.678456 12.817872 32.602716 0.118754 72.000000 10.000000 24.000000 1049831.000000 0.000000 0.000000 -1.000000
1 2.458609 6.000000 1.733518 0.067450 0.317071 0.165173 100.000000 10.000000 35.000000 208.000000 0.000000 0.000000 55.064261
1 4.126982 6.000000 3.216009 0.070871 0.363927 0.284291 86.000000 10.000000 60.000000 112.000000 0.000000 0.000000 47.610170
1 4.040458 6.000000 3.282952 0.061645 0.275625 0.248714 85.000000 10.000000 20.000000 97.000000 0.000000 0.000000 40.229249
1 3.918982 6.000000 2.762660 0.049510 0.254435 0.686047 281.000000 10.000000 34.000000 158.000000 0.000000 0.000000 72.352375
1 3.427730 6.000000 2.843825 0.048337 0.232736 0.183380 69.000000 10.000000 37.000000 103.000000 0.000000 0.000000 39.496467
1 3.367858 6.000000 2.405707 0.086165 0.421867 0.233648 140.000000 10.000000 105.000000 522.000000 0.000000 0.000000 50.236599
1 2.540797 6.000000 1.816358 0.060557 0.307794 0.194119 141.000000 10.000000 191.000000 197.000000 0.000000 0.000000 51.819894
1 2.294845 6.000000 1.687557 0.049643 0.249741 0.168577 110.000000 10.000000 100.000000 133.000000 0.000000 0.000000 58.179979
1 2.135996 6.000000 1.775453 0.031803 0.148178 0.093460 59.000000 10.000000 49.000000 60.000000 0.000000 0.000000 56.253320
1 3.037539 6.000000 2.076679 0.071306 0.331045 0.357567 159.000000 10.000000 130.000000 87.000000 0.000000 0.000000 43.917553
1 4.191056 6.000000 3.566438 0.053752 0.246790 0.172873 67.000000 10.000000 19.000000 79.000000 0.000000 0.000000 46.819020
1 3.652870 6.000000 3.136667 0.045562 0.213462 0.137520 71.000000 10.000000 17.000000 115.000000 0.000000 0.000000 54.617100
1 2.565510 6.000000 1.751399 0.081770 0.365854 0.151615 94.000000 10.000000 4.000000 541.000000 0.000000 0.000000 46.001485
1 3.930711 6.000000 2.370511 0.133184 0.659088 0.420788 141.000000 10.000000 20.000000 309.000000 0.000000 0.000000 55.094663
1 3.336395 6.000000 2.720408 0.040794 0.212684 0.249536 128.000000 10.000000 14.000000 274.000000 0.000000 0.000000 44.457655
1 3.873293 6.000000 2.644214 0.067440 0.369869 0.566562 262.000000 10.000000 70.000000 430.000000 0.000000 0.000000 66.425163
1 3.471831 6.000000 2.221955 0.072268 0.372843 0.595513 293.000000 10.000000 16.000000 301.000000 0.000000 0.000000 68.478643
1 2.305636 6.000000 2.061942 0.014022 0.078154 0.114606 65.000000 10.000000 1.000000 45.000000 0.000000 0.000000 45.198983
1 9.759058 6.000000 3.637603 0.649469 2.763799 1.129785 464.000000 10.000000 267.000000 1282.000000 0.000000 0.000000 75.473920
1 4.038232 6.000000 1.755225 0.220768 1.068265 0.377177 167.000000 10.000000 24.000000 430.000000 0.000000 0.000000 56.796788
1 3.207631 6.000000 2.757121 0.039076 0.191200 0.116986 76.000000 10.000000 39.000000 72.000000 0.000000 0.000000 44.896457
1 2.388745 6.000000 1.782196 0.048660 0.232416 0.198726 122.000000 10.000000 6.000000 199.000000 0.000000 0.000000 52.986768
1 2.801949 6.000000 2.181903 0.030796 0.166230 0.320860 170.000000 10.000000 29.000000 153.000000 0.000000 0.000000 63.638873
1 3.291663 6.000000 2.246331 0.069712 0.349705 0.415594 226.000000 10.000000 43.000000 431.000000 0.000000 0.000000 51.242616
1 1.726953 6.000000 1.427666 0.023198 0.113294 0.096541 68.000000 10.000000 37.000000 60.000000 0.000000 0.000000 48.422223
1 3.431991 6.000000 3.029703 0.028206 0.134158 0.173397 57.000000 10.000000 21.000000 45.000000 0.000000 0.000000 48.830160
1 5.423173 6.000000 3.267908 0.197113 0.916592 0.508704 183.000000 10.000000 125.000000 308.000000 0.000000 0.000000 60.387600
1 2.620964 6.000000 1.804488 0.068502 0.349121 0.228787 139.000000 10.000000 245.000000 248.000000 0.000000 0.000000 43.608826
1 4.013737 6.000000 2.813410 0.075098 0.427520 0.466974 142.000000 10.000000 100.000000 173.000000 0.000000 0.000000 44.796786
1 3.168103 6.000000 2.860897 0.013957 0.073696 0.174079 89.000000 10.000000 6.000000 54.000000 0.000000 0.000000 46.502422
1 6.234837 6.000000 4.316288 0.101925 0.492567 1.012289 296.000000 10.000000 9.000000 201.000000 0.000000 0.000000 66.627976
1 2.319360 6.000000 2.058396 0.014543 0.079576 0.125949 71.000000 10.000000 1.000000 52.000000 0.000000 0.000000 43.729944
1 4.486712 6.000000 3.516786 0.038139 0.194656 0.625665 152.000000 10.000000 18.000000 68.000000 0.000000 0.000000 53.116147
1 2.704119 6.000000 2.198528 0.035054 0.187943 0.179194 98.000000 10.000000 49.000000 99.000000 0.000000 0.000000 43.546828
1 2.268236 6.000000 1.768075 0.035403 0.180162 0.183763 89.000000 10.000000 25.000000 125.000000 0.000000 0.000000 47.472937
1 4.338399 6.000000 3.151874 0.100841 0.497129 0.320450 142.000000 10.000000 87.000000 344.000000 0.000000 0.000000 40.765778
1 2.790162 6.000000 2.125339 0.051974 0.272815 0.193249 112.000000 10.000000 37.000000 164.000000 0.000000 0.000000 60.878302
1 4.826468 6.000000 2.646260 0.221895 1.029448 0.310902 130.000000 10.000000 51.000000 540.000000 0.000000 0.000000 51.612255
1 2.656689 6.000000 2.050728 0.043982 0.210152 0.233108 134.000000 10.000000 4.000000 148.000000 0.000000 0.000000 70.188851
1 3.494706 6.000000 2.972144 0.035093 0.164885 0.222584 68.000000 10.000000 10.000000 57.000000 0.000000 0.000000 46.702969
1 3.088203 6.000000 2.539102 0.052787 0.235974 0.129212 76.000000 10.000000 52.000000 142.000000 0.000000 0.000000 46.370082
1 2.334531 6.000000 2.011643 0.023248 0.102164 0.140945 81.000000 10.000000 26.000000 46.000000 0.000000 0.000000 49.448075
1 3.511897 6.000000 3.008680 0.041406 0.194856 0.161689 60.000000 10.000000 0.000000 191.000000 0.000000 0.000000 39.343819
1 2.475343 6.000000 2.016340 0.035983 0.160113 0.169854 101.000000 10.000000 14.000000 106.000000 0.000000 0.000000 52.063785
1 2.430020 6.000000 1.732982 0.060424 0.272419 0.214728 106.000000 10.000000 53.000000 164.000000 0.000000 0.000000 55.785006
1 4.343771 6.000000 3.554586 0.044719 0.245592 0.369512 157.000000 10.000000 41.000000 151.000000 0.000000 0.000000 59.697391
1 9.466323 6.000000 1.754711 0.849611 3.766443 0.895304 480.000000 10.000000 330.000000 1692.000000 0.000000 0.000000 60.256429
1 5.933379 6.000000 4.754987 0.060316 0.346904 0.571080 191.000000 10.000000 65.000000 167.000000 0.000000 0.000000 42.519400
1 3.849728 6.000000 2.055157 0.152209 0.735036 0.460473 278.000000 10.000000 153.000000 790.000000 0.000000 0.000000 48.175415
1 3.999471 6.000000 2.999814 0.094769 0.448435 0.186680 71.000000 10.000000 21.000000 309.000000 0.000000 0.000000 46.137342
1 3.250352 8.000000 2.119120 0.083483 0.445757 0.366373 175.000000 10.000000 12.000000 325.000000 0.000000 0.000000 48.987454
1 5.750579 8.000000 3.618168 0.129217 0.681334 0.948063 257.000000 10.000000 10.000000 343.000000 0.000000 0.000000 53.675265
1 7.074091 8.000000 4.119427 0.153615 0.836926 1.466344 519.000000 10.000000 7.000000 541.000000 0.000000 0.000000 63.473971
1 2.198557 8.000000 1.759641 0.030398 0.150767 0.182641 91.000000 10.000000 9.000000 100.000000 0.000000 0.000000 45.952029
1 3.108367 8.000000 2.531451 0.028648 0.139547 0.332023 69.000000 10.000000 6.000000 30.000000 0.000000 0.000000 41.728140
1 8.660792 8.000000 4.484787 0.273219 1.490840 1.557471 427.000000 10.000000 43.000000 492.000000 0.000000 0.000000 58.457617
1 6.297306 8.000000 1.773464 0.409792 2.213190 0.734260 224.000000 10.000000 252.000000 803.000000 0.000000 0.000000 55.015806
1 3.386629 8.000000 2.133994 0.085633 0.489058 0.424038 171.000000 10.000000 12.000000 300.000000 0.000000 0.000000 50.260017
1 4.409151 8.000000 3.051221 0.100776 0.503419 0.473575 132.000000 10.000000 31.000000 199.000000 0.000000 0.000000 48.778734
1 10.090034 8.000000 1.737713 0.447962 1.956822 0.365564 189.000000 10.000000 255.000000 11358.000000 0.000000 0.000000 46.700097
1 2.984345 8.000000 1.976575 0.081443 0.408443 0.307486 83.000000 10.000000 3.000000 149.000000 0.000000 0.000000 41.949265
1 6.318408 8.000000 3.407073 0.258602 1.356518 0.675761 192.000000 10.000000 227.000000 637.000000 0.000000 0.000000 41.129957
1 10.863146 8.000000 9.602751 0.035895 0.209222 0.893785 259.000000 10.000000 4.000000 151.000000 0.000000 0.000000 48.726721
1 5.167958 8.000000 2.388896 0.254744 1.282163 0.413653 181.000000 10.000000 49.000000 564.000000 0.000000 0.000000 49.071892
1 1.935996 8.000000 1.571030 0.021428 0.110612 0.170831 79.000000 10.000000 10.000000 45.000000 0.000000 0.000000 47.728686
1 3.905424 8.000000 2.021560 0.157354 0.840564 0.459870 209.000000 10.000000 129.000000 573.000000 0.000000 0.000000 46.113500
0 76.354924 8.000000 1.306011 4.053983 3.788466 0.164425 101.000000 10.000000 65.000000 255714.000000 0.000000 0.000000 -1.000000
1 11.524938 8.000000 9.773214 0.082968 0.458194 0.942087 326.000000 10.000000 60.000000 424.000000 0.000000 0.000000 42.615497
1 2.338246 8.000000 1.792964 0.039346 0.204325 0.193077 109.000000 10.000000 7.000000 174.000000 0.000000 0.000000 51.334422
1 5.858203 8.000000 1.678809 0.383158 2.000534 0.624360 298.000000 10.000000 272.000000 1001.000000 0.000000 0.000000 52.242811
1 6.636376 8.000000 4.634481 0.102607 0.556232 1.028310 209.000000 10.000000 16.000000 235.000000 0.000000 0.000000 58.502765
1 4.138990 8.000000 2.305547 0.180406 0.872601 0.332212 159.000000 10.000000 16.000000 540.000000 0.000000 0.000000 48.104907
1 4.279269 8.000000 3.053920 0.047797 0.266261 0.758829 279.000000 10.000000 19.000000 196.000000 0.000000 0.000000 57.987953
1 3.839393 8.000000 2.065983 0.118654 0.672278 0.634423 275.000000 10.000000 51.000000 559.000000 0.000000 0.000000 55.608279
1 7.869448 8.000000 3.642510 0.325329 1.824055 0.991798 222.000000 10.000000 52.000000 771.000000 0.000000 0.000000 48.963869
1 3.534973 8.000000 2.405746 0.061949 0.371697 0.508275 219.000000 10.000000 96.000000 245.000000 0.000000 0.000000 50.301219
1 6.677176 8.000000 1.676307 0.465015 2.435040 0.804428 415.000000 10.000000 260.000000 1542.000000 0.000000 0.000000 47.904497
1 3.161716 8.000000 2.043813 0.060733 0.308354 0.569230 152.000000 10.000000 22.000000 162.000000 0.000000 0.000000 48.742818
1 9.147218 8.000000 3.594660 0.487899 2.633899 0.981958 312.000000 10.000000 296.000000 1096.000000 0.000000 0.000000 51.987621
1 5.118092 8.000000 2.037274 0.238043 1.207766 0.998781 233.000000 10.000000 80.000000 542.000000 0.000000 0.000000 68.498322
1 4.965458 8.000000 2.976641 0.136879 0.732222 0.710762 247.000000 10.000000 48.000000 556.000000 0.000000 0.000000 48.926556
1 2.859083 8.000000 2.367265 0.034119 0.170418 0.199370 80.000000 10.000000 0.000000 343.000000 0.000000 0.000000 43.417776
1 4.476328 8.000000 2.364228 0.173857 0.951059 0.481747 210.000000 10.000000 122.000000 679.000000 0.000000 0.000000 42.661456
1 7.633316 8.000000 2.015568 0.596518 2.866378 0.623113 278.000000 10.000000 442.000000 781.000000 0.000000 0.000000 41.246700
1 12.167181 8.000000 2.032236 1.000446 4.943604 1.277062 577.000000 10.000000 223.000000 1204.000000 0.000000 0.000000 52.784625
1 5.713391 8.000000 2.394668 0.253822 1.361956 0.974230 345.000000 10.000000 157.000000 563.000000 0.000000 0.000000 66.234114
1 3.725091 8.000000 2.060272 0.154489 0.797096 0.265533 131.000000 10.000000 187.000000 348.000000 0.000000 0.000000 41.420696
1 4.328808 8.000000 1.995841 0.172921 0.954478 0.743344 321.000000 10.000000 66.000000 634.000000 0.000000 0.000000 63.135020
1 2.408519 8.000000 1.735816 0.049929 0.260692 0.220438 115.000000 10.000000 101.000000 172.000000 0.000000 0.000000 39.980647
1 3.326082 8.000000 1.685388 0.139341 0.720906 0.394834 208.000000 10.000000 80.000000 459.000000 0.000000 0.000000 49.223010
1 2.798886 8.000000 1.692661 0.101017 0.499171 0.242457 119.000000 10.000000 95.000000 247.000000 0.000000 0.000000 53.334583
0 76.710566 8.000000 1.706368 13.747124 26.359817 0.359595 151.000000 10.000000 98.000000 597719.000000 0.000000 0.000000 -1.000000
1 8.050325 8.000000 3.030179 0.504683 2.429565 0.721403 208.000000 10.000000 51.000000 651.000000 0.000000 0.000000 38.091578
1 6.527907 8.000000 3.679967 0.236414 1.171491 0.824472 206.000000 10.000000 30.000000 410.000000 0.000000 0.000000 48.738010
1 5.008526 8.000000 3.594860 0.098397 0.524064 0.526097 133.000000 10.000000 5.000000 136.000000 0.000000 0.000000 58.768805
1 7.109059 8.000000 4.470035 0.108680 0.601511 1.567824 294.000000 10.000000 163.000000 158.000000 0.000000 0.000000 60.678851
1 5.403846 8.000000 3.646162 0.123497 0.650739 0.624957 162.000000 10.000000 31.000000 483.000000 0.000000 0.000000 44.797369
1 17.550860 8.000000 3.114333 1.319078 7.098474 2.169973 604.000000 10.000000 736.000000 2273.000000 0.000000 0.000000 55.467215
1 2.757000 8.000000 1.846373 0.061403 0.327346 0.357287 181.000000 10.000000 36.000000 271.000000 0.000000 0.000000 56.072297
1 1.981038 8.000000 1.535168 0.026784 0.141617 0.203946 111.000000 10.000000 42.000000 94.000000 0.000000 0.000000 46.196990
1 12.837024 8.000000 2.078244 0.745254 4.330967 3.113199 1360.000000 10.000000 230.000000 4965.000000 0.000000 0.000000 55.999576
1 2.337950 8.000000 1.639680 0.058047 0.293463 0.185405 95.000000 10.000000 95.000000 116.000000 0.000000 0.000000 40.531520
1 5.465805 8.000000 1.980647 0.265062 1.346823 1.145653 470.000000 10.000000 185.000000 799.000000 0.000000 0.000000 64.091354
1 8.159819 8.000000 2.217372 0.342450 1.789889 2.762291 550.000000 10.000000 65.000000 521.000000 0.000000 0.000000 75.811320
1 3.295224 8.000000 2.473390 0.045721 0.244806 0.405535 107.000000 10.000000 53.000000 64.000000 0.000000 0.000000 44.425207
1 4.322857 8.000000 3.694948 0.030709 0.171121 0.330720 114.000000 10.000000 5.000000 92.000000 0.000000 0.000000 46.270835
1 7.853862 8.000000 1.847628 0.598954 2.967043 0.834191 305.000000 10.000000 125.000000 1194.000000 0.000000 0.000000 49.457191
1 6.492117 8.000000 2.108147 0.406264 2.004820 0.781286 368.000000 10.000000 212.000000 1405.000000 0.000000 0.000000 50.112445
1 13.237062 10.000000 2.036732 0.873846 4.876626 2.897524 734.000000 10.000000 223.000000 2142.000000 0.000000 0.000000 55.945001
1 6.858948 10.000000 2.986790 0.131939 0.793034 2.471896 480.000000 10.000000 130.000000 321.000000 0.000000 0.000000 49.149195
1 2.781700 10.000000 1.657027 0.074349 0.419644 0.426160 164.000000 10.000000 21.000000 326.000000 0.000000 0.000000 42.340632
1 2.501624 10.000000 1.760709 0.044388 0.246567 0.325210 140.000000 10.000000 77.000000 179.000000 0.000000 0.000000 38.525381
1 17.882951 10.000000 2.909196 1.015882 5.721396 5.443058 1324.000000 10.000000 433.000000 3127.000000 0.000000 0.000000 51.863977
1 14.588954 10.000000 3.606749 0.539873 3.311574 5.353751 949.000000 10.000000 118.000000 1672.000000 0.000000 0.000000 62.145023
1 4.219566 10.000000 2.948710 0.070002 0.403491 0.593642 139.000000 10.000000 53.000000 112.000000 0.000000 0.000000 41.030842
1 5.308061 10.000000 2.449004 0.207303 1.127615 0.912426 320.000000 10.000000 90.000000 747.000000 0.000000 0.000000 43.880300
1 13.728553 10.000000 2.884732 0.979035 5.440822 1.769953 484.000000 10.000000 328.000000 2383.000000 0.000000 0.000000 44.762289
1 5.545309 10.000000 3.061811 0.197263 1.117642 0.619588 225.000000 10.000000 89.000000 875.000000 0.000000 0.000000 55.256924
1 7.476988 10.000000 2.073410 0.442806 2.477517 1.264724 338.000000 10.000000 84.000000 949.000000 0.000000 0.000000 48.845288
1 5.074000 10.000000 2.534323 0.084720 0.532137 1.649569 411.000000 10.000000 38.000000 531.000000 0.000000 0.000000 44.898150
1 10.985827 10.000000 2.033345 0.730763 4.099426 2.033246 621.000000 10.000000 229.000000 2124.000000 0.000000 0.000000 48.750324
1 5.916423 10.000000 3.011846 0.189281 1.039447 1.144401 390.000000 10.000000 177.000000 721.000000 0.000000 0.000000 54.273816
1 2.278408 10.000000 2.013912 0.011879 0.066385 0.155838 63.000000 10.000000 3.000000 27.000000 0.000000 0.000000 34.823457
1 2.619920 10.000000 1.935557 0.042157 0.229719 0.294690 113.000000 10.000000 21.000000 153.000000 0.000000 0.000000 41.732438
1 5.002260 10.000000 2.110653 0.200744 1.193714 0.910937 215.000000 10.000000 145.000000 434.000000 0.000000 0.000000 46.462170
1 53.891940 10.000000 3.333501 3.968307 22.525629 10.173882 3567.000000 10.000000 3238.000000 19412.000000 0.000000 0.000000 46.188403
1 7.612979 10.000000 2.163011 0.297253 1.824481 2.372361 797.000000 10.000000 274.000000 1378.000000 0.000000 0.000000 66.055896
1 2.121622 10.000000 1.687754 0.024158 0.132237 0.214037 98.000000 10.000000 18.000000 102.000000 0.000000 0.000000 41.231862
1 7.491875 10.000000 1.701113 0.539468 2.897681 0.944032 436.000000 10.000000 14.000000 1624.000000 0.000000 0.000000 43.015041
1 10.975225 10.000000 3.601378 0.625510 3.404324 1.556989 516.000000 10.000000 59.000000 1466.000000 0.000000 0.000000 46.793290
1 24.118379 10.000000 2.027934 1.747908 9.671069 5.369184 1561.000000 10.000000 335.000000 4069.000000 0.000000 0.000000 46.430570
0 78.487439 10.000000 3.382968 1.717039 7.830523 1.471967 342.000000 10.000000 115.000000 41318.000000 0.000000 0.000000 -1.000000
1 5.556851 10.000000 1.881294 0.249237 1.506720 1.183097 431.000000 10.000000 39.000000 1347.000000 0.000000 0.000000 37.819912
1 16.490018 10.000000 2.529270 0.722024 4.102047 6.957911 1380.000000 10.000000 199.000000 1873.000000 0.000000 0.000000 80.014926
1 2.829278 10.000000 1.967432 0.045105 0.256884 0.429485 157.000000 10.000000 6.000000 208.000000 0.000000 0.000000 38.281071
1 9.318228 10.000000 1.984959 0.616616 3.461963 1.395824 575.000000 10.000000 170.000000 2192.000000 0.000000 0.000000 47.257445
1 4.569078 10.000000 1.989471 0.166201 0.975181 0.934478 316.000000 10.000000 134.000000 565.000000 0.000000 0.000000 57.681463
1 6.923629 10.000000 3.600550 0.295314 1.481481 0.773109 277.000000 10.000000 1.000000 514.000000 0.000000 0.000000 41.071770
1 5.574614 10.000000 2.925993 0.181259 1.046929 0.892407 248.000000 10.000000 15.000000 1011.000000 0.000000 0.000000 46.332598
1 4.125328 10.000000 2.016115 0.165729 0.962821 0.536760 189.000000 10.000000 46.000000 499.000000 0.000000 0.000000 39.694498
1 4.579631 10.000000 1.972013 0.178615 0.991994 0.928387 365.000000 10.000000 45.000000 625.000000 0.000000 0.000000 55.339640
1 3.898094 10.000000 3.063253 0.051823 0.280181 0.369086 84.000000 10.000000 1.000000 95.000000 0.000000 0.000000 45.866214
1 2.982834 10.000000 2.300864 0.046642 0.238986 0.263468 96.000000 10.000000 2.000000 284.000000 0.000000 0.000000 38.285345
1 7.064616 10.000000 2.548934 0.380951 1.971456 1.058655 301.000000 10.000000 247.000000 786.000000 0.000000 0.000000 40.519135
1 6.085007 10.000000 4.026339 0.134431 0.740335 0.820931 175.000000 10.000000 74.000000 551.000000 0.000000 0.000000 45.419693
1 5.239590 10.000000 2.476270 0.218470 1.201480 0.675636 238.000000 10.000000 84.000000 433.000000 0.000000 0.000000 42.852196
1 6.600632 10.000000 3.137510 0.307966 1.611736 0.686278 229.000000 10.000000 87.000000 566.000000 0.000000 0.000000 40.074458
1 7.258295 10.000000 3.461183 0.193689 1.203385 1.791602 414.000000 10.000000 18.000000 671.000000 0.000000 0.000000 55.954047
1 11.680779 10.000000 2.267960 0.590311 3.503834 3.440086 907.000000 10.000000 34.000000 2086.000000 0.000000 0.000000 64.163885
1 7.530090 10.000000 3.878354 0.266308 1.430865 1.222989 290.000000 10.000000 117.000000 834.000000 0.000000 0.000000 44.748289
1 5.641278 10.000000 2.081581 0.247278 1.395123 1.169691 241.000000 10.000000 72.000000 493.000000 0.000000 0.000000 40.575606
1 3.493588 10.000000 2.404296 0.071430 0.399225 0.405027 153.000000 10.000000 4.000000 362.000000 0.000000 0.000000 45.279751
1 6.289516 10.000000 2.800898 0.209621 1.185505 1.482341 329.000000 10.000000 70.000000 456.000000 0.000000 0.000000 64.521138
1 5.747898 10.000000 2.092164 0.266951 1.475099 1.144311 314.000000 10.000000 6.000000 585.000000 0.000000 0.000000 52.180365
0 77.473388 10.000000 2.468550 16.018588 13.038903 0.637622 227.000000 10.000000 91.000000 901232.000000 0.000000 0.000000 -1.000000
1 4.367139 10.000000 1.954875 0.190380 1.044454 0.605430 233.000000 10.000000 18.000000 383.000000 0.000000 0.000000 38.635380
1 8.438618 10.000000 3.574432 0.425394 2.225255 1.051774 340.000000 10.000000 6.000000 931.000000 0.000000 0.000000 45.340095
1 14.892545 10.000000 2.712588 0.689470 4.208477 4.989740 1132.000000 10.000000 84.000000 1461.000000 0.000000 0.000000 67.036361
1 6.070350 10.000000 1.989623 0.337648 1.892489 0.836472 273.000000 10.000000 176.000000 693.000000 0.000000 0.000000 49.955388
1 4.542597 10.000000 2.869977 0.125720 0.680803 0.497264 198.000000 10.000000 79.000000 341.000000 0.000000 0.000000 44.489775
1 6.219909 10.000000 2.864822 0.286956 1.498672 0.759017 181.000000 10.000000 40.000000 356.000000 0.000000 0.000000 42.307551
0 77.081899 10.000000 2.070584 8.700705 14.095139 3.620409 1043.000000 10.000000 760.000000 359991.000000 0.000000 0.000000 -1.000000
1 8.610734 10.000000 2.218133 0.438406 2.467329 2.203789 420.000000 10.000000 240.000000 766.000000 0.000000 0.000000 46.665318
