1 1.384733 1.000000 1.380933 0.002091 0.000770 -1.000000 -1.000000 -1.000000 0.000000 2.000000 -1.000000 1.000000 20.643332
1 1.359912 1.000000 1.355880 0.002079 0.000811 -1.000000 -1.000000 -1.000000 0.000000 6.000000 -1.000000 1.000000 24.263274
1 1.369002 1.000000 1.365601 0.001802 0.000658 -1.000000 -1.000000 -1.000000 0.000000 6.000000 -1.000000 1.000000 18.815160
1 1.384610 1.000000 1.379283 0.002623 0.001192 -1.000000 -1.000000 -1.000000 0.000000 1.000000 -1.000000 1.000000 38.162879
1 2.974313 1.000000 2.967047 0.003637 0.001519 -1.000000 -1.000000 -1.000000 0.000000 6.000000 -1.000000 1.000000 21.734183
1 2.241190 1.000000 2.239073 0.001222 0.000388 -1.000000 -1.000000 -1.000000 0.000000 0.000000 -1.000000 1.000000 17.071366
1 6.778296 1.000000 6.768874 0.004633 0.002137 -1.000000 -1.000000 -1.000000 0.000000 14.000000 -1.000000 1.000000 17.747348
1 1.984492 1.000000 1.980800 0.001873 0.000697 -1.000000 -1.000000 -1.000000 0.000000 0.000000 -1.000000 1.000000 18.604767
1 1.447695 1.000000 1.444170 0.001871 0.000741 -1.000000 -1.000000 -1.000000 0.000000 1.000000 -1.000000 1.000000 19.182238
1 1.614409 1.000000 1.603663 0.006051 0.002287 -1.000000 -1.000000 -1.000000 0.000000 9.000000 -1.000000 1.000000 13.330991
1 2.836094 1.000000 2.829222 0.003588 0.001700 -1.000000 -1.000000 -1.000000 0.000000 1.000000 -1.000000 1.000000 22.356867
1 2.488680 1.000000 2.466315 0.011602 0.005332 -1.000000 -1.000000 -1.000000 0.000000 105.000000 -1.000000 1.000000 22.112410
1 2.338950 1.000000 2.333810 0.002790 0.001053 -1.000000 -1.000000 -1.000000 0.000000 7.000000 -1.000000 1.000000 25.500219
1 1.375518 1.000000 1.369308 0.003219 0.001552 -1.000000 -1.000000 -1.000000 0.000000 25.000000 -1.000000 1.000000 18.183034
1 1.375320 1.000000 1.370288 0.002587 0.001058 -1.000000 -1.000000 -1.000000 0.000000 18.000000 -1.000000 1.000000 19.699088
1 3.153392 1.000000 3.145467 0.004066 0.001725 -1.000000 -1.000000 -1.000000 0.000000 8.000000 -1.000000 1.000000 17.918465
1 2.247030 1.000000 2.242676 0.002212 0.001073 -1.000000 -1.000000 -1.000000 0.000000 3.000000 -1.000000 1.000000 15.689522
1 2.005906 1.000000 1.996915 0.004779 0.002006 -1.000000 -1.000000 -1.000000 0.000000 26.000000 -1.000000 1.000000 15.023438
1 1.380261 1.000000 1.376967 0.001787 0.000629 -1.000000 -1.000000 -1.000000 0.000000 1.000000 -1.000000 1.000000 17.042580
1 2.396498 1.000000 2.383870 0.006544 0.002593 -1.000000 -1.000000 -1.000000 0.000000 18.000000 -1.000000 1.000000 21.975604
1 2.924044 1.000000 2.919932 0.002065 0.000753 -1.000000 -1.000000 -1.000000 0.000000 1.000000 -1.000000 1.000000 18.000421
1 1.700589 1.000000 1.690275 0.005176 0.002203 -1.000000 -1.000000 -1.000000 0.000000 8.000000 -1.000000 1.000000 18.193484
1 1.909189 1.000000 1.900728 0.004225 0.001893 -1.000000 -1.000000 -1.000000 0.000000 43.000000 -1.000000 1.000000 22.657708
1 1.291755 1.000000 1.289636 0.001179 0.000434 -1.000000 -1.000000 -1.000000 0.000000 0.000000 -1.000000 1.000000 17.553275
1 1.290886 1.000000 1.289209 0.000966 0.000293 -1.000000 -1.000000 -1.000000 0.000000 0.000000 -1.000000 1.000000 13.015127
1 1.371995 1.000000 1.341629 0.015243 0.006952 -1.000000 -1.000000 -1.000000 0.000000 69.000000 -1.000000 1.000000 55.632420
1 1.426382 1.000000 1.421151 0.002754 0.001095 -1.000000 -1.000000 -1.000000 0.000000 19.000000 -1.000000 1.000000 31.313523
1 1.418214 1.000000 1.415797 0.001267 0.000473 -1.000000 -1.000000 -1.000000 0.000000 0.000000 -1.000000 1.000000 21.022164
1 2.709957 1.000000 2.706342 0.002025 0.000609 -1.000000 -1.000000 -1.000000 0.000000 0.000000 -1.000000 1.000000 12.010306
1 2.688155 1.000000 2.675888 0.006302 0.003049 -1.000000 -1.000000 -1.000000 0.000000 10.000000 -1.000000 1.000000 15.887210
1 2.467857 1.000000 2.458126 0.005286 0.002128 -1.000000 -1.000000 -1.000000 0.000000 11.000000 -1.000000 1.000000 15.741056
1 1.669152 1.000000 1.664015 0.002707 0.001028 -1.000000 -1.000000 -1.000000 0.000000 6.000000 -1.000000 1.000000 16.181572
1 1.579576 1.000000 1.571667 0.004341 0.001843 -1.000000 -1.000000 -1.000000 0.000000 18.000000 -1.000000 1.000000 20.016264
1 1.613324 1.000000 1.608939 0.002361 0.000882 -1.000000 -1.000000 -1.000000 0.000000 5.000000 -1.000000 1.000000 19.570042
1 1.232513 1.000000 1.228585 0.002093 0.000848 -1.000000 -1.000000 -1.000000 0.000000 6.000000 -1.000000 1.000000 16.759597
1 1.351981 1.000000 1.349506 0.001294 0.000676 -1.000000 -1.000000 -1.000000 0.000000 6.000000 -1.000000 1.000000 13.139260
1 1.378194 1.000000 1.372982 0.002696 0.001251 -1.000000 -1.000000 -1.000000 0.000000 26.000000 -1.000000 1.000000 16.924525
1 1.992876 1.000000 1.985161 0.004167 0.001749 -1.000000 -1.000000 -1.000000 0.000000 5.000000 -1.000000 1.000000 18.241568
1 1.503683 1.000000 1.493082 0.005692 0.002248 -1.000000 -1.000000 -1.000000 0.000000 8.000000 -1.000000 1.000000 22.056153
1 2.944374 1.000000 2.931171 0.006783 0.003435 -1.000000 -1.000000 -1.000000 0.000000 35.000000 -1.000000 1.000000 18.479389
1 2.594694 1.000000 2.590191 0.002380 0.000918 -1.000000 -1.000000 -1.000000 0.000000 1.000000 -1.000000 1.000000 14.959325
1 2.358084 1.000000 2.354167 0.002063 0.000837 -1.000000 -1.000000 -1.000000 0.000000 4.000000 -1.000000 1.000000 21.212855
1 2.097759 1.000000 2.094757 0.001557 0.000530 -1.000000 -1.000000 -1.000000 0.000000 0.000000 -1.000000 1.000000 23.838581
1 2.349888 1.000000 2.346396 0.001912 0.000610 -1.000000 -1.000000 -1.000000 0.000000 0.000000 -1.000000 1.000000 13.635734
1 2.467630 1.000000 2.422107 0.024058 0.009892 -1.000000 -1.000000 -1.000000 0.000000 121.000000 -1.000000 1.000000 23.243158
1 1.860263 1.000000 1.854443 0.003052 0.001330 -1.000000 -1.000000 -1.000000 0.000000 12.000000 -1.000000 1.000000 17.112177
1 1.505088 1.000000 1.499955 0.002642 0.001070 -1.000000 -1.000000 -1.000000 0.000000 6.000000 -1.000000 1.000000 21.300371
1 1.495271 1.000000 1.491989 0.001765 0.000656 -1.000000 -1.000000 -1.000000 0.000000 1.000000 -1.000000 1.000000 14.052696
1 2.467610 1.000000 2.462235 0.002975 0.001079 -1.000000 -1.000000 -1.000000 0.000000 6.000000 -1.000000 1.000000 17.159564
1 2.078259 1.000000 2.075114 0.001705 0.000599 -1.000000 -1.000000 -1.000000 0.000000 1.000000 -1.000000 1.000000 16.413929
1 1.468415 1.000000 1.466243 0.001180 0.000410 -1.000000 -1.000000 -1.000000 0.000000 0.000000 -1.000000 1.000000 15.387106
1 1.477297 1.000000 1.467509 0.005199 0.002288 -1.000000 -1.000000 -1.000000 0.000000 13.000000 -1.000000 1.000000 21.492623
1 2.384134 1.000000 2.380679 0.001894 0.000611 -1.000000 -1.000000 -1.000000 0.000000 0.000000 -1.000000 1.000000 17.533191
1 2.642359 1.000000 2.636936 0.002749 0.001054 -1.000000 -1.000000 -1.000000 0.000000 0.000000 -1.000000 1.000000 14.755696
1 1.770533 1.000000 1.766694 0.001858 0.000817 -1.000000 -1.000000 -1.000000 0.000000 2.000000 -1.000000 1.000000 19.109295
1 1.494415 1.000000 1.491590 0.001483 0.000509 -1.000000 -1.000000 -1.000000 0.000000 1.000000 -1.000000 1.000000 18.313635
1 1.326655 1.000000 1.303251 0.012033 0.005150 -1.000000 -1.000000 -1.000000 0.000000 28.000000 -1.000000 1.000000 52.740188
1 1.583721 1.000000 1.577102 0.003321 0.001349 -1.000000 -1.000000 -1.000000 0.000000 12.000000 -1.000000 1.000000 26.113483
1 1.404414 1.000000 1.384565 0.010549 0.004084 -1.000000 -1.000000 -1.000000 0.000000 61.000000 -1.000000 1.000000 13.968059
1 1.483549 1.000000 1.481431 0.001138 0.000415 -1.000000 -1.000000 -1.000000 0.000000 0.000000 -1.000000 1.000000 15.668901
1 1.411850 2.000000 1.394170 0.009131 0.003884 -1.000000 -1.000000 -1.000000 4.000000 11.000000 -1.000000 1.000000 29.749827
1 3.302230 2.000000 3.178165 0.062773 0.028359 -1.000000 -1.000000 -1.000000 59.000000 37.000000 -1.000000 1.000000 42.642580
1 3.881421 2.000000 3.815704 0.032664 0.015150 -1.000000 -1.000000 -1.000000 9.000000 95.000000 -1.000000 1.000000 57.469664
0 47.170276 2.000000 2.099972 15.706399 6.296818 -1.000000 -1.000000 -1.000000 2236.000000 34370.000000 -1.000000 1.000000 -1.000000
1 2.225866 2.000000 2.170758 0.026039 0.013158 -1.000000 -1.000000 -1.000000 24.000000 23.000000 -1.000000 1.000000 37.577056
0 47.587145 2.000000 2.535534 6.662928 3.098049 -1.000000 -1.000000 -1.000000 11237.000000 7850.000000 -1.000000 1.000000 -1.000000
1 1.824987 2.000000 1.726923 0.046465 0.021301 -1.000000 -1.000000 -1.000000 32.000000 83.000000 -1.000000 1.000000 41.280834
0 47.167443 2.000000 1.811040 6.450314 3.179680 -1.000000 -1.000000 -1.000000 5056.000000 14204.000000 -1.000000 1.000000 -1.000000
1 1.724511 2.000000 1.654920 0.035370 0.017798 -1.000000 -1.000000 -1.000000 57.000000 334.000000 -1.000000 1.000000 36.459034
1 1.486897 2.000000 1.464253 0.011321 0.005133 -1.000000 -1.000000 -1.000000 0.000000 43.000000 -1.000000 1.000000 43.303299
1 1.851541 2.000000 1.754187 0.046985 0.021277 -1.000000 -1.000000 -1.000000 160.000000 163.000000 -1.000000 1.000000 35.110595
1 1.980619 2.000000 1.804915 0.084403 0.043716 -1.000000 -1.000000 -1.000000 50.000000 244.000000 -1.000000 1.000000 32.129411
1 1.947974 2.000000 1.490091 0.207407 0.105722 -1.000000 -1.000000 -1.000000 371.000000 293.000000 -1.000000 1.000000 28.140792
0 46.596307 2.000000 1.496531 16.568503 6.797765 -1.000000 -1.000000 -1.000000 1116.000000 33738.000000 -1.000000 1.000000 -1.000000
1 2.242322 2.000000 2.129643 0.056368 0.024964 -1.000000 -1.000000 -1.000000 134.000000 154.000000 -1.000000 1.000000 49.307324
0 46.999314 2.000000 1.981248 15.704547 6.237290 -1.000000 -1.000000 -1.000000 3573.000000 32758.000000 -1.000000 1.000000 -1.000000
0 46.386927 2.000000 1.365621 6.069813 3.207779 -1.000000 -1.000000 -1.000000 6496.000000 16028.000000 -1.000000 1.000000 -1.000000
0 46.426037 2.000000 1.417805 6.518062 3.345426 -1.000000 -1.000000 -1.000000 5975.000000 14979.000000 -1.000000 1.000000 -1.000000
0 46.959972 2.000000 1.942960 15.535052 6.373624 -1.000000 -1.000000 -1.000000 2547.000000 34632.000000 -1.000000 1.000000 -1.000000
1 10.557074 2.000000 1.429138 4.005599 1.706112 -1.000000 -1.000000 -1.000000 574.000000 6050.000000 -1.000000 1.000000 29.696409
1 1.518837 2.000000 1.407020 0.058015 0.027485 -1.000000 -1.000000 -1.000000 8.000000 190.000000 -1.000000 1.000000 62.481712
0 46.518814 2.000000 1.489201 16.366295 6.619944 -1.000000 -1.000000 -1.000000 2462.000000 29188.000000 -1.000000 1.000000 -1.000000
1 2.079389 2.000000 2.058961 0.010922 0.004489 -1.000000 -1.000000 -1.000000 0.000000 27.000000 -1.000000 1.000000 39.255933
0 46.815934 2.000000 1.811283 16.642459 6.941766 -1.000000 -1.000000 -1.000000 1886.000000 34324.000000 -1.000000 1.000000 -1.000000
0 48.424675 2.000000 3.307401 6.190878 2.964899 -1.000000 -1.000000 -1.000000 9136.000000 13426.000000 -1.000000 1.000000 -1.000000
1 2.534294 2.000000 2.492404 0.020097 0.009014 -1.000000 -1.000000 -1.000000 35.000000 17.000000 -1.000000 1.000000 38.964666
1 1.968461 2.000000 1.769695 0.090366 0.043062 -1.000000 -1.000000 -1.000000 443.000000 272.000000 -1.000000 1.000000 40.635371
0 47.168168 2.000000 1.977272 7.272346 3.824047 -1.000000 -1.000000 -1.000000 6623.000000 14734.000000 -1.000000 1.000000 -1.000000
1 1.534380 2.000000 1.436565 0.049334 0.021449 -1.000000 -1.000000 -1.000000 28.000000 112.000000 -1.000000 1.000000 50.677849
1 1.496604 2.000000 1.355602 0.069795 0.033199 -1.000000 -1.000000 -1.000000 64.000000 173.000000 -1.000000 1.000000 47.700567
1 1.697230 2.000000 1.672588 0.012713 0.005394 -1.000000 -1.000000 -1.000000 28.000000 11.000000 -1.000000 1.000000 31.504161
1 1.483844 2.000000 1.407936 0.038834 0.019170 -1.000000 -1.000000 -1.000000 101.000000 102.000000 -1.000000 1.000000 56.046762
0 46.727717 2.000000 1.474348 6.828276 3.527408 -1.000000 -1.000000 -1.000000 7600.000000 14186.000000 -1.000000 1.000000 -1.000000
0 46.875096 2.000000 1.587728 6.560473 3.598459 -1.000000 -1.000000 -1.000000 7566.000000 12179.000000 -1.000000 1.000000 -1.000000
1 2.046838 2.000000 1.959744 0.043061 0.019013 -1.000000 -1.000000 -1.000000 61.000000 96.000000 -1.000000 1.000000 46.235739
1 6.718539 2.000000 1.440695 1.910328 0.905144 -1.000000 -1.000000 -1.000000 2635.000000 5967.000000 -1.000000 1.000000 44.395327
1 1.464757 2.000000 1.435350 0.015301 0.007143 -1.000000 -1.000000 -1.000000 6.000000 49.000000 -1.000000 1.000000 42.903069
1 1.468024 2.000000 1.447232 0.010791 0.004952 -1.000000 -1.000000 -1.000000 14.000000 26.000000 -1.000000 1.000000 33.601193
1 2.052426 2.000000 1.862903 0.100274 0.043126 -1.000000 -1.000000 -1.000000 25.000000 209.000000 -1.000000 1.000000 45.897317
1 4.738702 2.000000 3.565322 0.554200 0.272226 -1.000000 -1.000000 -1.000000 390.000000 1013.000000 -1.000000 1.000000 54.025144
1 2.835882 2.000000 2.790409 0.022954 0.012408 -1.000000 -1.000000 -1.000000 12.000000 123.000000 -1.000000 1.000000 31.348838
1 2.168680 2.000000 2.027688 0.072497 0.034033 -1.000000 -1.000000 -1.000000 115.000000 103.000000 -1.000000 1.000000 39.420459
0 47.630421 2.000000 2.418571 7.108345 3.820938 -1.000000 -1.000000 -1.000000 8708.000000 15494.000000 -1.000000 1.000000 -1.000000
1 2.247413 2.000000 2.102510 0.076156 0.034709 -1.000000 -1.000000 -1.000000 226.000000 146.000000 -1.000000 1.000000 38.073539
0 48.112464 2.000000 3.055419 16.325052 6.751775 -1.000000 -1.000000 -1.000000 1341.000000 33683.000000 -1.000000 1.000000 -1.000000
1 1.278426 2.000000 1.258756 0.009624 0.004264 -1.000000 -1.000000 -1.000000 18.000000 4.000000 -1.000000 1.000000 31.582386
1 1.789106 2.000000 1.693975 0.046314 0.019702 -1.000000 -1.000000 -1.000000 25.000000 74.000000 -1.000000 1.000000 39.380341
1 1.797519 2.000000 1.710554 0.043869 0.020406 -1.000000 -1.000000 -1.000000 33.000000 83.000000 -1.000000 1.000000 40.197764
1 1.803952 2.000000 1.678764 0.061540 0.026056 -1.000000 -1.000000 -1.000000 158.000000 179.000000 -1.000000 1.000000 55.108059
1 2.663591 2.000000 2.409334 0.127240 0.059436 -1.000000 -1.000000 -1.000000 51.000000 214.000000 -1.000000 1.000000 38.675346
1 3.226847 2.000000 2.748529 0.234376 0.109786 -1.000000 -1.000000 -1.000000 190.000000 515.000000 -1.000000 1.000000 41.015975
1 1.782277 2.000000 1.758320 0.012346 0.005682 -1.000000 -1.000000 -1.000000 2.000000 37.000000 -1.000000 1.000000 32.637292
0 48.355561 2.000000 3.324824 17.486013 6.953675 -1.000000 -1.000000 -1.000000 1483.000000 33005.000000 -1.000000 1.000000 -1.000000
0 46.459509 2.000000 1.445092 6.280261 3.320087 -1.000000 -1.000000 -1.000000 9351.000000 12816.000000 -1.000000 1.000000 -1.000000
1 1.717308 2.000000 1.682846 0.017396 0.007415 -1.000000 -1.000000 -1.000000 13.000000 53.000000 -1.000000 1.000000 31.357049
0 46.414463 2.000000 1.400372 14.822333 6.051469 -1.000000 -1.000000 -1.000000 2017.000000 31414.000000 -1.000000 1.000000 -1.000000
0 47.562682 2.000000 2.318104 7.390139 4.017139 -1.000000 -1.000000 -1.000000 4880.000000 15449.000000 -1.000000 1.000000 -1.000000
0 47.477769 2.000000 2.126072 7.437057 3.759124 -1.000000 -1.000000 -1.000000 6793.000000 11565.000000 -1.000000 1.000000 -1.000000
0 48.442431 2.000000 3.363905 8.158166 4.179420 -1.000000 -1.000000 -1.000000 3949.000000 17615.000000 -1.000000 1.000000 -1.000000
0 47.109590 4.000000 1.931715 10.563573 4.490220 -1.000000 -1.000000 -1.000000 6291.000000 21063.000000 -1.000000 1.000000 -1.000000
0 46.897288 4.000000 1.871862 12.694508 5.466620 -1.000000 -1.000000 -1.000000 6564.000000 18730.000000 -1.000000 1.000000 -1.000000
0 48.544893 4.000000 3.515592 11.563628 5.202162 -1.000000 -1.000000 -1.000000 7827.000000 22481.000000 -1.000000 1.000000 -1.000000
0 47.116523 4.000000 2.054969 11.056533 4.790693 -1.000000 -1.000000 -1.000000 7989.000000 19403.000000 -1.000000 1.000000 -1.000000
1 5.576170 4.000000 1.708634 1.540348 0.673449 -1.000000 -1.000000 -1.000000 1800.000000 3919.000000 -1.000000 1.000000 52.897036
1 2.203048 4.000000 2.041799 0.084942 0.031725 -1.000000 -1.000000 -1.000000 112.000000 68.000000 -1.000000 1.000000 45.144481
0 48.208430 4.000000 3.155329 16.316092 6.679665 -1.000000 -1.000000 -1.000000 3199.000000 37126.000000 -1.000000 1.000000 -1.000000
1 2.134821 4.000000 2.004461 0.064944 0.030140 -1.000000 -1.000000 -1.000000 130.000000 163.000000 -1.000000 1.000000 36.133118
1 5.292605 4.000000 2.266889 1.446929 0.602207 -1.000000 -1.000000 -1.000000 1100.000000 1849.000000 -1.000000 1.000000 57.684411
1 2.078642 4.000000 1.809750 0.138437 0.057622 -1.000000 -1.000000 -1.000000 278.000000 313.000000 -1.000000 1.000000 41.960684
0 48.221377 4.000000 3.061994 8.792745 3.816447 -1.000000 -1.000000 -1.000000 17802.000000 11011.000000 -1.000000 1.000000 -1.000000
1 2.258860 4.000000 2.150465 0.057835 0.023123 -1.000000 -1.000000 -1.000000 9.000000 140.000000 -1.000000 1.000000 60.553967
0 48.311659 4.000000 3.022134 6.035150 2.911133 -1.000000 -1.000000 -1.000000 6520.000000 15506.000000 -1.000000 1.000000 -1.000000
0 47.000240 4.000000 1.645902 6.426893 2.527276 -1.000000 -1.000000 -1.000000 7667.000000 8308.000000 -1.000000 1.000000 -1.000000
0 46.725522 4.000000 1.608623 6.154627 3.639253 -1.000000 -1.000000 -1.000000 5748.000000 13193.000000 -1.000000 1.000000 -1.000000
0 48.751836 4.000000 3.685079 18.150231 7.802853 -1.000000 -1.000000 -1.000000 3952.000000 23057.000000 -1.000000 1.000000 -1.000000
0 51.082322 4.000000 6.081500 19.099950 7.908282 -1.000000 -1.000000 -1.000000 1091.000000 29646.000000 -1.000000 1.000000 -1.000000
0 46.530354 4.000000 1.433370 5.992507 3.078678 -1.000000 -1.000000 -1.000000 6803.000000 15934.000000 -1.000000 1.000000 -1.000000
0 46.951708 4.000000 1.839143 5.953796 3.121479 -1.000000 -1.000000 -1.000000 9311.000000 14288.000000 -1.000000 1.000000 -1.000000
1 4.112783 4.000000 3.595245 0.257058 0.119235 -1.000000 -1.000000 -1.000000 255.000000 278.000000 -1.000000 1.000000 43.121437
0 48.158210 4.000000 3.143185 15.329906 6.946763 -1.000000 -1.000000 -1.000000 3330.000000 24512.000000 -1.000000 1.000000 -1.000000
1 2.044413 4.000000 1.814491 0.114930 0.050804 -1.000000 -1.000000 -1.000000 178.000000 186.000000 -1.000000 1.000000 41.760306
1 2.535914 4.000000 2.142441 0.201800 0.079883 -1.000000 -1.000000 -1.000000 453.000000 354.000000 -1.000000 1.000000 37.812549
0 47.183430 4.000000 2.147230 6.919816 3.610662 -1.000000 -1.000000 -1.000000 5224.000000 12626.000000 -1.000000 1.000000 -1.000000
1 2.368483 4.000000 1.772750 0.306116 0.117791 -1.000000 -1.000000 -1.000000 488.000000 892.000000 -1.000000 1.000000 41.974737
0 47.965629 4.000000 2.954518 14.217093 6.251846 -1.000000 -1.000000 -1.000000 4919.000000 32983.000000 -1.000000 1.000000 -1.000000
1 2.127665 4.000000 2.039971 0.045133 0.019150 -1.000000 -1.000000 -1.000000 79.000000 48.000000 -1.000000 1.000000 39.936219
1 1.724061 4.000000 1.316982 0.202614 0.088064 -1.000000 -1.000000 -1.000000 487.000000 589.000000 -1.000000 1.000000 43.574287
0 46.837023 4.000000 1.720117 17.054122 7.532964 -1.000000 -1.000000 -1.000000 2888.000000 35365.000000 -1.000000 1.000000 -1.000000
1 20.472788 4.000000 2.069685 7.630265 3.220282 -1.000000 -1.000000 -1.000000 1857.000000 20142.000000 -1.000000 1.000000 56.324535
1 2.797104 4.000000 2.522188 0.146452 0.056307 -1.000000 -1.000000 -1.000000 169.000000 121.000000 -1.000000 1.000000 55.282097
1 5.230541 4.000000 2.528464 1.286550 0.552361 -1.000000 -1.000000 -1.000000 925.000000 3404.000000 -1.000000 1.000000 62.709820
1 2.901050 4.000000 2.708585 0.097497 0.044664 -1.000000 -1.000000 -1.000000 49.000000 159.000000 -1.000000 1.000000 40.353134
1 3.323217 4.000000 2.958380 0.184632 0.068481 -1.000000 -1.000000 -1.000000 319.000000 281.000000 -1.000000 1.000000 68.758434
0 46.913088 4.000000 1.845319 8.789463 4.522466 -1.000000 -1.000000 -1.000000 18337.000000 19607.000000 -1.000000 1.000000 -1.000000
1 3.824185 4.000000 3.591794 0.118828 0.055764 -1.000000 -1.000000 -1.000000 187.000000 106.000000 -1.000000 1.000000 51.031006
0 48.693553 4.000000 3.609704 13.372939 5.938815 -1.000000 -1.000000 -1.000000 4957.000000 18435.000000 -1.000000 1.000000 -1.000000
0 47.936947 4.000000 2.874162 15.103453 6.657159 -1.000000 -1.000000 -1.000000 3074.000000 38120.000000 -1.000000 1.000000 -1.000000
0 49.093739 4.000000 3.985958 16.143651 7.251323 -1.000000 -1.000000 -1.000000 3217.000000 32826.000000 -1.000000 1.000000 -1.000000
1 2.252487 4.000000 2.007204 0.128049 0.050310 -1.000000 -1.000000 -1.000000 283.000000 277.000000 -1.000000 1.000000 41.168029
1 2.530866 4.000000 1.736379 0.395127 0.157336 -1.000000 -1.000000 -1.000000 608.000000 806.000000 -1.000000 1.000000 43.746701
0 49.753006 4.000000 4.671736 9.780147 5.303292 -1.000000 -1.000000 -1.000000 3732.000000 14715.000000 -1.000000 1.000000 -1.000000
1 4.210624 4.000000 1.758026 1.090446 0.441476 -1.000000 -1.000000 -1.000000 1126.000000 1925.000000 -1.000000 1.000000 50.249947
0 48.963522 4.000000 3.886494 8.585413 4.206053 -1.000000 -1.000000 -1.000000 8879.000000 13968.000000 -1.000000 1.000000 -1.000000
1 3.633115 4.000000 2.848990 0.405522 0.152377 -1.000000 -1.000000 -1.000000 319.000000 422.000000 -1.000000 1.000000 45.591291
0 47.456016 4.000000 2.381781 10.963277 4.775413 -1.000000 -1.000000 -1.000000 5868.000000 18669.000000 -1.000000 1.000000 -1.000000
1 2.181802 4.000000 1.725211 0.232435 0.095599 -1.000000 -1.000000 -1.000000 458.000000 224.000000 -1.000000 1.000000 48.284995
1 3.279988 4.000000 3.129777 0.078639 0.032061 -1.000000 -1.000000 -1.000000 47.000000 106.000000 -1.000000 1.000000 51.696890
0 46.969414 4.000000 1.905557 10.037300 4.124018 -1.000000 -1.000000 -1.000000 4971.000000 22381.000000 -1.000000 1.000000 -1.000000
1 21.515705 4.000000 1.787061 8.314292 3.318042 -1.000000 -1.000000 -1.000000 1964.000000 15175.000000 -1.000000 1.000000 47.620428
1 2.576657 4.000000 2.394369 0.092500 0.039551 -1.000000 -1.000000 -1.000000 178.000000 168.000000 -1.000000 1.000000 54.903773
0 47.114288 4.000000 2.046867 15.150411 6.526910 -1.000000 -1.000000 -1.000000 3872.000000 37533.000000 -1.000000 1.000000 -1.000000
0 47.695389 4.000000 2.564006 6.804191 3.838356 -1.000000 -1.000000 -1.000000 10299.000000 14308.000000 -1.000000 1.000000 -1.000000
1 1.686672 4.000000 1.561481 0.064543 0.026698 -1.000000 -1.000000 -1.000000 106.000000 165.000000 -1.000000 1.000000 40.602745
1 2.628099 4.000000 2.425825 0.095981 0.039628 -1.000000 -1.000000 -1.000000 230.000000 152.000000 -1.000000 1.000000 47.051519
0 47.220364 4.000000 1.985642 6.745823 3.688783 -1.000000 -1.000000 -1.000000 3608.000000 14764.000000 -1.000000 1.000000 -1.000000
1 2.621488 4.000000 1.865811 0.356695 0.175335 -1.000000 -1.000000 -1.000000 800.000000 826.000000 -1.000000 1.000000 60.376679
0 47.593550 4.000000 2.434335 8.910270 4.935618 -1.000000 -1.000000 -1.000000 2753.000000 18722.000000 -1.000000 1.000000 -1.000000
0 47.133827 4.000000 2.121570 8.458233 4.501581 -1.000000 -1.000000 -1.000000 6711.000000 16292.000000 -1.000000 1.000000 -1.000000
1 36.187519 6.000000 16.959406 7.457041 3.375589 -1.000000 -1.000000 -1.000000 3704.000000 11440.000000 -1.000000 1.000000 55.347620
1 3.217710 6.000000 1.576008 0.779428 0.364802 -1.000000 -1.000000 -1.000000 898.000000 2048.000000 -1.000000 1.000000 53.959136
0 46.986410 6.000000 1.674275 5.283343 2.918278 -1.000000 -1.000000 -1.000000 4526.000000 18398.000000 -1.000000 1.000000 -1.000000
0 48.266281 6.000000 3.191031 6.935978 3.916676 -1.000000 -1.000000 -1.000000 8792.000000 16500.000000 -1.000000 1.000000 -1.000000
0 47.883041 6.000000 2.572887 6.105656 3.212758 -1.000000 -1.000000 -1.000000 9238.000000 9894.000000 -1.000000 1.000000 -1.000000
1 2.932795 6.000000 2.373982 0.295359 0.116455 -1.000000 -1.000000 -1.000000 190.000000 309.000000 -1.000000 1.000000 61.361942
0 60.677287 6.000000 15.675617 10.297928 5.313654 -1.000000 -1.000000 -1.000000 5698.000000 17743.000000 -1.000000 1.000000 -1.000000
0 46.621576 6.000000 1.573361 5.498873 2.968848 -1.000000 -1.000000 -1.000000 8375.000000 13206.000000 -1.000000 1.000000 -1.000000
0 46.929107 6.000000 1.780586 6.331145 3.539419 -1.000000 -1.000000 -1.000000 6594.000000 11326.000000 -1.000000 1.000000 -1.000000
0 47.216930 6.000000 2.050690 11.440889 5.478166 -1.000000 -1.000000 -1.000000 4084.000000 22335.000000 -1.000000 1.000000 -1.000000
0 47.845387 6.000000 2.684179 8.973441 5.115908 -1.000000 -1.000000 -1.000000 4150.000000 17858.000000 -1.000000 1.000000 -1.000000
0 47.859471 6.000000 2.664152 11.287167 5.450348 -1.000000 -1.000000 -1.000000 3266.000000 24309.000000 -1.000000 1.000000 -1.000000
0 46.903195 6.000000 1.678797 10.764988 5.188980 -1.000000 -1.000000 -1.000000 5016.000000 21740.000000 -1.000000 1.000000 -1.000000
1 3.928777 6.000000 2.052088 0.883121 0.392596 -1.000000 -1.000000 -1.000000 865.000000 1752.000000 -1.000000 1.000000 83.316446
0 47.423551 6.000000 2.420312 10.151939 4.964441 -1.000000 -1.000000 -1.000000 5558.000000 23563.000000 -1.000000 1.000000 -1.000000
0 46.972564 6.000000 1.702410 5.852772 3.270908 -1.000000 -1.000000 -1.000000 8168.000000 15259.000000 -1.000000 1.000000 -1.000000
0 47.040312 6.000000 1.981742 5.390089 3.043006 -1.000000 -1.000000 -1.000000 7513.000000 16266.000000 -1.000000 1.000000 -1.000000
0 47.086054 6.000000 1.944708 9.943306 4.411073 -1.000000 -1.000000 -1.000000 4999.000000 22521.000000 -1.000000 1.000000 -1.000000
1 5.202309 6.000000 1.839397 1.598302 0.669360 -1.000000 -1.000000 -1.000000 1038.000000 3650.000000 -1.000000 1.000000 58.744781
0 46.644745 6.000000 1.640715 15.707352 6.943585 -1.000000 -1.000000 -1.000000 4412.000000 29941.000000 -1.000000 1.000000 -1.000000
1 10.482482 6.000000 2.874505 2.613818 1.424230 -1.000000 -1.000000 -1.000000 4889.000000 8504.000000 -1.000000 1.000000 63.701652
1 1.994632 6.000000 1.903266 0.046481 0.020583 -1.000000 -1.000000 -1.000000 35.000000 146.000000 -1.000000 1.000000 51.211183
1 2.221935 6.000000 1.719111 0.263927 0.099195 -1.000000 -1.000000 -1.000000 236.000000 560.000000 -1.000000 1.000000 62.732250
1 1.791593 6.000000 1.663054 0.066572 0.026550 -1.000000 -1.000000 -1.000000 90.000000 207.000000 -1.000000 1.000000 42.958120
0 46.779897 6.000000 1.679326 7.208923 4.099357 -1.000000 -1.000000 -1.000000 3313.000000 15591.000000 -1.000000 1.000000 -1.000000
0 46.915378 6.000000 1.599654 8.858370 4.350727 -1.000000 -1.000000 -1.000000 5522.000000 22291.000000 -1.000000 1.000000 -1.000000
0 46.865352 6.000000 1.766757 10.671476 4.647366 -1.000000 -1.000000 -1.000000 3876.000000 20941.000000 -1.000000 1.000000 -1.000000
0 47.556823 6.000000 2.489074 18.532546 7.913008 -1.000000 -1.000000 -1.000000 2160.000000 35852.000000 -1.000000 1.000000 -1.000000
0 46.766781 6.000000 1.579952 11.377160 5.298676 -1.000000 -1.000000 -1.000000 6375.000000 25637.000000 -1.000000 1.000000 -1.000000
0 47.960200 6.000000 2.854282 18.605266 8.569579 -1.000000 -1.000000 -1.000000 2803.000000 29280.000000 -1.000000 1.000000 -1.000000
0 49.621268 6.000000 4.474958 13.366069 5.976599 -1.000000 -1.000000 -1.000000 5405.000000 25351.000000 -1.000000 1.000000 -1.000000
0 49.107229 6.000000 4.046606 16.523059 7.697939 -1.000000 -1.000000 -1.000000 3246.000000 33317.000000 -1.000000 1.000000 -1.000000
0 47.141250 6.000000 2.046431 16.061259 7.495795 -1.000000 -1.000000 -1.000000 5755.000000 29031.000000 -1.000000 1.000000 -1.000000
0 46.875436 6.000000 1.855536 8.192668 4.316688 -1.000000 -1.000000 -1.000000 9557.000000 28929.000000 -1.000000 1.000000 -1.000000
0 48.553484 6.000000 3.509318 7.613499 4.040958 -1.000000 -1.000000 -1.000000 4942.000000 12852.000000 -1.000000 1.000000 -1.000000
0 47.203001 6.000000 2.000543 15.919342 7.047978 -1.000000 -1.000000 -1.000000 2940.000000 31450.000000 -1.000000 1.000000 -1.000000
1 4.182097 6.000000 3.684787 0.246608 0.110076 -1.000000 -1.000000 -1.000000 339.000000 456.000000 -1.000000 1.000000 49.155210
1 2.910990 6.000000 1.703752 0.566670 0.256917 -1.000000 -1.000000 -1.000000 1597.000000 1180.000000 -1.000000 1.000000 41.882938
0 47.228536 6.000000 1.989140 10.029519 4.417809 -1.000000 -1.000000 -1.000000 6207.000000 18505.000000 -1.000000 1.000000 -1.000000
1 2.261121 6.000000 1.767297 0.255321 0.104270 -1.000000 -1.000000 -1.000000 321.000000 483.000000 -1.000000 1.000000 54.492911
0 48.273820 6.000000 3.077110 10.760630 4.890244 -1.000000 -1.000000 -1.000000 2835.000000 22839.000000 -1.000000 1.000000 -1.000000
0 46.892448 6.000000 1.851187 10.249220 4.589642 -1.000000 -1.000000 -1.000000 6493.000000 20303.000000 -1.000000 1.000000 -1.000000
1 20.240279 6.000000 3.615933 7.475409 3.092241 -1.000000 -1.000000 -1.000000 2137.000000 10770.000000 -1.000000 1.000000 53.519001
0 47.352080 6.000000 2.171674 17.143678 7.994665 -1.000000 -1.000000 -1.000000 3339.000000 33769.000000 -1.000000 1.000000 -1.000000
0 48.218758 6.000000 3.126283 11.810319 5.673425 -1.000000 -1.000000 -1.000000 5322.000000 15610.000000 -1.000000 1.000000 -1.000000
1 2.620781 6.000000 2.014002 0.303595 0.124797 -1.000000 -1.000000 -1.000000 302.000000 497.000000 -1.000000 1.000000 67.306297
0 47.030053 6.000000 1.999336 14.445552 6.458243 -1.000000 -1.000000 -1.000000 3620.000000 36768.000000 -1.000000 1.000000 -1.000000
1 34.136765 6.000000 1.677859 12.642688 5.515463 -1.000000 -1.000000 -1.000000 1614.000000 22515.000000 -1.000000 1.000000 57.455358
0 48.127440 6.000000 3.117735 12.392548 5.835548 -1.000000 -1.000000 -1.000000 3304.000000 15337.000000 -1.000000 1.000000 -1.000000
0 47.546177 6.000000 2.492354 10.470602 4.885050 -1.000000 -1.000000 -1.000000 7121.000000 24653.000000 -1.000000 1.000000 -1.000000
0 47.062704 6.000000 1.949833 10.691592 4.936916 -1.000000 -1.000000 -1.000000 4190.000000 21735.000000 -1.000000 1.000000 -1.000000
1 34.243772 6.000000 2.492679 7.557996 4.088843 -1.000000 -1.000000 -1.000000 5963.000000 18912.000000 -1.000000 1.000000 55.779916
0 46.867630 6.000000 1.769274 9.765280 4.477383 -1.000000 -1.000000 -1.000000 7256.000000 20374.000000 -1.000000 1.000000 -1.000000
1 2.003341 6.000000 1.591777 0.199467 0.097440 -1.000000 -1.000000 -1.000000 502.000000 547.000000 -1.000000 1.000000 53.841985
0 46.797773 6.000000 1.624168 8.844660 4.217324 -1.000000 -1.000000 -1.000000 7496.000000 18290.000000 -1.000000 1.000000 -1.000000
1 1.744841 6.000000 1.659883 0.044307 0.018427 -1.000000 -1.000000 -1.000000 36.000000 120.000000 -1.000000 1.000000 45.406684
0 46.788736 6.000000 1.717915 11.096872 4.865236 -1.000000 -1.000000 -1.000000 3438.000000 17262.000000 -1.000000 1.000000 -1.000000
1 6.081360 6.000000 3.072024 1.415464 0.671199 -1.000000 -1.000000 -1.000000 1152.000000 2323.000000 -1.000000 1.000000 47.077482
1 3.720073 8.000000 3.111924 0.316758 0.130482 -1.000000 -1.000000 -1.000000 258.000000 370.000000 -1.000000 1.000000 49.552218
0 49.223641 8.000000 4.067774 12.408878 5.868824 -1.000000 -1.000000 -1.000000 4182.000000 24704.000000 -1.000000 1.000000 -1.000000
1 2.223528 8.000000 1.835080 0.196208 0.085494 -1.000000 -1.000000 -1.000000 682.000000 689.000000 -1.000000 1.000000 54.388970
0 46.597788 8.000000 1.569791 9.471766 4.521448 -1.000000 -1.000000 -1.000000 3722.000000 21119.000000 -1.000000 1.000000 -1.000000
0 48.169293 8.000000 3.072106 10.628011 5.372081 -1.000000 -1.000000 -1.000000 4174.000000 19120.000000 -1.000000 1.000000 -1.000000
0 47.507097 8.000000 2.420185 8.792164 4.486135 -1.000000 -1.000000 -1.000000 7480.000000 20935.000000 -1.000000 1.000000 -1.000000
0 46.863578 8.000000 1.690433 10.706562 5.203786 -1.000000 -1.000000 -1.000000 6098.000000 19963.000000 -1.000000 1.000000 -1.000000
0 46.991657 8.000000 1.888276 11.084017 5.636273 -1.000000 -1.000000 -1.000000 3836.000000 18639.000000 -1.000000 1.000000 -1.000000
1 3.534446 8.000000 3.107228 0.216912 0.100312 -1.000000 -1.000000 -1.000000 40.000000 468.000000 -1.000000 1.000000 51.381754
0 48.706168 8.000000 3.641246 16.642493 7.428452 -1.000000 -1.000000 -1.000000 3734.000000 34536.000000 -1.000000 1.000000 -1.000000
0 51.643362 8.000000 6.562107 16.180582 7.425436 -1.000000 -1.000000 -1.000000 5550.000000 17110.000000 -1.000000 1.000000 -1.000000
1 1.735386 8.000000 1.542548 0.099573 0.043040 -1.000000 -1.000000 -1.000000 89.000000 269.000000 -1.000000 1.000000 50.138338
1 2.706278 8.000000 2.167930 0.263284 0.129720 -1.000000 -1.000000 -1.000000 279.000000 771.000000 -1.000000 1.000000 52.269991
0 46.783337 8.000000 1.686623 9.425353 4.184777 -1.000000 -1.000000 -1.000000 3738.000000 21479.000000 -1.000000 1.000000 -1.000000
0 46.947943 8.000000 1.834380 15.333090 6.721321 -1.000000 -1.000000 -1.000000 3095.000000 36124.000000 -1.000000 1.000000 -1.000000
0 48.081628 8.000000 2.982380 10.542032 5.320396 -1.000000 -1.000000 -1.000000 5058.000000 21084.000000 -1.000000 1.000000 -1.000000
0 48.450960 8.000000 3.388502 10.999376 5.112550 -1.000000 -1.000000 -1.000000 5842.000000 23488.000000 -1.000000 1.000000 -1.000000
0 47.527087 8.000000 2.316468 9.153324 5.467823 -1.000000 -1.000000 -1.000000 6796.000000 10244.000000 -1.000000 1.000000 -1.000000
1 4.249292 8.000000 2.218192 0.940541 0.435789 -1.000000 -1.000000 -1.000000 1109.000000 2523.000000 -1.000000 1.000000 52.476895
1 3.343467 8.000000 1.612256 0.813237 0.351655 -1.000000 -1.000000 -1.000000 746.000000 2468.000000 -1.000000 1.000000 58.393069
1 2.003330 8.000000 1.760994 0.124136 0.053159 -1.000000 -1.000000 -1.000000 99.000000 398.000000 -1.000000 1.000000 51.577172
0 47.223130 8.000000 2.074673 11.850496 5.970952 -1.000000 -1.000000 -1.000000 4698.000000 20079.000000 -1.000000 1.000000 -1.000000
0 46.878346 8.000000 1.766022 11.101653 5.051401 -1.000000 -1.000000 -1.000000 4756.000000 18220.000000 -1.000000 1.000000 -1.000000
0 46.870143 8.000000 1.682611 9.017919 4.678590 -1.000000 -1.000000 -1.000000 5385.000000 22994.000000 -1.000000 1.000000 -1.000000
0 47.621129 8.000000 2.385204 5.823778 3.605250 -1.000000 -1.000000 -1.000000 10108.000000 15386.000000 -1.000000 1.000000 -1.000000
1 2.905346 8.000000 2.665776 0.120371 0.048300 -1.000000 -1.000000 -1.000000 38.000000 160.000000 -1.000000 1.000000 52.609606
0 47.920067 8.000000 2.650425 8.122641 4.123718 -1.000000 -1.000000 -1.000000 4514.000000 14973.000000 -1.000000 1.000000 -1.000000
0 46.929789 8.000000 1.758083 10.482725 5.274540 -1.000000 -1.000000 -1.000000 3724.000000 22232.000000 -1.000000 1.000000 -1.000000
0 46.974441 8.000000 1.911958 6.827202 3.964919 -1.000000 -1.000000 -1.000000 5883.000000 14497.000000 -1.000000 1.000000 -1.000000
0 48.745182 8.000000 3.600421 12.406165 5.788395 -1.000000 -1.000000 -1.000000 6880.000000 25391.000000 -1.000000 1.000000 -1.000000
0 46.711529 8.000000 1.588645 16.132548 7.367864 -1.000000 -1.000000 -1.000000 2963.000000 39935.000000 -1.000000 1.000000 -1.000000
0 48.334006 8.000000 3.145972 9.464746 4.579188 -1.000000 -1.000000 -1.000000 4038.000000 21651.000000 -1.000000 1.000000 -1.000000
0 46.771629 8.000000 1.756625 11.070231 5.346215 -1.000000 -1.000000 -1.000000 6949.000000 18417.000000 -1.000000 1.000000 -1.000000
0 47.880043 8.000000 2.693026 16.201183 7.693106 -1.000000 -1.000000 -1.000000 6550.000000 33543.000000 -1.000000 1.000000 -1.000000
0 48.876559 8.000000 3.719760 13.052291 6.489476 -1.000000 -1.000000 -1.000000 4725.000000 24157.000000 -1.000000 1.000000 -1.000000
0 46.759086 8.000000 1.599882 11.977274 5.768160 -1.000000 -1.000000 -1.000000 9692.000000 32329.000000 -1.000000 1.000000 -1.000000
0 47.702683 8.000000 2.593784 10.425388 5.029868 -1.000000 -1.000000 -1.000000 10506.000000 18365.000000 -1.000000 1.000000 -1.000000
1 4.364053 8.000000 2.240970 1.036749 0.502880 -1.000000 -1.000000 -1.000000 422.000000 1253.000000 -1.000000 1.000000 52.729844
0 48.947506 8.000000 3.857574 13.201374 6.399644 -1.000000 -1.000000 -1.000000 7329.000000 25965.000000 -1.000000 1.000000 -1.000000
1 2.699916 8.000000 2.554112 0.073353 0.030106 -1.000000 -1.000000 -1.000000 39.000000 184.000000 -1.000000 1.000000 55.738166
1 2.331815 8.000000 2.007839 0.170933 0.071502 -1.000000 -1.000000 -1.000000 97.000000 238.000000 -1.000000 1.000000 50.320557
0 48.261397 8.000000 3.075196 6.443029 3.829082 -1.000000 -1.000000 -1.000000 10332.000000 11327.000000 -1.000000 1.000000 -1.000000
1 15.907548 8.000000 1.643949 5.550483 2.317349 -1.000000 -1.000000 -1.000000 3082.000000 9362.000000 -1.000000 1.000000 54.133518
0 47.499186 8.000000 2.365635 9.866233 5.033311 -1.000000 -1.000000 -1.000000 6128.000000 13882.000000 -1.000000 1.000000 -1.000000
0 46.670699 8.000000 1.616358 10.264508 4.942298 -1.000000 -1.000000 -1.000000 5521.000000 20827.000000 -1.000000 1.000000 -1.000000
1 4.890012 8.000000 3.655540 0.624208 0.259116 -1.000000 -1.000000 -1.000000 643.000000 1111.000000 -1.000000 1.000000 49.859664
1 14.894225 8.000000 1.997128 4.929446 2.410309 -1.000000 -1.000000 -1.000000 3452.000000 10300.000000 -1.000000 1.000000 50.278972
0 46.641738 8.000000 1.588714 9.842888 4.653186 -1.000000 -1.000000 -1.000000 4370.000000 21402.000000 -1.000000 1.000000 -1.000000
1 15.312854 8.000000 2.032601 5.244246 2.338194 -1.000000 -1.000000 -1.000000 5948.000000 6448.000000 -1.000000 1.000000 63.737978
0 47.191856 8.000000 2.037019 10.878874 5.081360 -1.000000 -1.000000 -1.000000 6131.000000 22022.000000 -1.000000 1.000000 -1.000000
0 46.929193 8.000000 1.748127 11.157492 5.583679 -1.000000 -1.000000 -1.000000 4067.000000 22540.000000 -1.000000 1.000000 -1.000000
0 46.657527 8.000000 1.619473 6.237932 3.757533 -1.000000 -1.000000 -1.000000 5721.000000 12672.000000 -1.000000 1.000000 -1.000000
0 46.837761 8.000000 1.609438 10.676285 5.347879 -1.000000 -1.000000 -1.000000 6224.000000 20232.000000 -1.000000 1.000000 -1.000000
0 46.812530 8.000000 1.620060 10.304253 4.538670 -1.000000 -1.000000 -1.000000 10155.000000 14038.000000 -1.000000 1.000000 -1.000000
0 49.276735 8.000000 4.063225 14.365215 7.064412 -1.000000 -1.000000 -1.000000 2805.000000 17925.000000 -1.000000 1.000000 -1.000000
0 48.772055 8.000000 3.702209 15.395606 7.175332 -1.000000 -1.000000 -1.000000 5490.000000 24163.000000 -1.000000 1.000000 -1.000000
1 2.435867 8.000000 2.031420 0.207142 0.086085 -1.000000 -1.000000 -1.000000 204.000000 414.000000 -1.000000 1.000000 42.013679
0 47.026080 8.000000 1.918809 5.799766 3.862317 -1.000000 -1.000000 -1.000000 9881.000000 15911.000000 -1.000000 1.000000 -1.000000
0 48.865484 10.000000 3.679114 15.589598 7.924009 -1.000000 -1.000000 -1.000000 4326.000000 20075.000000 -1.000000 1.000000 -1.000000
0 48.792177 10.000000 3.613777 12.259917 6.481458 -1.000000 -1.000000 -1.000000 4145.000000 22506.000000 -1.000000 1.000000 -1.000000
0 47.394924 10.000000 2.377288 11.371511 5.974278 -1.000000 -1.000000 -1.000000 5146.000000 28093.000000 -1.000000 1.000000 -1.000000
1 23.606767 10.000000 1.945202 8.529817 4.092597 -1.000000 -1.000000 -1.000000 3194.000000 16909.000000 -1.000000 1.000000 57.097186
0 49.330038 10.000000 4.189050 18.655693 8.901220 -1.000000 -1.000000 -1.000000 2078.000000 23192.000000 -1.000000 1.000000 -1.000000
0 48.809568 10.000000 3.710894 12.114467 5.701211 -1.000000 -1.000000 -1.000000 7146.000000 20477.000000 -1.000000 1.000000 -1.000000
0 46.633603 10.000000 1.586538 9.850798 4.754622 -1.000000 -1.000000 -1.000000 4379.000000 20280.000000 -1.000000 1.000000 -1.000000
0 47.043947 10.000000 2.024326 13.553100 6.994803 -1.000000 -1.000000 -1.000000 7680.000000 25463.000000 -1.000000 1.000000 -1.000000
0 47.345736 10.000000 2.068967 7.539593 4.461837 -1.000000 -1.000000 -1.000000 7029.000000 15909.000000 -1.000000 1.000000 -1.000000
0 47.052116 10.000000 1.944146 11.037906 5.183314 -1.000000 -1.000000 -1.000000 6182.000000 21635.000000 -1.000000 1.000000 -1.000000
0 47.217318 10.000000 2.059702 10.696358 4.891081 -1.000000 -1.000000 -1.000000 6545.000000 19333.000000 -1.000000 1.000000 -1.000000
0 46.768563 10.000000 1.596403 10.552113 4.971262 -1.000000 -1.000000 -1.000000 5235.000000 19186.000000 -1.000000 1.000000 -1.000000
0 47.251521 10.000000 2.105044 11.349287 6.133698 -1.000000 -1.000000 -1.000000 3478.000000 20236.000000 -1.000000 1.000000 -1.000000
0 47.291947 10.000000 2.282835 6.001285 3.548184 -1.000000 -1.000000 -1.000000 10065.000000 12172.000000 -1.000000 1.000000 -1.000000
0 46.914725 10.000000 1.732515 9.991175 4.856859 -1.000000 -1.000000 -1.000000 8443.000000 21484.000000 -1.000000 1.000000 -1.000000
1 3.222961 10.000000 1.951065 0.622305 0.285492 -1.000000 -1.000000 -1.000000 488.000000 1888.000000 -1.000000 1.000000 48.444275
0 48.707864 10.000000 3.559876 11.843546 6.226836 -1.000000 -1.000000 -1.000000 6403.000000 22335.000000 -1.000000 1.000000 -1.000000
1 2.700267 10.000000 2.121940 0.290750 0.124723 -1.000000 -1.000000 -1.000000 713.000000 617.000000 -1.000000 1.000000 43.699672
1 3.482010 10.000000 2.976276 0.256780 0.114978 -1.000000 -1.000000 -1.000000 73.000000 413.000000 -1.000000 1.000000 54.306206
0 49.121290 10.000000 3.965776 12.932067 7.261606 -1.000000 -1.000000 -1.000000 7805.000000 22515.000000 -1.000000 1.000000 -1.000000
0 46.893662 10.000000 1.748222 9.560115 4.631879 -1.000000 -1.000000 -1.000000 4455.000000 22268.000000 -1.000000 1.000000 -1.000000
0 47.240541 10.000000 2.233990 8.458100 5.330256 -1.000000 -1.000000 -1.000000 3739.000000 16149.000000 -1.000000 1.000000 -1.000000
0 48.764570 10.000000 3.640930 8.766556 5.321586 -1.000000 -1.000000 -1.000000 5866.000000 17805.000000 -1.000000 1.000000 -1.000000
0 48.133963 10.000000 3.049061 9.021606 5.025008 -1.000000 -1.000000 -1.000000 6734.000000 15536.000000 -1.000000 1.000000 -1.000000
0 46.807268 10.000000 1.700138 8.676060 3.747816 -1.000000 -1.000000 -1.000000 7039.000000 18596.000000 -1.000000 1.000000 -1.000000
0 48.320363 10.000000 3.203772 12.163147 6.301254 -1.000000 -1.000000 -1.000000 4762.000000 23331.000000 -1.000000 1.000000 -1.000000
0 47.407120 10.000000 2.356877 10.605957 5.209730 -1.000000 -1.000000 -1.000000 9651.000000 25441.000000 -1.000000 1.000000 -1.000000
1 2.680530 10.000000 1.897323 0.398057 0.190135 -1.000000 -1.000000 -1.000000 367.000000 545.000000 -1.000000 1.000000 44.273607
0 49.135594 10.000000 4.009479 11.205369 5.710211 -1.000000 -1.000000 -1.000000 5159.000000 20832.000000 -1.000000 1.000000 -1.000000
1 2.097534 10.000000 1.716164 0.194860 0.090095 -1.000000 -1.000000 -1.000000 184.000000 784.000000 -1.000000 1.000000 58.911463
0 47.287578 10.000000 2.118846 12.182052 5.600869 -1.000000 -1.000000 -1.000000 7583.000000 17109.000000 -1.000000 1.000000 -1.000000
0 48.688098 10.000000 3.636670 7.174083 4.256520 -1.000000 -1.000000 -1.000000 8374.000000 9599.000000 -1.000000 1.000000 -1.000000
0 48.939303 10.000000 3.737178 12.914477 6.639180 -1.000000 -1.000000 -1.000000 7360.000000 19933.000000 -1.000000 1.000000 -1.000000
0 48.072213 10.000000 3.004073 10.221909 5.086356 -1.000000 -1.000000 -1.000000 7123.000000 22193.000000 -1.000000 1.000000 -1.000000
0 47.028501 10.000000 1.881062 10.361804 5.571642 -1.000000 -1.000000 -1.000000 7550.000000 20852.000000 -1.000000 1.000000 -1.000000
1 2.377754 10.000000 2.123917 0.127930 0.061181 -1.000000 -1.000000 -1.000000 162.000000 336.000000 -1.000000 1.000000 50.338017
0 49.256361 10.000000 4.215953 11.892634 5.437715 -1.000000 -1.000000 -1.000000 5004.000000 20814.000000 -1.000000 1.000000 -1.000000
1 1.971457 10.000000 1.569578 0.205095 0.087444 -1.000000 -1.000000 -1.000000 296.000000 450.000000 -1.000000 1.000000 43.225063
1 3.324453 10.000000 1.951741 0.661155 0.320214 -1.000000 -1.000000 -1.000000 1033.000000 2666.000000 -1.000000 1.000000 53.297085
0 47.002901 10.000000 1.959503 15.779368 7.232312 -1.000000 -1.000000 -1.000000 3819.000000 36021.000000 -1.000000 1.000000 -1.000000
0 48.449390 10.000000 3.275269 11.461796 5.922445 -1.000000 -1.000000 -1.000000 4163.000000 21607.000000 -1.000000 1.000000 -1.000000
1 2.271452 10.000000 1.953920 0.160025 0.072049 -1.000000 -1.000000 -1.000000 173.000000 362.000000 -1.000000 1.000000 46.622473
1 8.013461 10.000000 2.105177 2.703176 1.341751 -1.000000 -1.000000 -1.000000 2714.000000 6490.000000 -1.000000 1.000000 52.050961
1 3.126071 10.000000 2.597878 0.263397 0.113651 -1.000000 -1.000000 -1.000000 97.000000 283.000000 -1.000000 1.000000 56.051782
1 4.426379 10.000000 3.557531 0.438945 0.199218 -1.000000 -1.000000 -1.000000 368.000000 682.000000 -1.000000 1.000000 48.954734
0 48.760630 10.000000 3.678983 9.434767 5.358545 -1.000000 -1.000000 -1.000000 4340.000000 8267.000000 -1.000000 1.000000 -1.000000
0 48.706134 10.000000 3.630965 7.667377 4.513794 -1.000000 -1.000000 -1.000000 6008.000000 12967.000000 -1.000000 1.000000 -1.000000
0 46.971012 10.000000 1.878229 13.015936 6.100215 -1.000000 -1.000000 -1.000000 4062.000000 31071.000000 -1.000000 1.000000 -1.000000
0 48.345246 10.000000 3.173693 12.037587 5.574244 -1.000000 -1.000000 -1.000000 3633.000000 25649.000000 -1.000000 1.000000 -1.000000
1 1.951854 10.000000 1.709800 0.124039 0.056677 -1.000000 -1.000000 -1.000000 236.000000 325.000000 -1.000000 1.000000 43.083383
0 50.868087 10.000000 5.758691 9.156415 4.985469 -1.000000 -1.000000 -1.000000 6140.000000 17189.000000 -1.000000 1.000000 -1.000000
1 4.074408 10.000000 3.178666 0.455882 0.199430 -1.000000 -1.000000 -1.000000 420.000000 601.000000 -1.000000 1.000000 46.848803
0 47.128118 10.000000 1.974615 6.281471 3.538226 -1.000000 -1.000000 -1.000000 13301.000000 13754.000000 -1.000000 1.000000 -1.000000
0 46.897536 10.000000 1.891677 14.101282 7.183152 -1.000000 -1.000000 -1.000000 6869.000000 28809.000000 -1.000000 1.000000 -1.000000
0 47.368156 10.000000 2.138591 7.258571 4.356630 -1.000000 -1.000000 -1.000000 7556.000000 11252.000000 -1.000000 1.000000 -1.000000
