1 1.684721 1.000000 1.683052 0.000177 0.000927 0.000059 5.000000 0.000000 0.000000 1.000000 2.000000 0.000000 17.092088
1 1.645860 1.000000 1.644014 0.000205 0.000909 0.000078 4.000000 0.000000 0.000000 1.000000 2.000000 0.000000 16.982390
1 1.670952 1.000000 1.668679 0.000268 0.001289 0.000043 4.000000 0.000000 0.000000 8.000000 2.000000 0.000000 22.161463
1 1.592746 1.000000 1.591036 0.000152 0.001131 0.000032 3.000000 0.000000 0.000000 12.000000 2.000000 0.000000 13.518922
1 1.634559 1.000000 1.633508 0.000126 0.000484 0.000047 4.000000 0.000000 0.000000 0.000000 2.000000 0.000000 15.231398
1 1.666826 1.000000 1.665356 0.000138 0.000829 0.000053 4.000000 0.000000 0.000000 0.000000 2.000000 0.000000 17.747090
1 1.780879 1.000000 1.778657 0.000239 0.001107 0.000050 4.000000 0.000000 0.000000 7.000000 2.000000 0.000000 14.368107
1 1.750614 1.000000 1.749686 0.000119 0.000444 0.000049 4.000000 0.000000 0.000000 0.000000 2.000000 0.000000 13.568408
1 1.782869 1.000000 1.781679 0.000157 0.000580 0.000052 4.000000 0.000000 0.000000 0.000000 2.000000 0.000000 13.020858
1 1.931170 1.000000 1.930047 0.000143 0.000530 0.000036 3.000000 0.000000 0.000000 0.000000 2.000000 0.000000 16.666714
1 1.704384 1.000000 1.703148 0.000157 0.000543 0.000061 4.000000 0.000000 0.000000 0.000000 2.000000 0.000000 14.665029
1 2.177327 1.000000 2.176297 0.000130 0.000494 0.000044 3.000000 0.000000 0.000000 0.000000 2.000000 0.000000 12.250772
1 1.799340 1.000000 1.797296 0.000196 0.001178 0.000044 4.000000 0.000000 0.000000 16.000000 2.000000 0.000000 13.281428
1 1.767659 1.000000 1.766512 0.000151 0.000552 0.000059 5.000000 0.000000 0.000000 0.000000 2.000000 0.000000 18.385139
1 1.710425 1.000000 1.705847 0.000564 0.002280 0.000044 4.000000 0.000000 0.000000 19.000000 2.000000 0.000000 15.877337
1 1.762258 1.000000 1.759156 0.000351 0.001665 0.000052 4.000000 0.000000 0.000000 9.000000 2.000000 0.000000 19.076526
1 1.788890 1.000000 1.787520 0.000153 0.000726 0.000056 4.000000 0.000000 0.000000 0.000000 2.000000 0.000000 16.882641
1 1.940011 1.000000 1.938642 0.000154 0.000652 0.000052 4.000000 0.000000 0.000000 0.000000 2.000000 0.000000 15.614009
1 1.915169 1.000000 1.913406 0.000230 0.000892 0.000044 4.000000 0.000000 0.000000 4.000000 2.000000 0.000000 17.321701
1 1.845696 1.000000 1.844132 0.000205 0.000746 0.000072 5.000000 0.000000 0.000000 0.000000 2.000000 0.000000 17.007328
1 1.867289 1.000000 1.865885 0.000170 0.000672 0.000048 4.000000 0.000000 0.000000 0.000000 2.000000 0.000000 19.240678
1 1.899154 1.000000 1.897867 0.000161 0.000588 0.000060 4.000000 0.000000 0.000000 0.000000 2.000000 0.000000 15.355786
1 2.008668 1.000000 2.007443 0.000161 0.000584 0.000035 3.000000 0.000000 0.000000 0.000000 2.000000 0.000000 13.423556
1 1.848581 1.000000 1.847481 0.000137 0.000518 0.000042 4.000000 0.000000 0.000000 0.000000 2.000000 0.000000 15.032074
1 1.855085 1.000000 1.853479 0.000172 0.000761 0.000051 4.000000 0.000000 0.000000 0.000000 2.000000 0.000000 16.203888
1 1.761819 1.000000 1.759259 0.000297 0.001213 0.000054 4.000000 0.000000 0.000000 2.000000 2.000000 0.000000 14.639789
1 1.821534 1.000000 1.820494 0.000126 0.000494 0.000049 4.000000 0.000000 0.000000 0.000000 2.000000 0.000000 14.395511
1 1.826652 1.000000 1.825678 0.000131 0.000455 0.000050 4.000000 0.000000 0.000000 0.000000 2.000000 0.000000 13.846038
1 2.072928 1.000000 2.071142 0.000225 0.000874 0.000064 4.000000 0.000000 0.000000 2.000000 2.000000 0.000000 14.935905
1 1.823087 1.000000 1.821398 0.000210 0.000877 0.000042 3.000000 0.000000 0.000000 6.000000 2.000000 0.000000 15.550461
1 1.898561 1.000000 1.896280 0.000275 0.001129 0.000049 4.000000 0.000000 0.000000 16.000000 2.000000 0.000000 14.670860
1 1.810074 1.000000 1.808343 0.000213 0.000927 0.000047 4.000000 0.000000 0.000000 2.000000 2.000000 0.000000 17.733279
1 1.980719 1.000000 1.977844 0.000366 0.001398 0.000057 4.000000 0.000000 0.000000 5.000000 2.000000 0.000000 19.771728
1 1.837595 1.000000 1.835721 0.000217 0.000947 0.000060 4.000000 0.000000 0.000000 5.000000 2.000000 0.000000 17.542454
1 1.891148 1.000000 1.890215 0.000120 0.000436 0.000056 4.000000 0.000000 0.000000 0.000000 2.000000 0.000000 13.419401
1 1.968366 1.000000 1.966203 0.000289 0.001094 0.000046 3.000000 0.000000 0.000000 3.000000 2.000000 0.000000 13.606475
1 4.297019 1.000000 4.293359 0.000456 0.001797 0.000138 4.000000 0.000000 0.000000 7.000000 2.000000 0.000000 13.416942
1 2.050702 1.000000 2.049623 0.000142 0.000512 0.000054 4.000000 0.000000 0.000000 0.000000 2.000000 0.000000 15.137578
1 1.927728 1.000000 1.926214 0.000186 0.000711 0.000062 4.000000 0.000000 0.000000 0.000000 2.000000 0.000000 18.000517
1 3.200292 1.000000 3.198202 0.000256 0.000950 0.000090 4.000000 0.000000 0.000000 0.000000 2.000000 0.000000 13.622932
1 2.358961 1.000000 2.356770 0.000261 0.001141 0.000061 4.000000 0.000000 0.000000 6.000000 2.000000 0.000000 18.527966
1 1.868354 1.000000 1.866543 0.000197 0.001027 0.000056 4.000000 0.000000 0.000000 1.000000 2.000000 0.000000 18.165877
1 2.660003 1.000000 2.658173 0.000223 0.000829 0.000096 4.000000 0.000000 0.000000 0.000000 2.000000 0.000000 13.304165
1 2.939550 1.000000 2.938532 0.000136 0.000496 0.000038 3.000000 0.000000 0.000000 0.000000 2.000000 0.000000 13.805731
1 1.996242 1.000000 1.994955 0.000166 0.000618 0.000048 4.000000 0.000000 0.000000 0.000000 2.000000 0.000000 17.179929
1 2.540540 1.000000 2.537107 0.000306 0.002021 0.000090 4.000000 0.000000 0.000000 0.000000 2.000000 0.000000 19.434108
1 3.089315 1.000000 3.086790 0.000241 0.001185 0.000071 5.000000 0.000000 0.000000 0.000000 2.000000 0.000000 21.720385
1 1.852349 1.000000 1.851375 0.000127 0.000461 0.000054 4.000000 0.000000 0.000000 0.000000 2.000000 0.000000 12.971105
1 2.129415 1.000000 2.127008 0.000282 0.001128 0.000126 5.000000 0.000000 0.000000 0.000000 2.000000 0.000000 16.765623
1 3.255430 1.000000 3.254410 0.000119 0.000453 0.000067 4.000000 0.000000 0.000000 0.000000 2.000000 0.000000 13.001130
1 2.422572 1.000000 2.421355 0.000156 0.000570 0.000071 5.000000 0.000000 0.000000 0.000000 2.000000 0.000000 17.528412
1 1.939436 1.000000 1.937611 0.000216 0.000889 0.000053 4.000000 0.000000 0.000000 6.000000 2.000000 0.000000 15.734078
1 1.889723 1.000000 1.886779 0.000331 0.001362 0.000068 4.000000 0.000000 0.000000 6.000000 2.000000 0.000000 15.792520
1 1.905756 1.000000 1.904593 0.000146 0.000541 0.000052 4.000000 0.000000 0.000000 0.000000 2.000000 0.000000 16.869533
1 1.880634 1.000000 1.876983 0.000402 0.001961 0.000071 5.000000 0.000000 0.000000 6.000000 2.000000 0.000000 18.756009
1 2.581226 1.000000 2.578222 0.000315 0.001393 0.000127 4.000000 0.000000 0.000000 0.000000 2.000000 0.000000 13.054895
1 3.929461 1.000000 3.926816 0.000301 0.001241 0.000098 4.000000 0.000000 0.000000 2.000000 2.000000 0.000000 15.037233
1 3.324433 1.000000 3.322150 0.000253 0.001065 0.000073 5.000000 0.000000 0.000000 5.000000 2.000000 0.000000 17.184033
1 1.987037 1.000000 1.986043 0.000122 0.000461 0.000058 4.000000 0.000000 0.000000 0.000000 2.000000 0.000000 13.614970
1 1.889302 1.000000 1.883257 0.000563 0.003251 0.000092 4.000000 0.000000 0.000000 20.000000 2.000000 0.000000 16.711772
1 3.278693 2.000000 3.259860 0.001751 0.008858 0.002931 13.000000 0.000000 0.000000 7.000000 2.000000 0.000000 33.153286
1 2.845119 2.000000 2.830824 0.001412 0.006432 0.002228 13.000000 0.000000 0.000000 55.000000 2.000000 0.000000 31.318052
1 2.059487 2.000000 2.012402 0.004771 0.025031 0.001869 14.000000 0.000000 43.000000 10.000000 2.000000 0.000000 28.315231
1 3.246933 2.000000 3.233826 0.001344 0.006120 0.002300 12.000000 0.000000 0.000000 6.000000 2.000000 0.000000 32.824516
1 2.628323 2.000000 2.617432 0.001062 0.005036 0.001914 13.000000 0.000000 0.000000 8.000000 2.000000 0.000000 30.285142
1 2.305209 2.000000 2.260406 0.004513 0.022839 0.004259 13.000000 0.000000 12.000000 17.000000 2.000000 0.000000 33.318635
1 3.328414 2.000000 3.300442 0.002635 0.015162 0.003018 12.000000 0.000000 0.000000 13.000000 2.000000 0.000000 30.506431
1 2.225261 2.000000 2.180052 0.004286 0.023942 0.001428 13.000000 0.000000 34.000000 24.000000 2.000000 0.000000 32.289932
1 1.922591 2.000000 1.911936 0.001122 0.005076 0.001703 12.000000 0.000000 0.000000 14.000000 2.000000 0.000000 32.019441
1 3.588971 2.000000 3.567098 0.001865 0.011043 0.003012 13.000000 0.000000 0.000000 9.000000 2.000000 0.000000 32.088478
1 2.951826 2.000000 2.924596 0.002761 0.013379 0.003153 18.000000 0.000000 31.000000 6.000000 2.000000 0.000000 30.734282
1 2.679010 2.000000 2.659025 0.001765 0.008664 0.004102 15.000000 0.000000 0.000000 4.000000 2.000000 0.000000 34.845201
1 3.665906 2.000000 3.652406 0.001185 0.006500 0.001594 11.000000 0.000000 1.000000 10.000000 2.000000 0.000000 32.003828
1 1.891583 2.000000 1.864542 0.002983 0.014949 0.001745 14.000000 0.000000 16.000000 49.000000 2.000000 0.000000 31.268186
1 2.292274 2.000000 2.244815 0.004792 0.025102 0.003059 21.000000 0.000000 35.000000 20.000000 2.000000 0.000000 33.423228
1 2.364011 2.000000 2.267378 0.010696 0.051979 0.002941 19.000000 0.000000 119.000000 39.000000 2.000000 0.000000 31.623166
1 2.846695 2.000000 2.622515 0.022768 0.117182 0.006069 30.000000 0.000000 102.000000 29.000000 2.000000 0.000000 35.655314
1 2.241458 2.000000 2.086239 0.014140 0.081929 0.004254 13.000000 0.000000 44.000000 9.000000 2.000000 0.000000 28.425299
1 3.892283 2.000000 3.841570 0.005709 0.026844 0.002516 12.000000 0.000000 37.000000 7.000000 2.000000 0.000000 28.930162
1 3.883997 2.000000 3.861669 0.002521 0.011160 0.002470 16.000000 0.000000 14.000000 18.000000 2.000000 0.000000 36.989024
1 2.245928 2.000000 2.196637 0.005008 0.028699 0.002900 22.000000 0.000000 39.000000 34.000000 2.000000 0.000000 36.156241
1 2.705354 2.000000 2.639939 0.007079 0.034566 0.003745 14.000000 0.000000 28.000000 77.000000 2.000000 0.000000 31.924435
1 3.217251 2.000000 3.198816 0.001865 0.009367 0.001648 10.000000 0.000000 0.000000 86.000000 2.000000 0.000000 34.600017
1 2.012991 2.000000 1.973906 0.003559 0.020034 0.002718 12.000000 0.000000 0.000000 48.000000 2.000000 0.000000 30.859455
1 3.785945 2.000000 3.762933 0.002434 0.010335 0.003652 13.000000 0.000000 0.000000 24.000000 2.000000 0.000000 34.632340
1 3.542457 2.000000 3.454267 0.007588 0.045191 0.003599 21.000000 0.000000 78.000000 20.000000 2.000000 0.000000 34.427902
1 2.190893 2.000000 2.182566 0.000793 0.004277 0.001567 11.000000 0.000000 0.000000 10.000000 2.000000 0.000000 32.928011
1 3.319522 2.000000 3.266290 0.006051 0.029229 0.003014 11.000000 0.000000 32.000000 9.000000 2.000000 0.000000 29.311550
1 2.684953 2.000000 2.678882 0.000568 0.002649 0.001413 12.000000 0.000000 0.000000 2.000000 2.000000 0.000000 26.980015
1 2.906273 2.000000 2.880107 0.001781 0.010512 0.007785 23.000000 0.000000 0.000000 6.000000 2.000000 0.000000 38.762861
1 3.389748 2.000000 3.319104 0.007585 0.039270 0.003144 18.000000 0.000000 46.000000 15.000000 2.000000 0.000000 29.360576
1 2.704449 2.000000 2.627141 0.008200 0.043739 0.002481 17.000000 0.000000 68.000000 130.000000 2.000000 0.000000 29.283015
1 4.559044 2.000000 4.514096 0.004248 0.021549 0.006483 15.000000 0.000000 0.000000 35.000000 2.000000 0.000000 32.219818
1 2.580698 2.000000 2.559641 0.001609 0.010264 0.002876 16.000000 0.000000 0.000000 28.000000 2.000000 0.000000 28.746674
1 2.940382 2.000000 2.850233 0.009893 0.049851 0.002534 13.000000 0.000000 37.000000 42.000000 2.000000 0.000000 30.282728
1 3.413141 2.000000 3.401268 0.000906 0.005645 0.001875 12.000000 0.000000 0.000000 3.000000 2.000000 0.000000 27.865257
1 2.853820 2.000000 2.837779 0.001590 0.007781 0.002132 13.000000 0.000000 0.000000 36.000000 2.000000 0.000000 34.874291
1 4.312059 2.000000 4.127178 0.016529 0.102612 0.012741 27.000000 0.000000 58.000000 39.000000 2.000000 0.000000 29.832474
1 2.718263 2.000000 2.694260 0.001759 0.010123 0.005023 16.000000 0.000000 15.000000 6.000000 2.000000 0.000000 30.866461
1 3.454575 2.000000 3.426844 0.002651 0.014013 0.003220 12.000000 0.000000 4.000000 11.000000 2.000000 0.000000 31.744862
1 3.455249 2.000000 3.372569 0.007832 0.041670 0.007000 22.000000 0.000000 52.000000 41.000000 2.000000 0.000000 30.415839
1 2.180412 2.000000 2.141661 0.003493 0.021251 0.002760 11.000000 0.000000 0.000000 178.000000 2.000000 0.000000 30.191496
1 3.309590 2.000000 3.282605 0.002654 0.015267 0.002522 12.000000 0.000000 0.000000 18.000000 2.000000 0.000000 29.736902
1 3.138493 2.000000 3.028257 0.011702 0.058052 0.003378 24.000000 0.000000 79.000000 32.000000 2.000000 0.000000 34.340632
1 2.964768 2.000000 2.845142 0.012266 0.066603 0.003103 16.000000 0.000000 41.000000 52.000000 2.000000 0.000000 29.175420
1 3.624103 2.000000 3.581587 0.004588 0.022618 0.002001 15.000000 0.000000 32.000000 15.000000 2.000000 0.000000 30.065838
1 2.668436 2.000000 2.654365 0.001339 0.006685 0.002807 14.000000 0.000000 1.000000 19.000000 2.000000 0.000000 26.063338
1 3.186911 2.000000 3.091457 0.010181 0.055806 0.003258 14.000000 0.000000 52.000000 78.000000 2.000000 0.000000 29.177183
1 3.089407 2.000000 3.067092 0.002064 0.010978 0.001588 15.000000 0.000000 15.000000 12.000000 2.000000 0.000000 29.609740
1 3.945877 2.000000 3.878678 0.005481 0.035605 0.007282 16.000000 0.000000 7.000000 15.000000 2.000000 0.000000 32.948120
1 3.999555 2.000000 3.946783 0.004866 0.025426 0.006078 20.000000 0.000000 36.000000 16.000000 2.000000 0.000000 36.809320
1 2.213744 2.000000 2.190755 0.002497 0.011931 0.001582 11.000000 0.000000 0.000000 67.000000 2.000000 0.000000 30.349960
1 4.097485 2.000000 4.062496 0.003728 0.018849 0.002075 18.000000 0.000000 34.000000 7.000000 2.000000 0.000000 34.605814
1 2.269699 2.000000 2.253385 0.001613 0.008566 0.001909 13.000000 0.000000 14.000000 13.000000 2.000000 0.000000 27.780177
1 2.804000 2.000000 2.759776 0.004563 0.023402 0.003725 16.000000 0.000000 7.000000 16.000000 2.000000 0.000000 33.104705
1 3.271955 2.000000 3.253985 0.001769 0.008964 0.001832 12.000000 0.000000 0.000000 16.000000 2.000000 0.000000 32.775769
1 2.593758 2.000000 2.524316 0.006222 0.034523 0.005054 20.000000 0.000000 30.000000 10.000000 2.000000 0.000000 28.670526
1 3.064809 2.000000 2.947171 0.012089 0.063755 0.005516 17.000000 0.000000 38.000000 53.000000 2.000000 0.000000 29.770210
1 2.823680 2.000000 2.790727 0.003525 0.018132 0.001427 14.000000 0.000000 4.000000 24.000000 2.000000 0.000000 32.252150
1 2.228125 2.000000 2.191461 0.003485 0.019753 0.002597 15.000000 0.000000 22.000000 43.000000 2.000000 0.000000 33.575874
0 78.911342 4.000000 3.885498 4.087590 8.756731 0.158279 31.000000 0.000000 14.000000 456678.000000 2.000000 0.000000 -1.000000
1 3.205864 4.000000 3.083397 0.008090 0.045084 0.045381 38.000000 0.000000 12.000000 63.000000 2.000000 0.000000 34.593095
1 3.006105 4.000000 2.235529 0.078275 0.353661 0.137729 64.000000 0.000000 334.000000 177.000000 2.000000 0.000000 34.213743
1 4.272882 4.000000 3.813656 0.034539 0.195300 0.128451 85.000000 0.000000 261.000000 209.000000 2.000000 0.000000 31.990800
1 2.359844 4.000000 2.210706 0.012601 0.051266 0.054793 39.000000 0.000000 89.000000 57.000000 2.000000 0.000000 31.872025
1 3.262396 4.000000 3.100446 0.014001 0.061866 0.057316 35.000000 0.000000 0.000000 82.000000 2.000000 0.000000 31.104176
1 2.713510 4.000000 2.650986 0.004658 0.020388 0.025329 24.000000 0.000000 0.000000 30.000000 2.000000 0.000000 35.313008
1 2.603002 4.000000 2.201762 0.034685 0.167461 0.097019 50.000000 0.000000 208.000000 164.000000 2.000000 0.000000 30.842295
1 3.809133 4.000000 3.680266 0.009620 0.038301 0.061221 24.000000 0.000000 26.000000 16.000000 2.000000 0.000000 30.594155
1 3.581074 4.000000 2.546927 0.085393 0.449608 0.199694 79.000000 0.000000 547.000000 291.000000 2.000000 0.000000 30.553602
1 4.031215 4.000000 3.749545 0.020915 0.104587 0.094585 41.000000 0.000000 112.000000 44.000000 2.000000 0.000000 31.229503
1 3.153655 4.000000 2.901354 0.020278 0.091339 0.085868 32.000000 0.000000 86.000000 124.000000 2.000000 0.000000 32.394060
1 2.370616 4.000000 2.276170 0.005080 0.020397 0.057124 19.000000 0.000000 0.000000 16.000000 2.000000 0.000000 30.399320
1 3.895478 4.000000 3.759105 0.010560 0.053002 0.044852 44.000000 0.000000 54.000000 59.000000 2.000000 0.000000 36.774175
1 3.025971 4.000000 2.752533 0.021663 0.100570 0.088039 62.000000 0.000000 65.000000 128.000000 2.000000 0.000000 33.445801
1 2.136060 4.000000 1.979664 0.010342 0.044416 0.077699 35.000000 0.000000 58.000000 36.000000 2.000000 0.000000 32.402548
1 2.575255 4.000000 2.498874 0.004379 0.023201 0.036514 27.000000 0.000000 34.000000 26.000000 2.000000 0.000000 28.072858
1 2.322197 4.000000 2.252582 0.003910 0.018023 0.042451 29.000000 0.000000 7.000000 16.000000 2.000000 0.000000 31.242444
1 4.518408 4.000000 4.064149 0.030354 0.142970 0.194138 44.000000 0.000000 67.000000 133.000000 2.000000 0.000000 29.851540
1 4.705804 4.000000 4.588303 0.004169 0.019418 0.082686 26.000000 0.000000 0.000000 34.000000 2.000000 0.000000 31.446879
1 3.293088 4.000000 2.638069 0.066437 0.306300 0.069343 85.000000 0.000000 205.000000 354.000000 2.000000 0.000000 36.234596
1 3.731645 4.000000 3.638863 0.005196 0.024269 0.063183 25.000000 0.000000 5.000000 11.000000 2.000000 0.000000 28.273819
1 3.857267 4.000000 3.299749 0.035185 0.140688 0.286757 51.000000 0.000000 137.000000 91.000000 2.000000 0.000000 39.421236
1 3.815835 4.000000 3.466082 0.027067 0.164552 0.083964 38.000000 0.000000 68.000000 40.000000 2.000000 0.000000 31.549474
1 3.265511 4.000000 2.870145 0.036295 0.167337 0.108330 62.000000 0.000000 312.000000 124.000000 2.000000 0.000000 29.350338
1 3.078279 4.000000 2.588170 0.040855 0.181128 0.157801 53.000000 0.000000 151.000000 107.000000 2.000000 0.000000 31.295884
1 3.524986 4.000000 3.406129 0.009909 0.043999 0.041694 40.000000 0.000000 46.000000 62.000000 2.000000 0.000000 33.812766
1 2.084435 4.000000 1.947837 0.013035 0.058999 0.029601 41.000000 0.000000 100.000000 77.000000 2.000000 0.000000 30.202573
1 3.467193 4.000000 3.286244 0.005924 0.025723 0.136156 21.000000 0.000000 11.000000 7.000000 2.000000 0.000000 28.338639
1 2.995957 4.000000 2.907148 0.004110 0.020296 0.057228 28.000000 0.000000 17.000000 17.000000 2.000000 0.000000 28.262926
1 2.382781 4.000000 2.232095 0.007864 0.039502 0.083641 23.000000 0.000000 21.000000 177.000000 2.000000 0.000000 28.790576
1 4.682292 4.000000 4.549824 0.006627 0.035221 0.067967 34.000000 0.000000 23.000000 25.000000 2.000000 0.000000 27.408814
1 3.039499 4.000000 2.600355 0.037549 0.208540 0.076789 46.000000 0.000000 159.000000 100.000000 2.000000 0.000000 32.709360
1 4.780730 4.000000 4.709593 0.003651 0.018808 0.038681 26.000000 0.000000 2.000000 24.000000 2.000000 0.000000 30.706119
1 2.009989 4.000000 1.933610 0.004317 0.018875 0.044596 29.000000 0.000000 20.000000 22.000000 2.000000 0.000000 31.519951
1 3.839161 4.000000 3.249926 0.017871 0.085714 0.429461 51.000000 0.000000 146.000000 46.000000 2.000000 0.000000 29.047857
1 3.432622 4.000000 3.190124 0.011821 0.056802 0.142025 44.000000 0.000000 49.000000 38.000000 2.000000 0.000000 31.763353
1 3.364733 4.000000 2.962725 0.034223 0.186005 0.075923 41.000000 0.000000 56.000000 90.000000 2.000000 0.000000 33.351738
1 3.621331 4.000000 3.556165 0.003689 0.016624 0.037674 24.000000 0.000000 11.000000 19.000000 2.000000 0.000000 30.022079
1 2.322776 4.000000 2.070200 0.022051 0.104557 0.068917 51.000000 0.000000 137.000000 87.000000 2.000000 0.000000 29.956573
1 3.344509 4.000000 3.170068 0.007827 0.034174 0.110867 31.000000 0.000000 5.000000 24.000000 2.000000 0.000000 33.014487
1 3.608130 4.000000 2.904907 0.066878 0.317910 0.138191 91.000000 0.000000 438.000000 261.000000 2.000000 0.000000 32.430380
1 3.163501 4.000000 2.973435 0.016156 0.083946 0.048184 33.000000 0.000000 2.000000 136.000000 2.000000 0.000000 29.696615
1 4.286257 4.000000 3.423311 0.073364 0.376453 0.183281 108.000000 0.000000 472.000000 159.000000 2.000000 0.000000 32.441482
1 2.515525 4.000000 2.380147 0.009481 0.044275 0.059545 31.000000 0.000000 15.000000 41.000000 2.000000 0.000000 33.428634
1 4.270431 4.000000 3.948112 0.022728 0.108515 0.123667 63.000000 0.000000 170.000000 102.000000 2.000000 0.000000 38.410435
1 2.440267 4.000000 2.338033 0.006900 0.031086 0.045404 28.000000 0.000000 8.000000 66.000000 2.000000 0.000000 29.669221
1 3.600367 4.000000 3.220936 0.025769 0.118605 0.189387 47.000000 0.000000 77.000000 104.000000 2.000000 0.000000 30.403204
1 3.179472 4.000000 3.046174 0.008725 0.043525 0.058293 33.000000 0.000000 73.000000 40.000000 2.000000 0.000000 30.424230
1 2.528117 4.000000 2.187260 0.032251 0.145786 0.069947 49.000000 0.000000 182.000000 34.000000 2.000000 0.000000 32.220376
1 3.995164 4.000000 3.903001 0.007172 0.034051 0.034106 30.000000 0.000000 13.000000 54.000000 2.000000 0.000000 34.334893
1 2.337946 4.000000 1.948420 0.031959 0.142797 0.128992 62.000000 0.000000 191.000000 126.000000 2.000000 0.000000 31.415335
1 2.910459 4.000000 2.802126 0.008259 0.040679 0.041676 30.000000 0.000000 16.000000 21.000000 2.000000 0.000000 30.444321
1 4.014040 4.000000 3.612419 0.025390 0.122447 0.180074 76.000000 0.000000 137.000000 181.000000 2.000000 0.000000 29.748766
1 2.001750 4.000000 1.917964 0.006444 0.036867 0.023965 32.000000 0.000000 42.000000 50.000000 2.000000 0.000000 30.320476
1 3.470086 4.000000 3.153505 0.025125 0.114330 0.117600 37.000000 0.000000 103.000000 81.000000 2.000000 0.000000 29.864249
1 2.894231 4.000000 2.709742 0.016137 0.079125 0.046732 47.000000 0.000000 47.000000 102.000000 2.000000 0.000000 34.055751
1 2.479306 4.000000 2.386226 0.005203 0.025917 0.048543 26.000000 0.000000 0.000000 130.000000 2.000000 0.000000 30.285594
1 3.860270 4.000000 3.812570 0.002067 0.009384 0.034812 26.000000 0.000000 0.000000 12.000000 2.000000 0.000000 30.943820
1 2.610243 4.000000 2.229673 0.027815 0.129749 0.160254 70.000000 0.000000 118.000000 202.000000 2.000000 0.000000 30.233189
1 5.806122 6.000000 3.283961 0.147576 0.694637 1.285383 131.000000 0.000000 501.000000 251.000000 2.000000 0.000000 45.944022
1 4.292062 6.000000 2.202013 0.063002 0.285899 1.571943 103.000000 0.000000 256.000000 94.000000 2.000000 0.000000 36.860994
1 6.329041 6.000000 3.507839 0.137335 0.635317 1.679890 225.000000 0.000000 595.000000 353.000000 2.000000 0.000000 40.682608
1 4.308948 6.000000 2.916882 0.041610 0.219259 1.017306 76.000000 0.000000 52.000000 116.000000 2.000000 0.000000 41.901651
1 4.316514 6.000000 2.047285 0.123473 0.557717 1.264243 142.000000 0.000000 533.000000 279.000000 2.000000 0.000000 37.440988
1 11.264001 6.000000 4.274251 0.255338 1.112506 4.853723 299.000000 0.000000 1176.000000 598.000000 2.000000 0.000000 39.719352
1 4.145946 6.000000 2.152209 0.068602 0.315487 1.499307 115.000000 0.000000 342.000000 145.000000 2.000000 0.000000 37.722807
1 17.509373 6.000000 4.752257 0.157696 0.727293 11.435089 324.000000 0.000000 993.000000 325.000000 2.000000 0.000000 35.115854
1 3.091946 6.000000 2.166161 0.026010 0.120973 0.729240 73.000000 0.000000 96.000000 37.000000 2.000000 0.000000 35.769674
1 5.725019 6.000000 3.728001 0.065307 0.299902 1.521432 113.000000 0.000000 306.000000 145.000000 2.000000 0.000000 37.661452
1 4.606225 6.000000 2.490554 0.124524 0.510267 1.288610 90.000000 0.000000 241.000000 236.000000 2.000000 0.000000 42.641950
1 10.375524 6.000000 2.795078 0.284672 1.384393 5.059379 341.000000 0.000000 1251.000000 607.000000 2.000000 0.000000 37.350701
1 9.067525 6.000000 2.187678 0.646880 2.831126 1.571461 274.000000 0.000000 821.000000 1023.000000 2.000000 0.000000 39.222092
1 7.556840 6.000000 3.022045 0.197328 0.908771 2.904288 193.000000 0.000000 700.000000 391.000000 2.000000 0.000000 37.854598
1 3.239231 6.000000 2.155673 0.016611 0.080938 0.948489 58.000000 0.000000 83.000000 41.000000 2.000000 0.000000 37.688072
1 16.261399 6.000000 2.222952 0.598882 2.894964 8.861796 453.000000 0.000000 2151.000000 1268.000000 2.000000 0.000000 37.634145
1 3.006090 6.000000 2.327210 0.010473 0.047518 0.708461 39.000000 0.000000 0.000000 25.000000 2.000000 0.000000 37.098104
1 6.602510 6.000000 3.743273 0.139730 0.702758 1.612673 156.000000 0.000000 821.000000 292.000000 2.000000 0.000000 37.210639
1 5.997750 6.000000 2.664788 0.145334 0.665784 2.156338 167.000000 0.000000 672.000000 294.000000 2.000000 0.000000 38.800468
1 10.311371 6.000000 2.185798 0.432803 2.348558 3.983939 341.000000 0.000000 2484.000000 759.000000 2.000000 0.000000 39.618152
1 10.675555 6.000000 4.213204 0.255442 1.224308 4.347990 409.000000 0.000000 1654.000000 736.000000 2.000000 0.000000 36.494003
1 5.875231 6.000000 2.520470 0.076361 0.356912 2.731871 165.000000 0.000000 463.000000 231.000000 2.000000 0.000000 40.925538
1 14.608812 6.000000 2.330364 0.242011 1.199811 10.204300 309.000000 0.000000 1504.000000 324.000000 2.000000 0.000000 36.179173
1 8.012865 6.000000 2.604266 0.197135 1.000627 3.676733 193.000000 0.000000 846.000000 482.000000 2.000000 0.000000 33.457910
1 4.845313 6.000000 2.571602 0.119011 0.513749 1.308757 104.000000 0.000000 132.000000 306.000000 2.000000 0.000000 39.171721
1 4.970365 6.000000 3.967062 0.055550 0.266877 0.544868 73.000000 0.000000 111.000000 296.000000 2.000000 0.000000 36.821832
1 3.988620 6.000000 2.509009 0.065842 0.287967 0.960167 67.000000 0.000000 55.000000 110.000000 2.000000 0.000000 37.851462
1 4.564847 6.000000 3.936730 0.010444 0.052743 0.535076 49.000000 0.000000 19.000000 55.000000 2.000000 0.000000 35.598967
1 4.520277 6.000000 2.231816 0.045607 0.217034 1.917946 80.000000 0.000000 173.000000 69.000000 2.000000 0.000000 40.176035
1 6.774644 6.000000 3.285097 0.041068 0.198366 3.314622 100.000000 0.000000 246.000000 69.000000 2.000000 0.000000 34.952282
1 5.301138 6.000000 4.003023 0.017237 0.084630 1.171220 86.000000 0.000000 84.000000 21.000000 2.000000 0.000000 38.803948
1 7.093338 6.000000 3.088489 0.089317 0.429702 3.331001 129.000000 0.000000 352.000000 187.000000 2.000000 0.000000 36.553427
1 5.023147 6.000000 1.897389 0.206695 0.950263 1.358171 139.000000 0.000000 389.000000 275.000000 2.000000 0.000000 36.370350
1 7.905202 6.000000 2.762551 0.211101 1.048399 3.350750 187.000000 0.000000 704.000000 323.000000 2.000000 0.000000 36.580783
1 5.553789 6.000000 2.830915 0.106840 0.544552 1.758215 165.000000 0.000000 526.000000 487.000000 2.000000 0.000000 38.247207
1 3.074715 6.000000 2.039948 0.039358 0.177228 0.745648 80.000000 0.000000 142.000000 111.000000 2.000000 0.000000 39.388936
1 17.406516 6.000000 2.388307 0.939707 4.404895 6.827349 564.000000 0.000000 3743.000000 1686.000000 2.000000 0.000000 36.852476
1 6.340895 6.000000 3.541949 0.121436 0.579964 1.756395 170.000000 0.000000 672.000000 599.000000 2.000000 0.000000 36.048403
1 7.395419 6.000000 3.573294 0.098855 0.478727 2.981138 184.000000 0.000000 386.000000 365.000000 2.000000 0.000000 36.328667
1 4.799318 6.000000 3.048172 0.035687 0.195009 1.427565 74.000000 0.000000 106.000000 71.000000 2.000000 0.000000 36.980225
1 8.004106 6.000000 2.534526 0.212119 1.016327 3.616419 262.000000 0.000000 1341.000000 552.000000 2.000000 0.000000 38.920845
1 11.167299 6.000000 2.378602 0.476295 2.204822 4.802080 288.000000 0.000000 1629.000000 784.000000 2.000000 0.000000 38.864505
1 4.399616 6.000000 3.007762 0.015694 0.084989 1.265821 55.000000 0.000000 87.000000 40.000000 2.000000 0.000000 35.180022
1 5.576599 6.000000 4.043052 0.020947 0.119967 1.384248 78.000000 0.000000 83.000000 99.000000 2.000000 0.000000 33.600009
1 8.257897 6.000000 2.224091 0.169170 0.808493 4.552603 201.000000 0.000000 576.000000 346.000000 2.000000 0.000000 40.002776
1 15.094664 6.000000 2.508548 0.253153 1.407436 10.115961 343.000000 0.000000 1221.000000 603.000000 2.000000 0.000000 38.464387
1 7.120263 6.000000 2.520562 0.137855 0.717151 3.352177 191.000000 0.000000 502.000000 294.000000 2.000000 0.000000 34.653984
1 3.407187 6.000000 2.367605 0.027954 0.132076 0.882941 82.000000 0.000000 109.000000 78.000000 2.000000 0.000000 38.540887
1 6.020799 6.000000 4.002801 0.118393 0.537737 1.024306 86.000000 0.000000 71.000000 267.000000 2.000000 0.000000 47.954514
1 5.380134 6.000000 2.956075 0.090505 0.483490 1.601270 109.000000 0.000000 263.000000 124.000000 2.000000 0.000000 35.611932
1 9.984560 6.000000 3.109503 0.185762 0.882752 5.352926 261.000000 0.000000 709.000000 407.000000 2.000000 0.000000 36.544876
1 10.149736 6.000000 2.527245 0.156900 0.740825 6.273079 241.000000 0.000000 786.000000 179.000000 2.000000 0.000000 38.015988
1 4.397875 6.000000 3.197980 0.046785 0.219384 0.839217 64.000000 0.000000 97.000000 52.000000 2.000000 0.000000 37.779408
1 3.845927 6.000000 2.514047 0.031948 0.155059 1.140561 76.000000 0.000000 150.000000 110.000000 2.000000 0.000000 37.236980
1 5.360879 6.000000 3.437937 0.048149 0.202087 1.694452 84.000000 0.000000 139.000000 141.000000 2.000000 0.000000 35.812587
1 7.212964 6.000000 2.198430 0.265544 1.236217 2.779271 176.000000 0.000000 698.000000 389.000000 2.000000 0.000000 37.324541
1 8.562915 6.000000 2.533670 0.191514 0.928705 4.289932 247.000000 0.000000 822.000000 242.000000 2.000000 0.000000 36.068464
1 3.523290 6.000000 2.197824 0.050300 0.235040 0.900489 98.000000 0.000000 202.000000 119.000000 2.000000 0.000000 36.953258
1 4.723585 6.000000 3.790029 0.020331 0.105680 0.771422 54.000000 0.000000 59.000000 84.000000 2.000000 0.000000 40.811297
1 6.223508 6.000000 2.180504 0.129656 0.613430 2.965138 175.000000 0.000000 337.000000 361.000000 2.000000 0.000000 38.463094
1 7.684031 8.000000 2.674684 0.150891 0.763577 3.627725 147.000000 0.000000 255.000000 164.000000 2.000000 0.000000 39.964174
1 9.372493 8.000000 2.820121 0.205901 1.020553 4.711172 303.000000 0.000000 754.000000 797.000000 2.000000 0.000000 37.927247
1 7.964338 8.000000 2.660999 0.041516 0.219354 5.038420 107.000000 0.000000 121.000000 29.000000 2.000000 0.000000 36.233427
1 5.519358 8.000000 3.742218 0.026935 0.143596 1.561767 75.000000 0.000000 77.000000 122.000000 2.000000 0.000000 36.797269
1 6.604108 8.000000 2.573555 0.072771 0.362196 3.426915 103.000000 0.000000 202.000000 83.000000 2.000000 0.000000 36.853475
1 7.745267 8.000000 2.470982 0.048842 0.251230 4.815248 109.000000 0.000000 129.000000 111.000000 2.000000 0.000000 35.780825
1 6.602401 8.000000 2.534383 0.137364 0.639595 3.067643 98.000000 0.000000 88.000000 366.000000 2.000000 0.000000 36.671114
1 14.510703 8.000000 2.806041 0.123972 0.647122 10.625041 201.000000 0.000000 268.000000 384.000000 2.000000 0.000000 36.467111
1 44.717958 8.000000 2.300949 0.264452 1.364548 40.354283 368.000000 0.000000 839.000000 655.000000 2.000000 0.000000 35.994579
1 15.214685 8.000000 2.712141 0.253570 1.276509 10.329610 220.000000 0.000000 667.000000 560.000000 2.000000 0.000000 38.655487
1 21.627548 8.000000 3.156553 0.248437 1.239191 16.325196 357.000000 0.000000 1074.000000 463.000000 2.000000 0.000000 37.092746
1 4.673608 8.000000 2.197547 0.062262 0.305728 1.962993 118.000000 0.000000 315.000000 110.000000 2.000000 0.000000 35.831946
0 77.210970 8.000000 2.204962 3.268286 9.547360 6.328388 111.000000 0.000000 373.000000 173503.000000 2.000000 0.000000 -1.000000
1 19.505948 8.000000 2.335263 0.763861 3.723093 10.477663 452.000000 0.000000 2853.000000 1368.000000 2.000000 0.000000 37.007651
1 7.810152 8.000000 2.264912 0.053504 0.276270 5.117612 122.000000 0.000000 147.000000 153.000000 2.000000 0.000000 38.590533
1 7.066563 8.000000 2.593023 0.016764 0.085732 4.511896 67.000000 0.000000 36.000000 44.000000 2.000000 0.000000 36.573481
1 7.464300 8.000000 2.782263 0.042775 0.190245 4.544927 69.000000 0.000000 19.000000 95.000000 2.000000 0.000000 37.418182
0 78.751220 8.000000 3.733916 10.185144 12.552088 10.138673 506.000000 0.000000 1521.000000 556234.000000 2.000000 0.000000 -1.000000
1 6.520256 8.000000 3.275375 0.102082 0.491535 2.449145 110.000000 0.000000 233.000000 183.000000 2.000000 0.000000 34.510629
1 19.063721 8.000000 3.944405 0.303718 1.504947 12.553278 272.000000 0.000000 881.000000 676.000000 2.000000 0.000000 38.575468
0 77.965958 8.000000 2.918248 4.466903 13.069128 8.337749 215.000000 0.000000 617.000000 240173.000000 2.000000 0.000000 -1.000000
1 13.972634 8.000000 2.895988 0.212752 1.078316 9.538087 190.000000 0.000000 440.000000 409.000000 2.000000 0.000000 37.707003
1 6.280742 8.000000 3.313184 0.059636 0.276838 2.592265 107.000000 0.000000 205.000000 143.000000 2.000000 0.000000 38.871666
1 14.966059 8.000000 4.038036 0.226432 1.213619 8.877117 274.000000 0.000000 842.000000 548.000000 2.000000 0.000000 36.610295
1 7.781215 8.000000 2.403079 0.081139 0.399521 4.686824 167.000000 0.000000 285.000000 199.000000 2.000000 0.000000 35.947772
1 8.965562 8.000000 3.717373 0.313565 1.512760 2.668794 149.000000 0.000000 211.000000 348.000000 2.000000 0.000000 34.949326
1 25.752800 8.000000 2.231055 0.330043 1.565229 20.852177 325.000000 0.000000 1355.000000 635.000000 2.000000 0.000000 39.818121
1 8.661803 8.000000 3.018309 0.162652 0.865007 4.182111 189.000000 0.000000 138.000000 845.000000 2.000000 0.000000 34.194254
1 7.318482 8.000000 3.098559 0.050158 0.260691 3.833834 117.000000 0.000000 119.000000 154.000000 2.000000 0.000000 35.710902
1 6.462350 8.000000 2.460055 0.090972 0.427678 3.304043 99.000000 0.000000 143.000000 167.000000 2.000000 0.000000 34.848492
0 77.275848 8.000000 2.272882 9.968076 27.319109 9.079048 193.000000 0.000000 424.000000 577372.000000 2.000000 0.000000 -1.000000
1 18.527559 8.000000 2.291909 0.203883 1.047113 14.408820 244.000000 0.000000 333.000000 631.000000 2.000000 0.000000 38.275865
1 3.955125 8.000000 2.112103 0.042618 0.204919 1.482583 86.000000 0.000000 75.000000 158.000000 2.000000 0.000000 37.296200
1 20.324335 8.000000 2.200940 0.465062 2.290937 14.023791 390.000000 0.000000 1331.000000 933.000000 2.000000 0.000000 38.668829
0 77.574434 8.000000 2.564122 5.729646 4.490883 2.607168 132.000000 0.000000 273.000000 364417.000000 2.000000 0.000000 -1.000000
1 11.009239 8.000000 3.741056 0.071582 0.351665 6.782479 116.000000 0.000000 173.000000 145.000000 2.000000 0.000000 36.158573
1 16.587360 8.000000 2.661445 0.058658 0.296056 13.460753 160.000000 0.000000 273.000000 156.000000 2.000000 0.000000 39.982978
1 7.144107 8.000000 2.903838 0.099898 0.457022 3.781446 92.000000 0.000000 153.000000 119.000000 2.000000 0.000000 35.262213
1 14.410761 8.000000 3.253399 0.260573 1.396560 8.672535 321.000000 0.000000 1196.000000 492.000000 2.000000 0.000000 37.627805
1 4.754639 8.000000 1.969981 0.019811 0.098316 2.748889 62.000000 0.000000 29.000000 74.000000 2.000000 0.000000 37.434286
1 11.788133 8.000000 2.222203 0.182759 0.922985 7.967600 237.000000 0.000000 599.000000 226.000000 2.000000 0.000000 37.984680
1 11.297012 8.000000 2.892339 0.124977 0.658522 7.272503 242.000000 0.000000 668.000000 227.000000 2.000000 0.000000 35.579024
1 5.564059 8.000000 2.990117 0.021514 0.108855 2.383063 83.000000 0.000000 5.000000 88.000000 2.000000 0.000000 39.927018
1 7.957226 8.000000 2.650389 0.178494 0.870786 3.754220 175.000000 0.000000 444.000000 331.000000 2.000000 0.000000 41.443898
1 8.118940 8.000000 2.986279 0.060128 0.300640 4.597281 126.000000 0.000000 206.000000 151.000000 2.000000 0.000000 38.173663
1 13.621940 8.000000 3.276092 0.070847 0.376518 10.080448 220.000000 0.000000 301.000000 235.000000 2.000000 0.000000 40.065655
0 77.741271 8.000000 2.728949 11.246311 29.853830 5.391962 133.000000 0.000000 156.000000 707238.000000 2.000000 0.000000 -1.000000
1 9.248400 8.000000 3.347600 0.204732 1.030715 4.060030 206.000000 0.000000 835.000000 514.000000 2.000000 0.000000 37.192947
1 11.249803 8.000000 2.584578 0.130526 0.659169 7.512688 160.000000 0.000000 296.000000 151.000000 2.000000 0.000000 40.202814
1 9.661157 8.000000 2.975942 0.160079 0.826368 5.346000 221.000000 0.000000 592.000000 233.000000 2.000000 0.000000 35.079249
1 5.117777 8.000000 2.370263 0.182117 0.948044 1.072573 134.000000 0.000000 118.000000 303.000000 2.000000 0.000000 40.225347
1 11.672963 8.000000 3.822862 0.341103 1.667315 4.952509 211.000000 0.000000 401.000000 488.000000 2.000000 0.000000 36.225072
1 5.980825 8.000000 2.204736 0.124033 0.638990 2.615065 106.000000 0.000000 176.000000 132.000000 2.000000 0.000000 37.254600
1 12.405708 8.000000 2.998189 0.075446 0.373789 8.812457 142.000000 0.000000 196.000000 178.000000 2.000000 0.000000 38.405146
1 14.995765 8.000000 2.432250 0.120456 0.606929 11.504988 176.000000 0.000000 256.000000 831.000000 2.000000 0.000000 37.348928
1 11.638500 8.000000 2.645745 0.198018 1.048014 7.154733 196.000000 0.000000 381.000000 542.000000 2.000000 0.000000 40.397867
1 7.279801 8.000000 3.018985 0.157835 0.743598 2.906600 129.000000 0.000000 432.000000 228.000000 2.000000 0.000000 36.381719
1 9.910900 8.000000 2.472998 0.267906 1.300547 5.173840 207.000000 0.000000 749.000000 632.000000 2.000000 0.000000 35.028026
1 13.492780 8.000000 3.909455 0.205012 1.056418 7.768388 283.000000 0.000000 642.000000 477.000000 2.000000 0.000000 38.447752
1 8.577038 8.000000 2.215692 0.206369 1.151117 4.479855 269.000000 0.000000 534.000000 479.000000 2.000000 0.000000 40.970236
0 79.015491 10.000000 2.679867 1.012485 5.767289 66.571565 782.000000 0.000000 5059.000000 2570.000000 2.000000 0.000000 -1.000000
1 14.826383 10.000000 4.837292 0.033027 0.173041 9.848203 102.000000 0.000000 36.000000 115.000000 2.000000 0.000000 34.799098
1 22.618111 10.000000 2.277829 0.238065 1.287375 18.076477 257.000000 0.000000 385.000000 3233.000000 2.000000 0.000000 38.895378
1 13.644099 10.000000 2.129451 0.096539 0.523471 10.737379 128.000000 0.000000 143.000000 226.000000 2.000000 0.000000 36.250985
1 7.600851 10.000000 2.389369 0.044734 0.223545 4.870559 110.000000 0.000000 99.000000 143.000000 2.000000 0.000000 36.446586
1 11.861229 10.000000 2.529942 0.097474 0.510927 8.487632 179.000000 0.000000 327.000000 146.000000 2.000000 0.000000 36.473430
1 28.088550 10.000000 2.674273 0.311911 1.698893 22.922249 377.000000 0.000000 733.000000 837.000000 2.000000 0.000000 37.742503
1 17.509371 10.000000 3.048332 0.084846 0.421351 14.245349 121.000000 0.000000 72.000000 196.000000 2.000000 0.000000 37.531162
1 31.398985 10.000000 3.714220 0.370860 2.119607 24.096370 470.000000 0.000000 1303.000000 709.000000 2.000000 0.000000 36.267243
1 27.154717 10.000000 4.105942 0.137822 0.778390 22.018650 196.000000 0.000000 429.000000 354.000000 2.000000 0.000000 34.206412
1 10.764801 10.000000 2.999084 0.086041 0.446678 7.106363 125.000000 0.000000 102.000000 173.000000 2.000000 0.000000 36.098427
1 16.678600 10.000000 2.305336 0.329775 1.763196 11.432204 231.000000 0.000000 463.000000 1686.000000 2.000000 0.000000 34.600034
1 7.802352 10.000000 2.901958 0.126095 0.610176 3.790129 178.000000 0.000000 312.000000 260.000000 2.000000 0.000000 34.764833
1 29.828888 10.000000 2.111135 0.913751 4.427173 19.775380 541.000000 0.000000 2524.000000 1560.000000 2.000000 0.000000 38.866753
1 71.131123 10.000000 2.194748 0.961321 5.012671 60.384655 812.000000 0.000000 3270.000000 2201.000000 2.000000 0.000000 37.900267
1 43.233766 10.000000 3.987830 0.873256 4.411461 31.138033 699.000000 0.000000 2070.000000 1933.000000 2.000000 0.000000 34.966661
1 33.146124 10.000000 3.715034 0.756128 4.254430 21.875024 357.000000 0.000000 545.000000 1023.000000 2.000000 0.000000 34.012430
1 7.796842 10.000000 2.322870 0.087912 0.426113 4.765286 74.000000 0.000000 50.000000 136.000000 2.000000 0.000000 34.365579
1 20.843980 10.000000 2.596542 0.657867 3.696628 11.902569 244.000000 0.000000 684.000000 750.000000 2.000000 0.000000 38.019343
1 7.616807 10.000000 3.752818 0.144044 0.711859 2.742416 101.000000 0.000000 181.000000 263.000000 2.000000 0.000000 36.230066
1 13.997043 10.000000 4.072782 0.294224 1.433902 7.366851 225.000000 0.000000 413.000000 880.000000 2.000000 0.000000 34.562772
1 46.917395 10.000000 3.767949 0.494534 2.630528 38.476677 727.000000 0.000000 1211.000000 1712.000000 2.000000 0.000000 37.678785
0 77.990671 10.000000 2.862117 0.556922 2.974210 70.645361 499.000000 0.000000 454.000000 1989.000000 2.000000 0.000000 -1.000000
1 29.196737 10.000000 3.880059 0.582813 2.978798 20.102762 488.000000 0.000000 1970.000000 1462.000000 2.000000 0.000000 35.609461
0 77.971462 10.000000 2.625751 0.234547 1.345898 73.195779 307.000000 0.000000 671.000000 316.000000 2.000000 0.000000 -1.000000
1 19.266714 10.000000 4.386957 0.146897 0.775974 13.544149 196.000000 0.000000 312.000000 274.000000 2.000000 0.000000 37.449997
0 79.513634 10.000000 4.382036 1.478913 7.730182 61.510763 773.000000 0.000000 2875.000000 2190.000000 2.000000 0.000000 -1.000000
1 19.877985 10.000000 3.867790 0.180573 0.896833 14.941482 218.000000 0.000000 728.000000 394.000000 2.000000 0.000000 38.197406
1 24.884267 10.000000 2.225228 0.216270 1.264811 20.553748 401.000000 0.000000 748.000000 818.000000 2.000000 0.000000 33.793719
1 15.892194 10.000000 4.361732 0.108693 0.608859 11.555877 157.000000 0.000000 228.000000 214.000000 2.000000 0.000000 36.959705
1 31.295438 10.000000 3.843353 0.973249 5.319321 18.304401 536.000000 0.000000 3145.000000 807.000000 2.000000 0.000000 37.485933
1 18.807965 10.000000 1.981135 0.796615 3.989420 9.593782 428.000000 0.000000 825.000000 1198.000000 2.000000 0.000000 37.853833
1 9.520497 10.000000 2.075681 0.409295 2.065209 3.851581 271.000000 0.000000 386.000000 1174.000000 2.000000 0.000000 35.776394
1 18.661140 10.000000 3.571165 0.300359 1.634712 12.355548 385.000000 0.000000 896.000000 1035.000000 2.000000 0.000000 39.813961
1 52.838980 10.000000 2.237223 0.882910 4.675198 42.366362 713.000000 0.000000 2041.000000 1855.000000 2.000000 0.000000 40.194109
1 18.685650 10.000000 3.876799 0.442573 2.115364 11.352614 255.000000 0.000000 465.000000 625.000000 2.000000 0.000000 37.666936
1 33.381322 10.000000 4.479696 0.887833 4.576567 20.706910 727.000000 0.000000 2233.000000 2614.000000 2.000000 0.000000 36.231033
1 21.798234 10.000000 2.226592 0.223984 1.250739 17.664520 436.000000 0.000000 1569.000000 666.000000 2.000000 0.000000 35.513701
1 23.428220 10.000000 3.720270 0.107503 0.552565 19.235030 158.000000 0.000000 86.000000 205.000000 2.000000 0.000000 36.237073
1 21.543051 10.000000 4.438258 0.265270 1.479333 14.601363 310.000000 0.000000 493.000000 428.000000 2.000000 0.000000 36.458896
0 80.257353 10.000000 4.462328 0.547498 2.838812 70.851701 686.000000 0.000000 2264.000000 2298.000000 2.000000 0.000000 -1.000000
0 77.609399 10.000000 2.607081 6.178028 23.167190 29.424369 149.000000 0.000000 163.000000 264031.000000 2.000000 0.000000 -1.000000
1 15.944968 10.000000 3.886439 0.399206 2.045848 8.498706 235.000000 0.000000 458.000000 564.000000 2.000000 0.000000 36.445924
1 16.324254 10.000000 3.903912 0.201569 1.059997 10.694859 244.000000 0.000000 326.000000 805.000000 2.000000 0.000000 37.439637
1 7.758718 10.000000 1.956518 0.298795 1.395286 3.364756 280.000000 0.000000 566.000000 864.000000 2.000000 0.000000 34.739585
1 14.507515 10.000000 2.383363 0.275888 1.375198 9.717545 222.000000 0.000000 488.000000 689.000000 2.000000 0.000000 39.368997
1 42.528848 10.000000 3.899204 1.272082 6.422247 27.145217 553.000000 0.000000 2637.000000 2243.000000 2.000000 0.000000 35.815540
1 30.330546 10.000000 4.423954 0.379544 1.996829 22.437805 281.000000 0.000000 668.000000 389.000000 2.000000 0.000000 35.313311
1 13.278878 10.000000 2.398913 0.158260 0.850276 9.690713 178.000000 0.000000 495.000000 380.000000 2.000000 0.000000 37.338657
1 12.042599 10.000000 2.303348 0.075567 0.351789 9.153596 144.000000 0.000000 198.000000 229.000000 2.000000 0.000000 33.466199
0 77.391260 10.000000 2.131048 1.158815 4.193320 8.471264 138.000000 0.000000 239.000000 36740.000000 2.000000 0.000000 -1.000000
1 55.246736 10.000000 2.006659 0.615066 3.227177 47.879992 781.000000 0.000000 2092.000000 2789.000000 2.000000 0.000000 34.140962
1 47.374678 10.000000 2.276958 0.543695 2.690723 40.412744 506.000000 0.000000 1170.000000 1145.000000 2.000000 0.000000 38.097283
1 4.236000 10.000000 2.053988 0.026865 0.144134 1.980559 78.000000 0.000000 52.000000 114.000000 2.000000 0.000000 34.637069
1 28.424017 10.000000 2.432301 0.163236 0.894110 24.948553 226.000000 0.000000 666.000000 253.000000 2.000000 0.000000 35.022018
1 22.027600 10.000000 2.527277 0.180913 1.016598 17.854431 283.000000 0.000000 564.000000 626.000000 2.000000 0.000000 36.340801
1 14.274367 10.000000 2.919506 0.161373 0.944095 9.893773 225.000000 0.000000 282.000000 634.000000 2.000000 0.000000 35.443285
1 19.403759 10.000000 2.520638 0.205255 1.046942 15.031514 248.000000 0.000000 595.000000 496.000000 2.000000 0.000000 35.103474
1 24.416299 10.000000 2.560116 0.551415 2.871308 17.025443 386.000000 0.000000 1669.000000 1254.000000 2.000000 0.000000 35.208215
0 78.412936 10.000000 2.868126 1.204598 6.976061 13.780708 363.000000 0.000000 533.000000 27854.000000 2.000000 0.000000 -1.000000
