1 1.888955 1.000000 1.887711 0.000158 0.000604 0.000009 4.000000 2.000000 0.000000 0.000000 0.000000 0.000000 14.305074
1 1.540882 1.000000 1.539283 0.000164 0.000858 0.000010 4.000000 2.000000 0.000000 0.000000 0.000000 0.000000 19.433513
1 1.648189 1.000000 1.647115 0.000139 0.000554 0.000005 3.000000 2.000000 0.000000 1.000000 0.000000 0.000000 11.853364
1 1.212010 1.000000 1.210990 0.000123 0.000486 0.000007 4.000000 2.000000 0.000000 0.000000 0.000000 0.000000 15.569583
1 1.200616 1.000000 1.198657 0.000227 0.001051 0.000007 4.000000 2.000000 0.000000 20.000000 0.000000 0.000000 17.819773
1 1.706173 1.000000 1.705132 0.000121 0.000494 0.000008 5.000000 2.000000 0.000000 0.000000 0.000000 0.000000 14.892149
1 1.363555 1.000000 1.362450 0.000144 0.000552 0.000013 4.000000 2.000000 0.000000 0.000000 0.000000 0.000000 14.887570
1 1.354555 1.000000 1.351995 0.000314 0.001270 0.000008 4.000000 2.000000 0.000000 10.000000 0.000000 0.000000 16.356066
1 1.587041 1.000000 1.583913 0.000363 0.001619 0.000009 5.000000 2.000000 0.000000 15.000000 0.000000 0.000000 16.495439
1 7.247661 1.000000 7.244488 0.000300 0.001736 0.000010 5.000000 2.000000 0.000000 6.000000 0.000000 0.000000 14.809036
1 2.690164 1.000000 2.687678 0.000308 0.001245 0.000013 3.000000 2.000000 0.000000 0.000000 0.000000 0.000000 15.423615
1 2.635100 1.000000 2.633268 0.000233 0.000883 0.000011 3.000000 2.000000 0.000000 0.000000 0.000000 0.000000 13.671556
1 2.913104 1.000000 2.911204 0.000226 0.000977 0.000009 4.000000 2.000000 0.000000 3.000000 0.000000 0.000000 18.725194
1 1.528441 1.000000 1.526931 0.000176 0.000726 0.000009 4.000000 2.000000 0.000000 0.000000 0.000000 0.000000 15.606251
1 1.556523 1.000000 1.553429 0.000348 0.001539 0.000010 4.000000 2.000000 0.000000 8.000000 0.000000 0.000000 13.633480
1 1.559982 1.000000 1.558814 0.000150 0.000577 0.000009 4.000000 2.000000 0.000000 0.000000 0.000000 0.000000 14.753850
1 1.572510 1.000000 1.571262 0.000158 0.000601 0.000009 4.000000 2.000000 0.000000 0.000000 0.000000 0.000000 14.999915
1 1.579200 1.000000 1.577445 0.000228 0.000877 0.000009 4.000000 2.000000 0.000000 0.000000 0.000000 0.000000 16.495591
1 1.560099 1.000000 1.558658 0.000177 0.000691 0.000009 4.000000 2.000000 0.000000 0.000000 0.000000 0.000000 16.401613
1 1.396661 1.000000 1.395550 0.000135 0.000542 0.000007 4.000000 2.000000 0.000000 0.000000 0.000000 0.000000 17.924200
1 1.917666 1.000000 1.916307 0.000148 0.000736 0.000010 6.000000 2.000000 0.000000 0.000000 0.000000 0.000000 17.862676
1 1.468054 1.000000 1.466990 0.000133 0.000532 0.000006 3.000000 2.000000 0.000000 0.000000 0.000000 0.000000 12.675977
1 1.494530 1.000000 1.493305 0.000157 0.000602 0.000007 4.000000 2.000000 0.000000 1.000000 0.000000 0.000000 15.700527
1 2.847308 1.000000 2.845346 0.000251 0.000992 0.000014 4.000000 2.000000 0.000000 0.000000 0.000000 0.000000 15.393769
1 1.993013 1.000000 1.991812 0.000156 0.000620 0.000007 3.000000 2.000000 0.000000 0.000000 0.000000 0.000000 18.117658
1 1.369741 1.000000 1.367818 0.000207 0.001044 0.000008 4.000000 2.000000 0.000000 1.000000 0.000000 0.000000 18.084463
1 1.376628 1.000000 1.372033 0.000494 0.002556 0.000014 8.000000 2.000000 0.000000 7.000000 0.000000 0.000000 20.799883
1 1.249865 1.000000 1.248919 0.000123 0.000467 0.000007 4.000000 2.000000 0.000000 0.000000 0.000000 0.000000 15.468579
1 1.203259 1.000000 1.201489 0.000226 0.000897 0.000008 4.000000 2.000000 0.000000 6.000000 0.000000 0.000000 16.387241
1 1.484227 1.000000 1.483145 0.000128 0.000517 0.000008 4.000000 2.000000 0.000000 0.000000 0.000000 0.000000 14.069085
1 1.418377 1.000000 1.417154 0.000133 0.000651 0.000008 5.000000 2.000000 0.000000 0.000000 0.000000 0.000000 13.139326
1 1.133520 1.000000 1.132606 0.000120 0.000468 0.000005 3.000000 2.000000 0.000000 0.000000 0.000000 0.000000 16.430220
1 1.118552 1.000000 1.117395 0.000147 0.000569 0.000015 4.000000 2.000000 0.000000 0.000000 0.000000 0.000000 15.522166
1 1.447335 1.000000 1.443320 0.000437 0.001987 0.000009 5.000000 2.000000 0.000000 5.000000 0.000000 0.000000 25.140735
1 1.205292 1.000000 1.204151 0.000137 0.000564 0.000007 4.000000 2.000000 0.000000 0.000000 0.000000 0.000000 17.130357
1 1.185143 1.000000 1.183775 0.000139 0.000656 0.000006 3.000000 2.000000 0.000000 0.000000 0.000000 0.000000 16.190865
1 1.460773 1.000000 1.457378 0.000453 0.001760 0.000009 2.000000 2.000000 0.000000 18.000000 0.000000 0.000000 11.672182
1 2.381026 1.000000 2.378872 0.000253 0.001008 0.000017 4.000000 2.000000 0.000000 0.000000 0.000000 0.000000 15.093846
1 1.916251 1.000000 1.914908 0.000135 0.000757 0.000010 4.000000 2.000000 0.000000 0.000000 0.000000 0.000000 13.131525
1 1.566568 1.000000 1.565215 0.000160 0.000644 0.000009 4.000000 2.000000 0.000000 0.000000 0.000000 0.000000 15.244533
1 1.671125 1.000000 1.670096 0.000119 0.000494 0.000006 4.000000 2.000000 0.000000 0.000000 0.000000 0.000000 13.190252
1 1.220571 1.000000 1.219330 0.000136 0.000641 0.000007 4.000000 2.000000 0.000000 0.000000 0.000000 0.000000 18.336306
1 1.200869 1.000000 1.199888 0.000125 0.000479 0.000008 4.000000 2.000000 0.000000 0.000000 0.000000 0.000000 14.641731
1 1.798264 1.000000 1.795296 0.000373 0.001483 0.000011 5.000000 2.000000 0.000000 5.000000 0.000000 0.000000 17.539612
1 1.348003 1.000000 1.346232 0.000245 0.000877 0.000009 5.000000 2.000000 0.000000 1.000000 0.000000 0.000000 17.332183
1 1.374182 1.000000 1.372814 0.000177 0.000654 0.000008 4.000000 2.000000 0.000000 6.000000 0.000000 0.000000 15.113723
1 1.310443 1.000000 1.309496 0.000117 0.000451 0.000006 3.000000 2.000000 0.000000 0.000000 0.000000 0.000000 13.029462
1 1.213693 1.000000 1.211666 0.000219 0.001057 0.000008 5.000000 2.000000 0.000000 1.000000 0.000000 0.000000 19.473229
1 1.210983 1.000000 1.209900 0.000149 0.000548 0.000007 4.000000 2.000000 0.000000 1.000000 0.000000 0.000000 14.800133
1 1.234301 1.000000 1.232298 0.000200 0.001075 0.000010 5.000000 2.000000 0.000000 5.000000 0.000000 0.000000 18.751271
1 1.401287 1.000000 1.400175 0.000125 0.000558 0.000007 4.000000 2.000000 0.000000 0.000000 0.000000 0.000000 12.876555
1 1.346388 1.000000 1.345053 0.000134 0.000713 0.000006 3.000000 2.000000 0.000000 0.000000 0.000000 0.000000 12.434856
1 1.334934 1.000000 1.333831 0.000103 0.000711 0.000006 3.000000 2.000000 0.000000 0.000000 0.000000 0.000000 11.633045
1 1.198695 1.000000 1.197810 0.000115 0.000438 0.000010 4.000000 2.000000 0.000000 0.000000 0.000000 0.000000 13.284562
1 1.206166 1.000000 1.204409 0.000199 0.000935 0.000009 4.000000 2.000000 0.000000 8.000000 0.000000 0.000000 14.948528
1 1.192602 1.000000 1.189499 0.000320 0.001617 0.000008 4.000000 2.000000 0.000000 10.000000 0.000000 0.000000 15.970981
1 1.347952 1.000000 1.346992 0.000124 0.000460 0.000008 4.000000 2.000000 0.000000 0.000000 0.000000 0.000000 12.690483
1 1.354257 1.000000 1.352882 0.000160 0.000651 0.000011 4.000000 2.000000 0.000000 0.000000 0.000000 0.000000 17.202116
1 1.353328 1.000000 1.350848 0.000187 0.001627 0.000008 4.000000 2.000000 0.000000 4.000000 0.000000 0.000000 14.943472
1 1.226224 1.000000 1.223950 0.000253 0.001176 0.000008 5.000000 2.000000 0.000000 5.000000 0.000000 0.000000 21.071664
1 2.401114 2.000000 1.277317 0.120659 0.573804 0.021315 2160.000000 2.000000 374.000000 221.000000 0.000000 0.000000 33.353476
1 1.527941 2.000000 1.517740 0.001014 0.005459 0.000675 13.000000 2.000000 3.000000 9.000000 0.000000 0.000000 34.073991
1 1.506185 2.000000 1.483771 0.002094 0.012652 0.000752 17.000000 2.000000 9.000000 17.000000 0.000000 0.000000 32.109736
1 1.263970 2.000000 1.208277 0.005557 0.030444 0.001159 27.000000 2.000000 32.000000 29.000000 0.000000 0.000000 34.729419
1 1.262473 2.000000 1.246851 0.001768 0.008487 0.000607 11.000000 2.000000 10.000000 3.000000 0.000000 0.000000 32.435092
1 1.446628 2.000000 1.248579 0.022914 0.110630 0.001150 21.000000 2.000000 112.000000 84.000000 0.000000 0.000000 30.711761
1 1.298159 2.000000 1.252702 0.004352 0.023839 0.000766 14.000000 2.000000 19.000000 16.000000 0.000000 0.000000 30.973504
1 2.746978 2.000000 2.572448 0.017735 0.098540 0.002141 23.000000 2.000000 28.000000 90.000000 0.000000 0.000000 36.618214
1 2.908750 2.000000 2.707961 0.021806 0.109372 0.001970 25.000000 2.000000 94.000000 33.000000 0.000000 0.000000 30.914100
1 2.335496 2.000000 2.265582 0.007345 0.038733 0.001486 27.000000 2.000000 21.000000 33.000000 0.000000 0.000000 34.399074
1 1.809116 2.000000 1.792257 0.001413 0.009497 0.001118 35.000000 2.000000 6.000000 18.000000 0.000000 0.000000 32.076428
1 1.662898 2.000000 1.546296 0.012434 0.064080 0.000870 19.000000 2.000000 59.000000 38.000000 0.000000 0.000000 29.190476
1 1.584789 2.000000 1.339273 0.023046 0.128987 0.001033 19.000000 2.000000 142.000000 33.000000 0.000000 0.000000 30.079918
1 1.502258 2.000000 1.431773 0.007483 0.037606 0.000965 15.000000 2.000000 27.000000 20.000000 0.000000 0.000000 30.196224
1 1.715797 2.000000 1.684145 0.003323 0.017940 0.000855 18.000000 2.000000 12.000000 13.000000 0.000000 0.000000 30.555368
1 1.630261 2.000000 1.542260 0.008591 0.048943 0.000805 16.000000 2.000000 62.000000 21.000000 0.000000 0.000000 30.078269
1 1.600323 2.000000 1.528645 0.007889 0.038494 0.003008 234.000000 2.000000 44.000000 16.000000 0.000000 0.000000 31.386139
1 1.276327 2.000000 1.248616 0.003125 0.015132 0.000728 14.000000 2.000000 6.000000 28.000000 0.000000 0.000000 33.101673
1 1.544261 2.000000 1.283361 0.029689 0.151829 0.003208 173.000000 2.000000 167.000000 47.000000 0.000000 0.000000 33.287438
1 1.435901 2.000000 1.413559 0.002557 0.012505 0.000748 13.000000 2.000000 40.000000 5.000000 0.000000 0.000000 28.828533
1 1.752313 2.000000 1.723346 0.002920 0.015562 0.000887 15.000000 2.000000 6.000000 14.000000 0.000000 0.000000 30.086702
1 3.743915 2.000000 3.599854 0.015363 0.079747 0.002110 18.000000 2.000000 26.000000 29.000000 0.000000 0.000000 29.799559
1 2.885712 2.000000 2.529857 0.040575 0.198972 0.001963 20.000000 2.000000 112.000000 35.000000 0.000000 0.000000 28.933338
1 2.500786 2.000000 2.469236 0.003690 0.016980 0.001014 18.000000 2.000000 31.000000 6.000000 0.000000 0.000000 29.078167
1 1.850982 2.000000 1.751453 0.011349 0.055271 0.001012 17.000000 2.000000 61.000000 47.000000 0.000000 0.000000 31.121545
1 1.634482 2.000000 1.618080 0.001604 0.009027 0.001118 31.000000 2.000000 4.000000 18.000000 0.000000 0.000000 37.589117
1 1.316185 2.000000 1.244779 0.007795 0.038395 0.001035 19.000000 2.000000 34.000000 14.000000 0.000000 0.000000 30.173077
1 1.556724 2.000000 1.534893 0.002246 0.012492 0.000761 20.000000 2.000000 18.000000 16.000000 0.000000 0.000000 32.586005
1 1.600299 2.000000 1.527856 0.007251 0.040237 0.000916 18.000000 2.000000 50.000000 11.000000 0.000000 0.000000 26.866606
1 1.783993 2.000000 1.718439 0.007391 0.036442 0.001012 21.000000 2.000000 86.000000 10.000000 0.000000 0.000000 29.293320
1 1.822893 2.000000 1.485393 0.031800 0.179425 0.001630 46.000000 2.000000 123.000000 61.000000 0.000000 0.000000 30.253814
1 1.262705 2.000000 1.257251 0.000555 0.002835 0.000600 11.000000 2.000000 0.000000 0.000000 0.000000 0.000000 31.584616
1 1.290381 2.000000 1.282435 0.000860 0.004072 0.000625 12.000000 2.000000 0.000000 4.000000 0.000000 0.000000 34.463332
1 2.507581 2.000000 2.393899 0.011272 0.061757 0.003024 99.000000 2.000000 35.000000 25.000000 0.000000 0.000000 31.242390
1 2.472434 2.000000 2.345030 0.014960 0.072169 0.001222 20.000000 2.000000 57.000000 31.000000 0.000000 0.000000 31.675713
1 1.499305 2.000000 1.447292 0.005853 0.029330 0.001202 21.000000 2.000000 25.000000 29.000000 0.000000 0.000000 30.126570
1 1.751480 2.000000 1.725487 0.002580 0.013304 0.001061 19.000000 2.000000 22.000000 12.000000 0.000000 0.000000 31.758128
1 1.307813 2.000000 1.302451 0.000545 0.002751 0.000598 17.000000 2.000000 0.000000 2.000000 0.000000 0.000000 26.995814
1 1.658365 2.000000 1.256361 0.044134 0.217243 0.009165 874.000000 2.000000 160.000000 231.000000 0.000000 0.000000 41.501896
1 1.872818 2.000000 1.862693 0.001080 0.005306 0.000876 15.000000 2.000000 3.000000 0.000000 0.000000 0.000000 35.771917
1 2.029525 2.000000 2.018566 0.001030 0.005229 0.001009 15.000000 2.000000 0.000000 5.000000 0.000000 0.000000 33.831000
1 2.422583 2.000000 2.011291 0.043826 0.222646 0.002473 24.000000 2.000000 121.000000 15.000000 0.000000 0.000000 30.121791
1 2.944564 2.000000 2.909377 0.003928 0.018507 0.001670 13.000000 2.000000 11.000000 11.000000 0.000000 0.000000 33.863731
1 2.647430 2.000000 2.530167 0.012999 0.064616 0.001573 15.000000 2.000000 14.000000 51.000000 0.000000 0.000000 32.845415
1 2.175168 2.000000 2.087452 0.010004 0.051022 0.000993 17.000000 2.000000 49.000000 36.000000 0.000000 0.000000 27.594083
1 1.445393 2.000000 1.414621 0.003335 0.017142 0.001040 18.000000 2.000000 21.000000 4.000000 0.000000 0.000000 28.863354
1 1.463887 2.000000 1.417424 0.004407 0.024793 0.000775 13.000000 2.000000 11.000000 14.000000 0.000000 0.000000 35.338541
1 1.551543 2.000000 1.539379 0.001169 0.006260 0.000579 12.000000 2.000000 10.000000 6.000000 0.000000 0.000000 28.816370
1 1.259165 2.000000 1.243674 0.001761 0.008433 0.000692 14.000000 2.000000 13.000000 8.000000 0.000000 0.000000 33.548551
1 2.108945 2.000000 1.886640 0.023478 0.126947 0.002691 51.000000 2.000000 129.000000 55.000000 0.000000 0.000000 33.382792
1 2.122625 2.000000 2.043672 0.008468 0.044458 0.001309 21.000000 2.000000 41.000000 46.000000 0.000000 0.000000 31.779249
1 1.998457 2.000000 1.962138 0.004052 0.020094 0.000973 22.000000 2.000000 29.000000 15.000000 0.000000 0.000000 28.147662
1 9.654506 2.000000 1.253303 0.862441 4.120031 0.003726 61.000000 2.000000 1067.000000 1355.000000 0.000000 0.000000 33.408554
1 1.491454 2.000000 1.261486 0.022875 0.123297 0.000959 17.000000 2.000000 145.000000 68.000000 0.000000 0.000000 35.131883
1 2.552406 2.000000 2.321129 0.025041 0.128608 0.004097 140.000000 2.000000 78.000000 77.000000 0.000000 0.000000 39.249467
1 1.454167 2.000000 1.425869 0.003026 0.016523 0.000998 22.000000 2.000000 22.000000 35.000000 0.000000 0.000000 37.101896
1 1.249518 2.000000 1.243060 0.000728 0.003231 0.000565 11.000000 2.000000 0.000000 9.000000 0.000000 0.000000 30.126936
1 1.562268 2.000000 1.548352 0.001293 0.007336 0.000627 12.000000 2.000000 3.000000 6.000000 0.000000 0.000000 34.401328
1 1.850764 2.000000 1.640040 0.023551 0.120021 0.002971 158.000000 2.000000 59.000000 131.000000 0.000000 0.000000 35.699313
1 1.589477 4.000000 1.433042 0.019381 0.078720 0.008401 45.000000 2.000000 75.000000 51.000000 0.000000 0.000000 31.484364
1 2.412451 4.000000 1.738580 0.077520 0.356618 0.018020 51.000000 2.000000 130.000000 104.000000 0.000000 0.000000 34.678603
1 4.562963 4.000000 3.534061 0.123925 0.556679 0.023588 77.000000 2.000000 207.000000 183.000000 0.000000 0.000000 30.563295
1 3.118770 4.000000 2.891474 0.025089 0.119150 0.008203 40.000000 2.000000 111.000000 50.000000 0.000000 0.000000 32.859413
1 2.245568 4.000000 1.617686 0.074200 0.340155 0.014553 69.000000 2.000000 217.000000 156.000000 0.000000 0.000000 34.001632
1 2.894895 4.000000 2.699092 0.017188 0.092079 0.019627 108.000000 2.000000 60.000000 74.000000 0.000000 0.000000 44.439403
1 1.883230 4.000000 1.522881 0.043303 0.189859 0.011450 71.000000 2.000000 155.000000 120.000000 0.000000 0.000000 30.480366
1 2.858267 4.000000 1.513259 0.174998 0.732476 0.018627 88.000000 2.000000 393.000000 213.000000 0.000000 0.000000 32.699095
1 4.710301 4.000000 3.732549 0.103084 0.490842 0.067468 275.000000 2.000000 287.000000 356.000000 0.000000 0.000000 64.649301
1 2.361653 4.000000 1.975661 0.042720 0.218500 0.009843 46.000000 2.000000 110.000000 127.000000 0.000000 0.000000 34.817220
1 2.975486 4.000000 2.038062 0.107976 0.510702 0.016885 91.000000 2.000000 462.000000 233.000000 0.000000 0.000000 33.117386
1 2.308453 4.000000 1.606325 0.081646 0.363881 0.016988 95.000000 2.000000 336.000000 115.000000 0.000000 0.000000 31.959050
1 1.975059 4.000000 1.728494 0.028773 0.133129 0.009191 50.000000 2.000000 107.000000 72.000000 0.000000 0.000000 36.492770
1 4.767905 4.000000 4.311441 0.046366 0.224776 0.043158 92.000000 2.000000 56.000000 61.000000 0.000000 0.000000 47.635046
1 5.315247 4.000000 3.131347 0.262320 1.207427 0.033633 121.000000 2.000000 670.000000 501.000000 0.000000 0.000000 32.663477
1 3.129256 4.000000 1.964478 0.140181 0.637751 0.015256 92.000000 2.000000 609.000000 266.000000 0.000000 0.000000 30.171688
1 2.098838 4.000000 1.821390 0.030147 0.140829 0.012585 73.000000 2.000000 169.000000 114.000000 0.000000 0.000000 29.152299
1 2.018345 4.000000 1.855800 0.017765 0.084923 0.009825 53.000000 2.000000 123.000000 53.000000 0.000000 0.000000 31.709795
1 2.703101 4.000000 1.809005 0.100481 0.474176 0.017139 98.000000 2.000000 413.000000 222.000000 0.000000 0.000000 30.245226
1 2.077082 4.000000 1.881874 0.020245 0.101537 0.013934 76.000000 2.000000 93.000000 69.000000 0.000000 0.000000 38.598211
1 1.605508 4.000000 1.532963 0.007526 0.036590 0.006364 41.000000 2.000000 50.000000 26.000000 0.000000 0.000000 29.770050
1 1.957592 4.000000 1.936211 0.001926 0.008772 0.005330 28.000000 2.000000 0.000000 13.000000 0.000000 0.000000 30.810410
1 1.828411 4.000000 1.779913 0.005070 0.024543 0.004766 27.000000 2.000000 13.000000 25.000000 0.000000 0.000000 31.424792
1 2.519041 4.000000 2.175182 0.034133 0.169510 0.029171 143.000000 2.000000 241.000000 161.000000 0.000000 0.000000 34.226011
1 2.963297 4.000000 1.828840 0.128928 0.593350 0.034531 195.000000 2.000000 280.000000 316.000000 0.000000 0.000000 38.821245
1 2.325702 4.000000 2.087520 0.026437 0.125216 0.014686 76.000000 2.000000 136.000000 56.000000 0.000000 0.000000 30.573356
1 3.448700 4.000000 3.249509 0.017595 0.088704 0.026751 120.000000 2.000000 94.000000 56.000000 0.000000 0.000000 33.608280
1 1.486262 4.000000 1.468558 0.001861 0.008209 0.002837 21.000000 2.000000 0.000000 10.000000 0.000000 0.000000 29.605466
1 1.527147 4.000000 1.488160 0.004273 0.019326 0.003202 21.000000 2.000000 22.000000 24.000000 0.000000 0.000000 28.251144
1 2.418323 4.000000 1.807677 0.072979 0.310998 0.017529 96.000000 2.000000 209.000000 128.000000 0.000000 0.000000 34.295250
1 1.976465 4.000000 1.588998 0.041770 0.208300 0.010154 59.000000 2.000000 172.000000 92.000000 0.000000 0.000000 34.734116
1 3.778557 4.000000 2.776265 0.110527 0.544654 0.023692 69.000000 2.000000 182.000000 234.000000 0.000000 0.000000 30.227234
1 2.383331 4.000000 2.194508 0.021484 0.099731 0.010614 49.000000 2.000000 135.000000 58.000000 0.000000 0.000000 35.068029
1 2.353311 4.000000 1.771296 0.061951 0.303060 0.010630 60.000000 2.000000 236.000000 94.000000 0.000000 0.000000 31.097500
1 2.055720 4.000000 1.865021 0.021933 0.096581 0.010111 54.000000 2.000000 77.000000 42.000000 0.000000 0.000000 57.735894
1 2.021023 4.000000 1.597823 0.048694 0.225509 0.012086 69.000000 2.000000 180.000000 101.000000 0.000000 0.000000 29.780272
1 3.063867 4.000000 2.546106 0.051174 0.241317 0.036684 148.000000 2.000000 73.000000 112.000000 0.000000 0.000000 45.889485
1 2.131330 4.000000 1.617822 0.062995 0.270610 0.015840 88.000000 2.000000 249.000000 77.000000 0.000000 0.000000 28.952115
1 2.405244 4.000000 1.565756 0.093157 0.445412 0.020035 112.000000 2.000000 457.000000 267.000000 0.000000 0.000000 32.099975
1 2.097090 4.000000 1.766901 0.038051 0.170558 0.014283 81.000000 2.000000 110.000000 208.000000 0.000000 0.000000 48.937108
1 1.627264 4.000000 1.228971 0.046411 0.211515 0.008952 54.000000 2.000000 182.000000 175.000000 0.000000 0.000000 36.079991
1 2.652741 4.000000 1.842336 0.086173 0.410806 0.046242 318.000000 2.000000 410.000000 330.000000 0.000000 0.000000 29.075564
0 77.303311 4.000000 2.080327 0.768934 3.587706 0.018726 55.000000 2.000000 31.000000 44024.000000 0.000000 0.000000 -1.000000
1 2.112329 4.000000 1.694729 0.046284 0.217985 0.016563 98.000000 2.000000 162.000000 196.000000 0.000000 0.000000 39.654440
1 1.907676 4.000000 1.453201 0.050732 0.259409 0.011755 79.000000 2.000000 264.000000 125.000000 0.000000 0.000000 30.999969
1 1.575626 4.000000 1.497419 0.008365 0.041319 0.005517 37.000000 2.000000 87.000000 24.000000 0.000000 0.000000 33.878622
1 1.895441 4.000000 1.669383 0.025538 0.112769 0.012754 73.000000 2.000000 154.000000 78.000000 0.000000 0.000000 29.906791
1 1.905364 4.000000 1.517946 0.041298 0.205131 0.010400 71.000000 2.000000 247.000000 120.000000 0.000000 0.000000 28.633683
1 1.680672 4.000000 1.440248 0.028643 0.123813 0.009025 62.000000 2.000000 112.000000 72.000000 0.000000 0.000000 32.401741
1 2.325405 4.000000 1.695815 0.073601 0.326729 0.015717 93.000000 2.000000 230.000000 151.000000 0.000000 0.000000 64.918608
1 4.663943 4.000000 1.420820 0.385844 1.743680 0.023683 156.000000 2.000000 1814.000000 791.000000 0.000000 0.000000 30.244625
1 1.548606 4.000000 1.431292 0.013055 0.059657 0.005469 40.000000 2.000000 53.000000 33.000000 0.000000 0.000000 31.240102
1 1.522208 4.000000 1.430078 0.010904 0.046763 0.005261 34.000000 2.000000 20.000000 38.000000 0.000000 0.000000 36.878323
1 2.680739 4.000000 1.422409 0.145523 0.669645 0.019917 126.000000 2.000000 461.000000 473.000000 0.000000 0.000000 43.784103
1 2.698652 4.000000 1.438110 0.150909 0.701545 0.015745 103.000000 2.000000 532.000000 500.000000 0.000000 0.000000 29.351876
1 1.468375 4.000000 1.435660 0.003810 0.015678 0.003524 22.000000 2.000000 11.000000 15.000000 0.000000 0.000000 34.957330
1 2.242812 4.000000 1.690581 0.061162 0.293368 0.018304 107.000000 2.000000 212.000000 194.000000 0.000000 0.000000 32.958965
1 1.196882 4.000000 1.171244 0.002688 0.012381 0.003274 23.000000 2.000000 14.000000 13.000000 0.000000 0.000000 29.673221
1 2.672616 6.000000 2.047989 0.051676 0.275651 0.115106 352.000000 2.000000 172.000000 180.000000 0.000000 0.000000 59.849617
1 1.938737 6.000000 1.680536 0.029826 0.129228 0.019115 76.000000 2.000000 47.000000 105.000000 0.000000 0.000000 39.578886
1 3.651843 6.000000 1.677108 0.213753 1.016447 0.091690 340.000000 2.000000 576.000000 716.000000 0.000000 0.000000 50.353051
1 16.175253 6.000000 1.696092 1.622429 7.451469 0.363704 1286.000000 2.000000 3301.000000 3778.000000 0.000000 0.000000 44.256002
0 76.436144 6.000000 1.428892 6.462543 19.989988 0.240141 931.000000 2.000000 4792.000000 540930.000000 0.000000 0.000000 -1.000000
1 4.970070 6.000000 1.878150 0.332229 1.524874 0.215555 611.000000 2.000000 562.000000 1084.000000 0.000000 0.000000 64.691797
1 2.225741 6.000000 1.421770 0.090165 0.429665 0.037089 147.000000 2.000000 367.000000 158.000000 0.000000 0.000000 43.232454
1 2.406826 6.000000 1.832822 0.053396 0.239032 0.109318 297.000000 2.000000 213.000000 101.000000 0.000000 0.000000 58.420979
1 2.897488 6.000000 1.660300 0.140185 0.628941 0.086876 304.000000 2.000000 507.000000 261.000000 0.000000 0.000000 55.648349
1 4.233016 6.000000 1.704661 0.276722 1.343668 0.120781 458.000000 2.000000 1378.000000 697.000000 0.000000 0.000000 42.857735
1 2.854566 6.000000 1.660301 0.150841 0.623412 0.044141 157.000000 2.000000 301.000000 338.000000 0.000000 0.000000 42.104946
1 2.562093 6.000000 1.684175 0.102187 0.443364 0.045804 166.000000 2.000000 284.000000 250.000000 0.000000 0.000000 45.148672
1 3.704421 6.000000 1.686441 0.239091 1.034977 0.081030 264.000000 2.000000 800.000000 680.000000 0.000000 0.000000 57.140112
0 76.535163 6.000000 1.480704 2.734159 7.551840 0.074861 284.000000 2.000000 876.000000 241197.000000 0.000000 0.000000 -1.000000
1 28.086830 6.000000 1.169922 3.126156 14.036914 0.292604 1137.000000 2.000000 8089.000000 5666.000000 0.000000 0.000000 40.021294
1 2.900790 6.000000 1.880232 0.103042 0.480605 0.109092 354.000000 2.000000 510.000000 176.000000 0.000000 0.000000 54.914987
1 10.345247 6.000000 8.954438 0.130990 0.617229 0.188108 508.000000 2.000000 393.000000 382.000000 0.000000 0.000000 68.885450
1 2.140237 6.000000 1.796679 0.040897 0.172482 0.025977 94.000000 2.000000 80.000000 97.000000 0.000000 0.000000 42.886887
1 3.213937 6.000000 1.487379 0.209092 0.940083 0.047164 184.000000 2.000000 416.000000 496.000000 0.000000 0.000000 34.911583
1 20.171388 6.000000 1.689543 2.042306 9.347030 0.383149 1443.000000 2.000000 3877.000000 4010.000000 0.000000 0.000000 46.890766
1 2.804326 6.000000 1.660776 0.124310 0.593821 0.055052 191.000000 2.000000 404.000000 414.000000 0.000000 0.000000 52.144435
1 6.697256 6.000000 1.440791 0.611203 2.793041 0.123076 507.000000 2.000000 1622.000000 1730.000000 0.000000 0.000000 48.463481
1 4.195175 6.000000 1.687819 0.259948 1.167349 0.288183 834.000000 2.000000 960.000000 742.000000 0.000000 0.000000 59.945298
1 2.354930 6.000000 1.883336 0.048355 0.222047 0.055689 180.000000 2.000000 123.000000 162.000000 0.000000 0.000000 59.124131
1 5.625901 6.000000 3.603291 0.184773 0.914122 0.269567 804.000000 2.000000 433.000000 662.000000 0.000000 0.000000 80.520866
1 4.661081 6.000000 1.433319 0.380306 1.733457 0.084378 346.000000 2.000000 900.000000 895.000000 0.000000 0.000000 45.396560
1 4.896081 6.000000 1.682789 0.352706 1.669028 0.162052 577.000000 2.000000 816.000000 1266.000000 0.000000 0.000000 46.270742
1 14.900330 6.000000 1.439070 1.575353 7.026314 0.205374 844.000000 2.000000 3962.000000 2754.000000 0.000000 0.000000 39.312986
1 20.200699 6.000000 1.442650 2.179987 9.967309 0.289871 1094.000000 2.000000 5850.000000 4267.000000 0.000000 0.000000 39.037428
1 10.952509 6.000000 1.999070 0.937227 4.219129 0.756200 2310.000000 2.000000 2700.000000 3177.000000 0.000000 0.000000 163.811396
1 12.059063 6.000000 1.712149 1.112911 5.314475 0.472292 1422.000000 2.000000 2984.000000 3430.000000 0.000000 0.000000 66.077926
1 2.384001 6.000000 2.112674 0.024722 0.117515 0.052047 162.000000 2.000000 46.000000 95.000000 0.000000 0.000000 49.279637
1 4.917708 6.000000 1.702934 0.359740 1.678766 0.129208 442.000000 2.000000 1183.000000 1205.000000 0.000000 0.000000 55.089064
1 2.870650 6.000000 1.435605 0.176663 0.762862 0.054704 192.000000 2.000000 618.000000 392.000000 0.000000 0.000000 39.610492
1 22.642379 6.000000 1.432542 2.533396 11.406122 0.259240 962.000000 2.000000 5658.000000 4484.000000 0.000000 0.000000 40.932302
1 5.021852 6.000000 1.445955 0.432374 1.917985 0.106091 404.000000 2.000000 1207.000000 904.000000 0.000000 0.000000 40.301420
1 13.087200 6.000000 1.492107 1.326733 6.233838 0.140409 555.000000 2.000000 3535.000000 2676.000000 0.000000 0.000000 43.491246
1 1.728505 6.000000 1.458559 0.030427 0.135799 0.025094 96.000000 2.000000 81.000000 108.000000 0.000000 0.000000 42.395140
1 5.799190 6.000000 1.454259 0.501498 2.304848 0.084430 346.000000 2.000000 1532.000000 1074.000000 0.000000 0.000000 40.045716
1 3.585186 6.000000 1.446465 0.231012 1.101562 0.057567 216.000000 2.000000 688.000000 549.000000 0.000000 0.000000 38.123034
1 10.970000 6.000000 1.426642 1.094364 5.006241 0.222322 793.000000 2.000000 3252.000000 1992.000000 0.000000 0.000000 44.606853
1 2.189584 6.000000 2.001375 0.018163 0.083052 0.031667 101.000000 2.000000 27.000000 82.000000 0.000000 0.000000 47.338859
1 8.199713 6.000000 1.620953 0.784725 3.328017 0.169749 614.000000 2.000000 1818.000000 1504.000000 0.000000 0.000000 46.259607
1 8.995319 6.000000 1.428162 0.810232 4.018140 0.156795 611.000000 2.000000 2601.000000 1947.000000 0.000000 0.000000 41.519049
1 6.654309 6.000000 1.798548 0.582046 2.525993 0.209995 504.000000 2.000000 1148.000000 934.000000 0.000000 0.000000 68.910047
1 3.847075 6.000000 2.905519 0.091232 0.443577 0.112819 286.000000 2.000000 83.000000 206.000000 0.000000 0.000000 79.032581
1 2.739562 6.000000 1.639424 0.119361 0.602448 0.041098 159.000000 2.000000 695.000000 365.000000 0.000000 0.000000 38.530915
1 1.814942 6.000000 1.548826 0.030845 0.132566 0.017669 65.000000 2.000000 79.000000 51.000000 0.000000 0.000000 44.997898
1 2.841122 6.000000 1.462199 0.165929 0.733982 0.051028 186.000000 2.000000 542.000000 381.000000 0.000000 0.000000 47.251772
1 2.496105 6.000000 1.646838 0.091119 0.428337 0.053993 171.000000 2.000000 328.000000 190.000000 0.000000 0.000000 52.701060
1 8.926699 6.000000 1.552117 0.835197 3.940630 0.175788 650.000000 2.000000 3352.000000 1994.000000 0.000000 0.000000 43.879989
1 4.667803 6.000000 1.163869 0.409731 1.885507 0.082333 339.000000 2.000000 1774.000000 1083.000000 0.000000 0.000000 50.561844
1 2.251125 6.000000 1.457119 0.093900 0.422514 0.029431 122.000000 2.000000 231.000000 112.000000 0.000000 0.000000 37.862499
1 25.544742 6.000000 1.407626 2.721610 12.691772 0.420763 1595.000000 2.000000 7427.000000 8826.000000 0.000000 0.000000 41.140451
1 4.404826 6.000000 1.654314 0.325532 1.419332 0.147978 519.000000 2.000000 687.000000 978.000000 0.000000 0.000000 46.163202
1 20.676948 6.000000 1.425181 2.261280 10.244044 0.207477 771.000000 2.000000 5347.000000 4801.000000 0.000000 0.000000 52.369284
1 9.811178 6.000000 1.427220 0.968803 4.509484 0.138713 557.000000 2.000000 2359.000000 2815.000000 0.000000 0.000000 33.705340
1 19.846314 6.000000 1.647309 2.073823 9.299812 0.480822 1649.000000 2.000000 6595.000000 4974.000000 0.000000 0.000000 42.519180
1 4.492852 8.000000 1.668623 0.308183 1.494032 0.109627 312.000000 2.000000 661.000000 649.000000 0.000000 0.000000 45.084098
1 12.652545 8.000000 2.091456 0.920659 5.032733 1.400916 2459.000000 2.000000 2022.000000 3226.000000 0.000000 0.000000 97.402884
1 8.207074 8.000000 1.757195 0.685936 3.492783 0.244551 663.000000 2.000000 1738.000000 1520.000000 0.000000 0.000000 45.416516
1 9.305359 8.000000 1.409978 0.829690 4.368098 0.206668 599.000000 2.000000 2094.000000 2191.000000 0.000000 0.000000 39.054479
0 76.563672 8.000000 1.457017 7.379348 39.007947 1.403088 3831.000000 2.000000 13083.000000 12513.000000 0.000000 0.000000 -1.000000
1 6.581859 8.000000 1.536263 0.524534 2.704078 0.142170 380.000000 2.000000 1261.000000 1073.000000 0.000000 0.000000 46.877174
1 8.706098 8.000000 1.752032 0.792024 3.819852 0.149621 409.000000 2.000000 799.000000 1053.000000 0.000000 0.000000 44.846329
1 3.889998 8.000000 1.714203 0.236310 1.152668 0.109396 280.000000 2.000000 354.000000 587.000000 0.000000 0.000000 42.831432
1 2.654872 8.000000 2.097908 0.048737 0.255046 0.083899 182.000000 2.000000 92.000000 176.000000 0.000000 0.000000 47.931830
1 9.082054 8.000000 2.178658 0.748485 3.575011 0.340821 532.000000 2.000000 1032.000000 1078.000000 0.000000 0.000000 54.686763
1 3.132705 8.000000 1.865276 0.138797 0.665713 0.068234 167.000000 2.000000 198.000000 349.000000 0.000000 0.000000 53.321177
1 22.903616 8.000000 1.934007 2.213592 11.306603 0.807202 1814.000000 2.000000 4645.000000 4894.000000 0.000000 0.000000 41.359131
1 3.523695 8.000000 1.408384 0.231131 1.126232 0.113043 321.000000 2.000000 933.000000 450.000000 0.000000 0.000000 37.540452
1 5.943166 8.000000 1.686635 0.388411 2.115231 0.430096 753.000000 2.000000 1290.000000 1151.000000 0.000000 0.000000 44.780223
1 6.887619 8.000000 1.679265 0.563630 2.791651 0.191923 525.000000 2.000000 629.000000 1518.000000 0.000000 0.000000 44.897242
1 16.544912 8.000000 1.733636 1.591285 7.890444 0.500005 1341.000000 2.000000 3558.000000 4962.000000 0.000000 0.000000 46.334039
1 4.490811 8.000000 1.682879 0.296575 1.489241 0.171321 479.000000 2.000000 1064.000000 797.000000 0.000000 0.000000 46.988782
1 2.111049 8.000000 1.681471 0.041453 0.212729 0.052602 133.000000 2.000000 97.000000 92.000000 0.000000 0.000000 44.397747
1 52.021090 8.000000 1.439062 5.779916 27.265980 1.051632 3109.000000 2.000000 10239.000000 10363.000000 0.000000 0.000000 40.452927
1 29.806355 8.000000 1.427664 3.116907 15.289046 0.573012 1522.000000 2.000000 4568.000000 4944.000000 0.000000 0.000000 38.531293
1 2.931043 8.000000 1.715456 0.136237 0.640991 0.068154 191.000000 2.000000 187.000000 356.000000 0.000000 0.000000 51.874097
1 2.679393 8.000000 1.423574 0.137279 0.665547 0.065381 190.000000 2.000000 482.000000 296.000000 0.000000 0.000000 37.997341
1 21.402596 8.000000 2.063486 1.616201 8.956693 2.269988 4645.000000 2.000000 5787.000000 7180.000000 0.000000 0.000000 94.248815
1 2.740997 8.000000 1.669326 0.112762 0.560661 0.071784 190.000000 2.000000 219.000000 401.000000 0.000000 0.000000 39.404054
1 4.167681 8.000000 1.448387 0.304425 1.457679 0.105176 290.000000 2.000000 810.000000 700.000000 0.000000 0.000000 42.796622
1 5.056970 8.000000 1.457959 0.370011 1.949521 0.126663 360.000000 2.000000 806.000000 1131.000000 0.000000 0.000000 45.310988
1 3.794940 8.000000 1.651559 0.247104 1.159835 0.096178 253.000000 2.000000 407.000000 736.000000 0.000000 0.000000 41.996865
1 4.483882 8.000000 1.446152 0.327388 1.673337 0.140145 405.000000 2.000000 966.000000 940.000000 0.000000 0.000000 40.039756
1 6.967354 8.000000 1.680053 0.578855 2.840191 0.220562 497.000000 2.000000 887.000000 1570.000000 0.000000 0.000000 83.114568
1 29.365117 8.000000 1.813198 2.814840 14.595380 0.904772 2409.000000 2.000000 2495.000000 7370.000000 0.000000 0.000000 55.523988
1 5.059227 8.000000 1.689330 0.367719 1.776086 0.143878 377.000000 2.000000 788.000000 984.000000 0.000000 0.000000 45.024142
1 3.112952 8.000000 1.430208 0.184649 0.897997 0.077778 213.000000 2.000000 667.000000 434.000000 0.000000 0.000000 41.745357
1 3.797797 8.000000 1.914512 0.187058 0.946412 0.175320 418.000000 2.000000 295.000000 718.000000 0.000000 0.000000 53.567986
1 19.741780 8.000000 1.444277 2.083296 10.034016 0.565859 1642.000000 2.000000 6834.000000 4861.000000 0.000000 0.000000 41.600194
1 2.117834 8.000000 1.688966 0.045393 0.217930 0.041465 115.000000 2.000000 136.000000 86.000000 0.000000 0.000000 42.954225
1 3.036315 8.000000 2.098415 0.076048 0.417244 0.197914 373.000000 2.000000 178.000000 250.000000 0.000000 0.000000 60.130190
1 43.559780 8.000000 1.441081 4.629582 22.303400 0.868463 2430.000000 2.000000 7971.000000 9145.000000 0.000000 0.000000 44.019027
1 15.332377 8.000000 1.430764 1.475690 7.342421 0.454874 1292.000000 2.000000 4356.000000 3471.000000 0.000000 0.000000 40.799124
1 9.934504 8.000000 1.438228 0.924572 4.541568 0.214073 620.000000 2.000000 2406.000000 1471.000000 0.000000 0.000000 40.935417
1 2.105932 8.000000 1.445837 0.070960 0.341362 0.044618 137.000000 2.000000 241.000000 199.000000 0.000000 0.000000 40.895217
1 14.121490 8.000000 1.700852 1.266088 6.377520 0.660618 1554.000000 2.000000 4528.000000 2529.000000 0.000000 0.000000 41.645853
1 9.231801 8.000000 1.413063 0.837312 4.182381 0.273544 771.000000 2.000000 2779.000000 1860.000000 0.000000 0.000000 36.965388
1 20.386428 8.000000 1.429609 2.147070 10.094293 0.528378 1374.000000 2.000000 3797.000000 3620.000000 0.000000 0.000000 43.210781
1 7.848318 8.000000 1.661484 0.636942 3.293821 0.267131 755.000000 2.000000 1658.000000 1266.000000 0.000000 0.000000 50.827748
1 25.135563 8.000000 1.658662 2.574266 12.503177 0.614698 1777.000000 2.000000 5925.000000 6291.000000 0.000000 0.000000 46.634143
1 30.358300 8.000000 1.690413 3.134798 15.182241 0.542185 1437.000000 2.000000 1699.000000 4177.000000 0.000000 0.000000 44.837587
1 10.667062 8.000000 1.435667 1.025603 5.046991 0.288683 822.000000 2.000000 3108.000000 2849.000000 0.000000 0.000000 39.343755
1 11.285048 8.000000 2.116699 0.790775 4.534396 1.017940 2152.000000 2.000000 1294.000000 2273.000000 0.000000 0.000000 109.300318
1 4.686456 8.000000 1.567603 0.348840 1.659140 0.146277 391.000000 2.000000 928.000000 915.000000 0.000000 0.000000 39.729748
1 6.340048 8.000000 1.437864 0.511491 2.624456 0.207656 594.000000 2.000000 1713.000000 1089.000000 0.000000 0.000000 39.771628
1 15.094971 8.000000 1.675901 1.383942 7.198646 0.642697 1606.000000 2.000000 4062.000000 4047.000000 0.000000 0.000000 59.184988
1 5.059638 8.000000 1.440215 0.399275 1.989239 0.111879 324.000000 2.000000 830.000000 952.000000 0.000000 0.000000 40.915317
1 15.022107 8.000000 1.887916 1.256606 6.654112 1.134965 2613.000000 2.000000 3623.000000 4065.000000 0.000000 0.000000 113.063512
1 15.917511 8.000000 1.446825 1.572764 7.775081 0.365679 1096.000000 2.000000 4166.000000 3284.000000 0.000000 0.000000 45.769267
1 3.991731 8.000000 1.420773 0.289166 1.409923 0.096743 293.000000 2.000000 820.000000 545.000000 0.000000 0.000000 45.029357
1 6.502378 8.000000 2.095476 0.409361 2.158757 0.487001 1086.000000 2.000000 658.000000 1767.000000 0.000000 0.000000 89.567254
1 9.905203 8.000000 1.446401 0.940460 4.582326 0.210916 632.000000 2.000000 2226.000000 1972.000000 0.000000 0.000000 43.188459
1 8.379404 8.000000 1.431056 0.761839 3.756924 0.195594 557.000000 2.000000 1907.000000 1460.000000 0.000000 0.000000 41.229646
1 4.048241 8.000000 1.447870 0.298083 1.424558 0.082153 237.000000 2.000000 728.000000 615.000000 0.000000 0.000000 38.135938
1 9.440159 8.000000 1.468508 0.880682 4.389538 0.230935 689.000000 2.000000 1285.000000 2419.000000 0.000000 0.000000 38.788692
1 13.393707 10.000000 1.921156 1.055098 5.978780 0.951466 1861.000000 2.000000 1967.000000 5001.000000 0.000000 0.000000 54.070952
1 3.791822 10.000000 1.710731 0.213681 1.125924 0.100950 229.000000 2.000000 124.000000 476.000000 0.000000 0.000000 41.088127
1 25.979774 10.000000 1.441904 2.718980 13.461784 0.612490 1487.000000 2.000000 5658.000000 4766.000000 0.000000 0.000000 39.148264
1 25.606829 10.000000 1.673875 2.406026 13.081604 1.040005 2255.000000 2.000000 5485.000000 9403.000000 0.000000 0.000000 44.634765
1 19.562411 10.000000 1.915334 1.669995 9.017790 1.113804 2017.000000 2.000000 1504.000000 6032.000000 0.000000 0.000000 55.360571
0 76.409801 10.000000 1.408084 6.384150 34.156004 1.622989 3832.000000 2.000000 13672.000000 89884.000000 0.000000 0.000000 -1.000000
1 6.214697 10.000000 1.733049 0.435560 2.423996 0.287302 632.000000 2.000000 1406.000000 1641.000000 0.000000 0.000000 41.170604
1 4.289484 10.000000 1.760793 0.273102 1.384775 0.113581 265.000000 2.000000 292.000000 530.000000 0.000000 0.000000 37.581238
1 2.190231 10.000000 1.435508 0.071257 0.391717 0.079978 182.000000 2.000000 278.000000 162.000000 0.000000 0.000000 35.961498
1 10.927625 10.000000 1.690836 0.960001 4.887663 0.537411 1164.000000 2.000000 2407.000000 2259.000000 0.000000 0.000000 45.101210
1 4.462418 10.000000 1.687000 0.272745 1.455461 0.240344 503.000000 2.000000 772.000000 984.000000 0.000000 0.000000 44.886970
1 28.481732 10.000000 1.479904 2.841717 14.673342 0.841939 2043.000000 2.000000 7185.000000 6197.000000 0.000000 0.000000 37.128849
1 5.074593 10.000000 1.902261 0.313289 1.631757 0.255794 512.000000 2.000000 458.000000 1164.000000 0.000000 0.000000 47.450781
1 18.008753 10.000000 1.916326 1.574525 8.693799 0.962438 2008.000000 2.000000 1651.000000 6068.000000 0.000000 0.000000 68.089446
1 17.974314 10.000000 1.701935 1.748554 8.796490 0.715009 1466.000000 2.000000 2959.000000 3646.000000 0.000000 0.000000 42.107466
1 2.422053 10.000000 1.684354 0.074144 0.377614 0.076851 179.000000 2.000000 71.000000 387.000000 0.000000 0.000000 40.818257
1 20.456096 10.000000 1.672623 1.945736 10.101678 0.867403 2047.000000 2.000000 4270.000000 6380.000000 0.000000 0.000000 42.328037
1 25.864594 10.000000 1.443166 2.640646 13.589133 0.509281 1306.000000 2.000000 4163.000000 6876.000000 0.000000 0.000000 39.204696
1 8.031278 10.000000 1.661704 0.630252 3.458144 0.418413 746.000000 2.000000 1199.000000 2104.000000 0.000000 0.000000 44.022095
1 11.995796 10.000000 1.681663 1.186123 5.612250 0.310950 735.000000 2.000000 994.000000 3417.000000 0.000000 0.000000 45.643645
1 4.899694 10.000000 1.710835 0.323121 1.670798 0.231507 520.000000 2.000000 863.000000 1123.000000 0.000000 0.000000 47.124957
1 9.439564 10.000000 1.771492 0.764063 4.074973 0.440434 951.000000 2.000000 2599.000000 2486.000000 0.000000 0.000000 46.687692
1 12.434148 10.000000 1.932891 0.964068 5.214558 1.094208 2208.000000 2.000000 201.000000 7131.000000 0.000000 0.000000 60.152920
1 32.082423 10.000000 1.449008 3.121292 16.281152 1.179411 2617.000000 2.000000 9141.000000 7061.000000 0.000000 0.000000 37.847163
1 10.047132 10.000000 1.837787 0.891541 4.511316 0.258348 580.000000 2.000000 651.000000 1753.000000 0.000000 0.000000 45.013900
1 14.033295 10.000000 1.415861 1.376275 6.910483 0.301210 750.000000 2.000000 2003.000000 2188.000000 0.000000 0.000000 38.334883
0 76.774307 10.000000 1.690862 7.621760 39.811313 1.292746 3223.000000 2.000000 4595.000000 12383.000000 0.000000 0.000000 -1.000000
1 14.429283 10.000000 1.443420 1.392132 7.144885 0.455779 1039.000000 2.000000 3623.000000 3543.000000 0.000000 0.000000 42.433850
1 70.373770 10.000000 1.430129 7.454083 37.916290 1.060588 2687.000000 2.000000 4457.000000 12624.000000 0.000000 0.000000 41.175843
1 14.050191 10.000000 1.435096 1.377239 6.980796 0.364433 861.000000 2.000000 3199.000000 3165.000000 0.000000 0.000000 37.134847
1 5.017566 10.000000 1.881596 0.284616 1.651287 0.271467 544.000000 2.000000 492.000000 1094.000000 0.000000 0.000000 47.578867
0 76.678440 10.000000 1.459886 7.789994 40.025152 1.844914 4175.000000 2.000000 20813.000000 15835.000000 0.000000 0.000000 -1.000000
0 76.463032 10.000000 1.462922 9.593442 23.455045 0.371079 865.000000 2.000000 2245.000000 688574.000000 0.000000 0.000000 -1.000000
1 18.714659 10.000000 1.385948 1.826944 9.476643 0.590044 1356.000000 2.000000 4680.000000 5385.000000 0.000000 0.000000 39.043225
1 3.268235 10.000000 1.392714 0.195905 1.037952 0.096831 231.000000 2.000000 329.000000 808.000000 0.000000 0.000000 39.945299
1 13.172732 10.000000 1.475224 1.204640 6.466119 0.578545 1323.000000 2.000000 3461.000000 3979.000000 0.000000 0.000000 38.783490
1 25.987387 10.000000 1.696007 2.526692 12.948207 1.073720 2422.000000 2.000000 6340.000000 5853.000000 0.000000 0.000000 38.981421
0 76.967889 10.000000 1.649511 7.320628 40.241438 1.962891 4235.000000 2.000000 6534.000000 21293.000000 0.000000 0.000000 -1.000000
1 17.436559 10.000000 1.668703 1.613613 8.531681 0.901780 1891.000000 2.000000 4084.000000 4480.000000 0.000000 0.000000 44.224551
1 8.319649 10.000000 1.518105 0.759426 3.758382 0.209291 521.000000 2.000000 1310.000000 1226.000000 0.000000 0.000000 38.144714
1 31.571419 10.000000 1.437525 3.141506 16.346680 1.091737 2542.000000 2.000000 10156.000000 7644.000000 0.000000 0.000000 41.490689
1 4.442542 10.000000 1.676223 0.292314 1.481797 0.179268 412.000000 2.000000 826.000000 785.000000 0.000000 0.000000 42.187156
1 11.551297 10.000000 1.668846 1.000724 5.250211 0.575966 1286.000000 2.000000 2915.000000 2862.000000 0.000000 0.000000 44.403763
1 7.729333 10.000000 3.572628 0.351351 1.984699 0.670663 1185.000000 2.000000 651.000000 1404.000000 0.000000 0.000000 61.933087
1 6.597026 10.000000 1.715108 0.458790 2.476388 0.391356 817.000000 2.000000 1089.000000 1617.000000 0.000000 0.000000 51.090847
1 3.499013 10.000000 1.912505 0.140473 0.771923 0.215506 447.000000 2.000000 226.000000 555.000000 0.000000 0.000000 41.150303
1 37.227276 10.000000 1.951501 3.157257 17.606833 3.253696 5413.000000 2.000000 4909.000000 17552.000000 0.000000 0.000000 56.082424
1 5.177601 10.000000 1.451198 0.395350 2.024452 0.175083 429.000000 2.000000 801.000000 883.000000 0.000000 0.000000 35.929502
1 9.686593 10.000000 2.148697 0.638793 3.715672 0.933018 1749.000000 2.000000 878.000000 1827.000000 0.000000 0.000000 77.608820
1 4.500848 10.000000 1.690911 0.290016 1.449635 0.249559 473.000000 2.000000 389.000000 765.000000 0.000000 0.000000 48.061926
1 3.890963 10.000000 2.094816 0.146313 0.801094 0.365666 663.000000 2.000000 335.000000 527.000000 0.000000 0.000000 57.778312
1 9.391622 10.000000 1.714242 0.827500 4.217028 0.339784 779.000000 2.000000 1626.000000 3109.000000 0.000000 0.000000 40.169353
1 58.116022 10.000000 1.690302 5.350264 28.708519 2.683656 5705.000000 2.000000 13897.000000 20745.000000 0.000000 0.000000 44.649756
1 15.218030 10.000000 1.893414 1.282396 7.327029 0.639933 1472.000000 2.000000 1977.000000 4321.000000 0.000000 0.000000 43.256058
1 15.630767 10.000000 1.446512 1.442518 7.781842 0.575685 1369.000000 2.000000 3327.000000 3317.000000 0.000000 0.000000 44.063826
