1 1.958491 1.000000 0.000000 0.527247 0.238007 0.000000 0.000000 0.000000 0.000000 7735.000000 -1.000000 1.000000 52.409859
1 0.063272 1.000000 0.000000 0.031576 0.015565 -1.000000 -1.000000 -1.000000 0.000000 695.000000 0.000000 1.000000 59.205432
1 1.958491 1.000000 0.000000 0.527247 0.238007 0.000000 0.000000 0.000000 0.000000 7735.000000 -1.000000 1.000000 52.409859
1 1.804363 1.000000 0.000000 0.564275 0.260828 0.000000 0.000000 0.000000 0.000000 12143.000000 -1.000000 1.000000 54.959112
1 2.412830 1.000000 0.000000 0.669774 0.292358 0.000000 0.000000 0.000000 0.000000 13554.000000 -1.000000 1.000000 44.769841
1 0.016801 1.000000 0.000000 0.010069 0.003575 -1.000000 -1.000000 -1.000000 0.000000 146.000000 0.000000 1.000000 11.520805
1 1.804363 1.000000 0.000000 0.564275 0.260828 0.000000 0.000000 0.000000 0.000000 12143.000000 -1.000000 1.000000 54.959112
1 0.319137 1.000000 0.000000 0.154452 0.045586 -1.000000 -1.000000 -1.000000 0.000000 5839.000000 0.000000 1.000000 22.633855
1 0.103644 1.000000 0.000000 0.052062 0.022223 -1.000000 -1.000000 -1.000000 0.000000 2164.000000 0.000000 1.000000 17.633001
1 0.208562 1.000000 0.000000 0.101164 0.045519 -1.000000 -1.000000 -1.000000 0.000000 4378.000000 0.000000 1.000000 28.948045
1 0.164802 1.000000 0.000000 0.079461 0.024244 -1.000000 -1.000000 -1.000000 0.000000 1666.000000 0.000000 1.000000 23.786135
1 1.958491 1.000000 0.000000 0.527247 0.238007 0.000000 0.000000 0.000000 0.000000 7735.000000 -1.000000 1.000000 52.409859
1 0.577943 1.000000 0.000000 0.225937 0.073417 -1.000000 -1.000000 -1.000000 0.000000 5961.000000 0.000000 1.000000 44.629045
1 1.804363 1.000000 0.000000 0.564275 0.260828 0.000000 0.000000 0.000000 0.000000 12143.000000 -1.000000 1.000000 54.959112
1 2.179932 1.000000 0.000000 0.457418 0.148241 -1.000000 -1.000000 -1.000000 0.000000 6989.000000 0.000000 1.000000 30.302359
1 2.412830 1.000000 0.000000 0.669774 0.292358 0.000000 0.000000 0.000000 0.000000 13554.000000 -1.000000 1.000000 44.769841
1 2.412830 1.000000 0.000000 0.669774 0.292358 0.000000 0.000000 0.000000 0.000000 13554.000000 -1.000000 1.000000 44.769841
0 90.159186 1.000000 0.000000 3.853627 1.477911 0.000000 0.000000 0.000000 0.000000 34800.000000 -1.000000 1.000000 -1.000000
1 0.132688 1.000000 0.000000 0.071658 0.021788 -1.000000 -1.000000 -1.000000 0.000000 3268.000000 0.000000 1.000000 30.976359
1 2.412830 1.000000 0.000000 0.669774 0.292358 0.000000 0.000000 0.000000 0.000000 13554.000000 -1.000000 1.000000 44.769841
1 0.082642 1.000000 0.000000 0.043783 0.015677 -1.000000 -1.000000 -1.000000 0.000000 1035.000000 0.000000 1.000000 21.953756
1 0.027532 1.000000 0.000000 0.016652 0.006607 -1.000000 -1.000000 -1.000000 0.000000 164.000000 0.000000 1.000000 12.153738
1 1.804363 1.000000 0.000000 0.564275 0.260828 0.000000 0.000000 0.000000 0.000000 12143.000000 -1.000000 1.000000 54.959112
1 0.010941 1.000000 0.000000 0.006691 0.002414 -1.000000 -1.000000 -1.000000 0.000000 48.000000 0.000000 1.000000 8.196481
1 2.412830 1.000000 0.000000 0.669774 0.292358 0.000000 0.000000 0.000000 0.000000 13554.000000 -1.000000 1.000000 44.769841
1 0.045308 1.000000 0.000000 0.026143 0.009965 -1.000000 -1.000000 -1.000000 0.000000 226.000000 0.000000 1.000000 13.768811
0 90.159186 1.000000 0.000000 3.853627 1.477911 0.000000 0.000000 0.000000 0.000000 34800.000000 -1.000000 1.000000 -1.000000
1 0.182907 1.000000 0.000000 0.094154 0.035078 -1.000000 -1.000000 -1.000000 0.000000 864.000000 0.000000 1.000000 56.776926
1 1.958491 1.000000 0.000000 0.527247 0.238007 0.000000 0.000000 0.000000 0.000000 7735.000000 -1.000000 1.000000 52.409859
1 0.038294 1.000000 0.000000 0.021249 0.009414 -1.000000 -1.000000 -1.000000 0.000000 883.000000 0.000000 1.000000 16.969711
1 0.142616 1.000000 0.000000 0.077055 0.026540 -1.000000 -1.000000 -1.000000 0.000000 2495.000000 0.000000 1.000000 11.545341
1 2.412830 1.000000 0.000000 0.669774 0.292358 0.000000 0.000000 0.000000 0.000000 13554.000000 -1.000000 1.000000 44.769841
1 2.412830 1.000000 0.000000 0.669774 0.292358 0.000000 0.000000 0.000000 0.000000 13554.000000 -1.000000 1.000000 44.769841
1 0.109501 1.000000 0.000000 0.059446 0.016989 -1.000000 -1.000000 -1.000000 0.000000 865.000000 0.000000 1.000000 22.655323
1 1.804363 1.000000 0.000000 0.564275 0.260828 0.000000 0.000000 0.000000 0.000000 12143.000000 -1.000000 1.000000 54.959112
1 0.103016 1.000000 0.000000 0.056803 0.018851 -1.000000 -1.000000 -1.000000 0.000000 1437.000000 0.000000 1.000000 20.829548
1 1.958491 1.000000 0.000000 0.527247 0.238007 0.000000 0.000000 0.000000 0.000000 7735.000000 -1.000000 1.000000 52.409859
1 0.249129 1.000000 0.000000 0.124682 0.034707 -1.000000 -1.000000 -1.000000 0.000000 3755.000000 0.000000 1.000000 21.132190
1 0.244676 1.000000 0.000000 0.118862 0.031383 -1.000000 -1.000000 -1.000000 0.000000 2593.000000 0.000000 1.000000 36.658467
1 2.412830 1.000000 0.000000 0.669774 0.292358 0.000000 0.000000 0.000000 0.000000 13554.000000 -1.000000 1.000000 44.769841
1 1.958491 1.000000 0.000000 0.527247 0.238007 0.000000 0.000000 0.000000 0.000000 7735.000000 -1.000000 1.000000 52.409859
1 2.412830 1.000000 0.000000 0.669774 0.292358 0.000000 0.000000 0.000000 0.000000 13554.000000 -1.000000 1.000000 44.769841
0 90.159186 1.000000 0.000000 3.853627 1.477911 0.000000 0.000000 0.000000 0.000000 34800.000000 -1.000000 1.000000 -1.000000
1 1.958491 1.000000 0.000000 0.527247 0.238007 0.000000 0.000000 0.000000 0.000000 7735.000000 -1.000000 1.000000 52.409859
1 0.364919 1.000000 0.000000 0.149701 0.091087 -1.000000 -1.000000 -1.000000 0.000000 6057.000000 0.000000 1.000000 29.017602
1 2.412830 1.000000 0.000000 0.669774 0.292358 0.000000 0.000000 0.000000 0.000000 13554.000000 -1.000000 1.000000 44.769841
0 90.159186 1.000000 0.000000 3.853627 1.477911 0.000000 0.000000 0.000000 0.000000 34800.000000 -1.000000 1.000000 -1.000000
1 1.804363 1.000000 0.000000 0.564275 0.260828 0.000000 0.000000 0.000000 0.000000 12143.000000 -1.000000 1.000000 54.959112
1 1.958491 1.000000 0.000000 0.527247 0.238007 0.000000 0.000000 0.000000 0.000000 7735.000000 -1.000000 1.000000 52.409859
1 2.412830 1.000000 0.000000 0.669774 0.292358 0.000000 0.000000 0.000000 0.000000 13554.000000 -1.000000 1.000000 44.769841
1 0.543753 1.000000 0.000000 0.208453 0.103661 -1.000000 -1.000000 -1.000000 0.000000 8361.000000 0.000000 1.000000 27.605528
1 3.011577 1.000000 0.000000 0.739877 0.190016 -1.000000 -1.000000 -1.000000 0.000000 14778.000000 0.000000 1.000000 88.671879
0 90.159186 1.000000 0.000000 3.853627 1.477911 0.000000 0.000000 0.000000 0.000000 34800.000000 -1.000000 1.000000 -1.000000
1 0.014721 1.000000 0.000000 0.008902 0.003231 -1.000000 -1.000000 -1.000000 0.000000 71.000000 0.000000 1.000000 9.736126
1 1.958491 1.000000 0.000000 0.527247 0.238007 0.000000 0.000000 0.000000 0.000000 7735.000000 -1.000000 1.000000 52.409859
1 2.412830 1.000000 0.000000 0.669774 0.292358 0.000000 0.000000 0.000000 0.000000 13554.000000 -1.000000 1.000000 44.769841
1 12.236371 1.000000 0.000000 1.171784 0.400793 -1.000000 -1.000000 -1.000000 0.000000 21194.000000 0.000000 1.000000 31.375378
1 0.105611 1.000000 0.000000 0.054669 0.021111 -1.000000 -1.000000 -1.000000 0.000000 1169.000000 0.000000 1.000000 32.453028
1 1.958491 1.000000 0.000000 0.527247 0.238007 0.000000 0.000000 0.000000 0.000000 7735.000000 -1.000000 1.000000 52.409859
1 2.412830 1.000000 0.000000 0.669774 0.292358 0.000000 0.000000 0.000000 0.000000 13554.000000 -1.000000 1.000000 44.769841
0 90.387651 2.000000 0.000000 2.765519 1.034864 -1.000000 -1.000000 -1.000000 857.000000 18431.000000 0.000000 1.000000 -1.000000
1 7.566631 2.000000 0.000000 1.076344 0.385258 -1.000000 -1.000000 -1.000000 81.000000 23659.000000 0.000000 1.000000 82.261319
0 90.385939 2.000000 0.000000 3.390086 1.202319 -1.000000 -1.000000 -1.000000 1159.000000 38320.000000 0.000000 1.000000 -1.000000
0 90.075697 2.000000 0.000000 7.522296 1.820132 -1.000000 -1.000000 -1.000000 4749.000000 127433.000000 0.000000 1.000000 -1.000000
0 90.079683 2.000000 0.000000 4.459869 1.889919 -1.000000 -1.000000 -1.000000 5679.000000 66595.000000 0.000000 1.000000 -1.000000
0 90.192120 2.000000 0.000000 3.237297 1.196403 -1.000000 -1.000000 -1.000000 7561.000000 31645.000000 0.000000 1.000000 -1.000000
0 90.002109 2.000000 0.000000 4.762605 1.735109 -1.000000 -1.000000 -1.000000 5594.000000 91987.000000 0.000000 1.000000 -1.000000
0 90.159149 2.000000 0.000000 5.166646 1.837571 -1.000000 -1.000000 -1.000000 746.000000 69357.000000 0.000000 1.000000 -1.000000
1 8.948317 2.000000 0.000000 0.986088 0.349649 -1.000000 -1.000000 -1.000000 5.000000 13135.000000 0.000000 1.000000 49.032432
0 90.159186 2.000000 0.000000 3.853627 1.477911 -1.000000 -1.000000 -1.000000 407.000000 52548.000000 0.000000 1.000000 -1.000000
0 90.122555 2.000000 0.000000 4.934846 2.143125 -1.000000 -1.000000 -1.000000 43554.000000 68816.000000 0.000000 1.000000 -1.000000
0 90.099913 2.000000 0.000000 3.516126 1.276895 -1.000000 -1.000000 -1.000000 1259.000000 33870.000000 0.000000 1.000000 -1.000000
0 90.239553 2.000000 0.000000 3.514669 1.055724 -1.000000 -1.000000 -1.000000 0.000000 59131.000000 0.000000 1.000000 -1.000000
0 90.045509 2.000000 0.000000 3.548249 1.325697 -1.000000 -1.000000 -1.000000 1334.000000 40415.000000 0.000000 1.000000 -1.000000
0 90.075325 2.000000 0.000000 5.610172 1.937887 -1.000000 -1.000000 -1.000000 0.000000 142467.000000 0.000000 1.000000 -1.000000
0 90.515078 2.000000 0.000000 3.329694 1.243621 -1.000000 -1.000000 -1.000000 1122.000000 32237.000000 0.000000 1.000000 -1.000000
1 87.846747 2.000000 0.000000 3.464880 1.311833 -1.000000 -1.000000 -1.000000 938.000000 31117.000000 0.000000 1.000000 76.472640
0 90.087489 2.000000 0.000000 4.305520 2.082844 -1.000000 -1.000000 -1.000000 30570.000000 53608.000000 0.000000 1.000000 -1.000000
0 90.083049 2.000000 0.000000 6.321500 2.258172 -1.000000 -1.000000 -1.000000 28121.000000 102347.000000 0.000000 1.000000 -1.000000
0 90.063661 2.000000 0.000000 3.728722 1.365360 -1.000000 -1.000000 -1.000000 368.000000 47785.000000 0.000000 1.000000 -1.000000
0 90.085396 2.000000 0.000000 3.849911 1.450920 -1.000000 -1.000000 -1.000000 567.000000 38933.000000 0.000000 1.000000 -1.000000
0 90.136476 2.000000 0.000000 5.638951 1.806523 -1.000000 -1.000000 -1.000000 3475.000000 104733.000000 0.000000 1.000000 -1.000000
0 90.114671 2.000000 0.000000 4.208539 1.544598 -1.000000 -1.000000 -1.000000 1128.000000 41711.000000 0.000000 1.000000 -1.000000
1 17.036805 2.000000 0.000000 1.790550 0.678480 -1.000000 -1.000000 -1.000000 264.000000 22851.000000 0.000000 1.000000 36.647829
0 90.199417 2.000000 0.000000 3.690261 1.382361 -1.000000 -1.000000 -1.000000 9897.000000 35720.000000 0.000000 1.000000 -1.000000
0 90.482086 2.000000 0.000000 3.191954 1.087663 -1.000000 -1.000000 -1.000000 0.000000 24390.000000 0.000000 1.000000 -1.000000
0 90.363316 2.000000 0.000000 3.448811 1.226321 -1.000000 -1.000000 -1.000000 2169.000000 29530.000000 0.000000 1.000000 -1.000000
0 90.409690 2.000000 0.000000 3.619882 1.383178 -1.000000 -1.000000 -1.000000 3042.000000 41955.000000 0.000000 1.000000 -1.000000
0 90.077701 2.000000 0.000000 3.373769 1.240030 -1.000000 -1.000000 -1.000000 478.000000 28975.000000 0.000000 1.000000 -1.000000
0 90.432391 2.000000 0.000000 3.688228 1.433727 -1.000000 -1.000000 -1.000000 1388.000000 33475.000000 0.000000 1.000000 -1.000000
1 0.798214 2.000000 0.000000 0.291091 0.113508 -1.000000 -1.000000 -1.000000 110.000000 5224.000000 0.000000 1.000000 42.811751
0 90.256725 2.000000 0.000000 5.218889 1.757804 -1.000000 -1.000000 -1.000000 994.000000 93351.000000 0.000000 1.000000 -1.000000
0 90.298914 2.000000 0.000000 7.022398 2.126791 -1.000000 -1.000000 -1.000000 2591.000000 129767.000000 0.000000 1.000000 -1.000000
0 90.024442 2.000000 0.000000 5.762182 2.565856 -1.000000 -1.000000 -1.000000 108827.000000 47683.000000 0.000000 1.000000 -1.000000
0 90.418692 2.000000 0.000000 3.398712 1.183604 -1.000000 -1.000000 -1.000000 1709.000000 31052.000000 0.000000 1.000000 -1.000000
0 90.196091 2.000000 0.000000 3.962965 1.290913 -1.000000 -1.000000 -1.000000 1189.000000 51426.000000 0.000000 1.000000 -1.000000
0 90.149348 2.000000 0.000000 4.746750 1.850397 -1.000000 -1.000000 -1.000000 53898.000000 62186.000000 0.000000 1.000000 -1.000000
0 90.067075 2.000000 0.000000 3.193235 1.064467 -1.000000 -1.000000 -1.000000 1205.000000 26535.000000 0.000000 1.000000 -1.000000
0 90.401306 2.000000 0.000000 3.244296 1.172957 -1.000000 -1.000000 -1.000000 1517.000000 32007.000000 0.000000 1.000000 -1.000000
0 90.346834 2.000000 0.000000 3.605159 1.255747 -1.000000 -1.000000 -1.000000 0.000000 39574.000000 0.000000 1.000000 -1.000000
0 90.200351 2.000000 0.000000 3.342284 1.481858 -1.000000 -1.000000 -1.000000 15005.000000 38266.000000 0.000000 1.000000 -1.000000
1 15.983548 2.000000 0.000000 2.064221 0.736378 -1.000000 -1.000000 -1.000000 2936.000000 40015.000000 0.000000 1.000000 62.159149
1 25.091549 2.000000 0.000000 1.931162 0.824347 -1.000000 -1.000000 -1.000000 3811.000000 16473.000000 0.000000 1.000000 73.137479
0 90.323761 2.000000 0.000000 3.115554 1.104082 -1.000000 -1.000000 -1.000000 0.000000 28443.000000 0.000000 1.000000 -1.000000
1 45.276469 2.000000 0.000000 3.461615 1.226710 -1.000000 -1.000000 -1.000000 50125.000000 30587.000000 0.000000 1.000000 45.652393
1 15.456541 2.000000 0.000000 1.374214 0.507295 -1.000000 -1.000000 -1.000000 1891.000000 23295.000000 0.000000 1.000000 61.847143
1 55.553814 2.000000 0.000000 2.258139 0.880964 -1.000000 -1.000000 -1.000000 1368.000000 20105.000000 0.000000 1.000000 43.606454
0 90.442829 2.000000 0.000000 3.352212 1.359769 -1.000000 -1.000000 -1.000000 873.000000 42813.000000 0.000000 1.000000 -1.000000
0 90.278145 2.000000 0.000000 3.451069 1.138577 -1.000000 -1.000000 -1.000000 0.000000 30292.000000 0.000000 1.000000 -1.000000
1 5.756661 2.000000 0.000000 1.539681 0.583845 -1.000000 -1.000000 -1.000000 4672.000000 56868.000000 0.000000 1.000000 51.538286
0 90.339128 2.000000 0.000000 4.939837 1.770722 -1.000000 -1.000000 -1.000000 58825.000000 53548.000000 0.000000 1.000000 -1.000000
0 90.161596 2.000000 0.000000 3.332263 1.195311 -1.000000 -1.000000 -1.000000 2789.000000 35830.000000 0.000000 1.000000 -1.000000
0 90.161890 2.000000 0.000000 5.082456 1.826364 -1.000000 -1.000000 -1.000000 2658.000000 64153.000000 0.000000 1.000000 -1.000000
0 90.146365 2.000000 0.000000 4.144471 1.650774 -1.000000 -1.000000 -1.000000 12926.000000 72156.000000 0.000000 1.000000 -1.000000
0 90.033351 2.000000 0.000000 4.741674 1.863640 -1.000000 -1.000000 -1.000000 24843.000000 72669.000000 0.000000 1.000000 -1.000000
1 24.252721 2.000000 0.000000 1.789041 0.542758 -1.000000 -1.000000 -1.000000 1701.000000 35728.000000 0.000000 1.000000 59.062218
0 90.214608 2.000000 0.000000 3.640339 1.964344 -1.000000 -1.000000 -1.000000 26744.000000 55298.000000 0.000000 1.000000 -1.000000
0 90.054619 2.000000 0.000000 6.078033 2.320179 -1.000000 -1.000000 -1.000000 29142.000000 153952.000000 0.000000 1.000000 -1.000000
0 90.132962 2.000000 0.000000 5.637642 1.672152 -1.000000 -1.000000 -1.000000 4885.000000 100552.000000 0.000000 1.000000 -1.000000
0 90.128314 4.000000 0.000000 4.313123 1.658650 -1.000000 -1.000000 -1.000000 7453.000000 52517.000000 0.000000 1.000000 -1.000000
0 90.150391 4.000000 0.000000 6.478316 2.680697 -1.000000 -1.000000 -1.000000 69007.000000 86490.000000 0.000000 1.000000 -1.000000
0 90.019005 4.000000 0.000000 5.541653 1.991404 -1.000000 -1.000000 -1.000000 20037.000000 69186.000000 0.000000 1.000000 -1.000000
0 90.068907 4.000000 0.000000 8.747729 2.414432 -1.000000 -1.000000 -1.000000 7247.000000 176697.000000 0.000000 1.000000 -1.000000
1 0.605769 4.000000 0.000000 0.275740 0.097013 -1.000000 -1.000000 -1.000000 160.000000 7029.000000 0.000000 1.000000 58.520264
0 90.016760 4.000000 0.000000 6.193853 2.508038 -1.000000 -1.000000 -1.000000 152559.000000 36215.000000 0.000000 1.000000 -1.000000
0 90.201474 4.000000 0.000000 4.348932 1.711202 -1.000000 -1.000000 -1.000000 31097.000000 59548.000000 0.000000 1.000000 -1.000000
0 90.237472 4.000000 0.000000 6.312178 1.908414 -1.000000 -1.000000 -1.000000 8820.000000 86430.000000 0.000000 1.000000 -1.000000
0 90.326360 4.000000 0.000000 4.882561 1.684463 -1.000000 -1.000000 -1.000000 1581.000000 42843.000000 0.000000 1.000000 -1.000000
0 90.395754 4.000000 0.000000 4.221877 1.509603 -1.000000 -1.000000 -1.000000 5496.000000 42023.000000 0.000000 1.000000 -1.000000
1 6.575554 4.000000 0.000000 1.356533 0.501250 -1.000000 -1.000000 -1.000000 6642.000000 26656.000000 0.000000 1.000000 65.588324
0 90.139282 4.000000 0.000000 4.152979 1.544898 -1.000000 -1.000000 -1.000000 3844.000000 45334.000000 0.000000 1.000000 -1.000000
1 2.353872 4.000000 0.000000 0.910018 0.336240 -1.000000 -1.000000 -1.000000 5.000000 24077.000000 0.000000 1.000000 61.647700
0 90.181634 4.000000 0.000000 3.972059 1.359521 -1.000000 -1.000000 -1.000000 24367.000000 49758.000000 0.000000 1.000000 -1.000000
1 15.109443 4.000000 0.000000 2.230924 0.837155 -1.000000 -1.000000 -1.000000 2066.000000 34902.000000 0.000000 1.000000 72.331820
0 90.256668 4.000000 0.000000 4.626169 1.655699 -1.000000 -1.000000 -1.000000 3358.000000 54107.000000 0.000000 1.000000 -1.000000
0 90.132196 4.000000 0.000000 6.988481 2.349700 -1.000000 -1.000000 -1.000000 7842.000000 138060.000000 0.000000 1.000000 -1.000000
0 90.087026 4.000000 0.000000 3.807615 1.482209 -1.000000 -1.000000 -1.000000 1175.000000 42886.000000 0.000000 1.000000 -1.000000
0 90.098253 4.000000 0.000000 5.882506 2.356077 -1.000000 -1.000000 -1.000000 106907.000000 66073.000000 0.000000 1.000000 -1.000000
0 90.383988 4.000000 0.000000 3.390053 1.283711 -1.000000 -1.000000 -1.000000 4129.000000 24848.000000 0.000000 1.000000 -1.000000
0 90.024082 4.000000 0.000000 4.538636 1.959385 -1.000000 -1.000000 -1.000000 89402.000000 33263.000000 0.000000 1.000000 -1.000000
0 90.145620 4.000000 0.000000 5.545108 2.179742 -1.000000 -1.000000 -1.000000 33815.000000 102155.000000 0.000000 1.000000 -1.000000
0 90.125949 4.000000 0.000000 3.967101 1.458331 -1.000000 -1.000000 -1.000000 12025.000000 60007.000000 0.000000 1.000000 -1.000000
0 90.428821 4.000000 0.000000 3.982041 1.477983 -1.000000 -1.000000 -1.000000 1160.000000 45034.000000 0.000000 1.000000 -1.000000
0 90.294962 4.000000 0.000000 4.233052 1.716242 -1.000000 -1.000000 -1.000000 14568.000000 50592.000000 0.000000 1.000000 -1.000000
0 90.063294 4.000000 0.000000 5.148375 2.120427 -1.000000 -1.000000 -1.000000 237.000000 88140.000000 0.000000 1.000000 -1.000000
0 90.220947 4.000000 0.000000 3.161641 1.069222 -1.000000 -1.000000 -1.000000 0.000000 32330.000000 0.000000 1.000000 -1.000000
1 30.788067 4.000000 0.000000 3.216176 1.085053 -1.000000 -1.000000 -1.000000 4802.000000 57571.000000 0.000000 1.000000 91.506641
0 90.290500 4.000000 0.000000 3.816928 1.368775 -1.000000 -1.000000 -1.000000 1520.000000 47471.000000 0.000000 1.000000 -1.000000
0 90.002759 4.000000 0.000000 4.761928 1.778531 -1.000000 -1.000000 -1.000000 18293.000000 63650.000000 0.000000 1.000000 -1.000000
0 90.285076 4.000000 0.000000 3.310718 1.253848 -1.000000 -1.000000 -1.000000 1335.000000 37123.000000 0.000000 1.000000 -1.000000
0 90.081706 4.000000 0.000000 9.232051 2.222514 -1.000000 -1.000000 -1.000000 56571.000000 125669.000000 0.000000 1.000000 -1.000000
0 90.052821 4.000000 0.000000 7.147189 1.920709 -1.000000 -1.000000 -1.000000 19358.000000 105508.000000 0.000000 1.000000 -1.000000
0 90.124395 4.000000 0.000000 6.149856 1.792438 -1.000000 -1.000000 -1.000000 62928.000000 64695.000000 0.000000 1.000000 -1.000000
0 90.336590 4.000000 0.000000 3.201393 1.183932 -1.000000 -1.000000 -1.000000 1207.000000 43922.000000 0.000000 1.000000 -1.000000
0 90.438186 4.000000 0.000000 3.976430 1.554798 -1.000000 -1.000000 -1.000000 5244.000000 55681.000000 0.000000 1.000000 -1.000000
0 90.258580 4.000000 0.000000 3.427936 1.142069 -1.000000 -1.000000 -1.000000 47453.000000 12638.000000 0.000000 1.000000 -1.000000
1 6.928083 4.000000 0.000000 1.945461 0.742816 -1.000000 -1.000000 -1.000000 118.000000 46827.000000 0.000000 1.000000 69.464948
0 90.064635 4.000000 0.000000 4.793448 1.719656 -1.000000 -1.000000 -1.000000 9341.000000 69740.000000 0.000000 1.000000 -1.000000
0 90.213313 4.000000 0.000000 4.337370 1.603210 -1.000000 -1.000000 -1.000000 27051.000000 62744.000000 0.000000 1.000000 -1.000000
0 90.124443 4.000000 0.000000 3.927078 1.598188 -1.000000 -1.000000 -1.000000 1402.000000 64749.000000 0.000000 1.000000 -1.000000
0 90.250766 4.000000 0.000000 3.670424 1.438784 -1.000000 -1.000000 -1.000000 1755.000000 43807.000000 0.000000 1.000000 -1.000000
0 90.107345 4.000000 0.000000 5.462667 1.889440 -1.000000 -1.000000 -1.000000 6968.000000 57280.000000 0.000000 1.000000 -1.000000
0 90.244947 4.000000 0.000000 5.004073 1.974789 -1.000000 -1.000000 -1.000000 48097.000000 58408.000000 0.000000 1.000000 -1.000000
0 90.069198 4.000000 0.000000 3.140436 1.176926 -1.000000 -1.000000 -1.000000 1160.000000 22959.000000 0.000000 1.000000 -1.000000
0 90.422337 4.000000 0.000000 3.616038 1.281249 -1.000000 -1.000000 -1.000000 4838.000000 45843.000000 0.000000 1.000000 -1.000000
1 53.078755 4.000000 0.000000 3.869150 1.410723 -1.000000 -1.000000 -1.000000 26685.000000 44823.000000 0.000000 1.000000 51.208353
0 90.043419 4.000000 0.000000 4.717905 1.932920 -1.000000 -1.000000 -1.000000 2076.000000 64986.000000 0.000000 1.000000 -1.000000
0 90.017407 4.000000 0.000000 6.340317 2.686907 -1.000000 -1.000000 -1.000000 12336.000000 144143.000000 0.000000 1.000000 -1.000000
0 90.207687 4.000000 0.000000 3.798870 1.582038 -1.000000 -1.000000 -1.000000 8798.000000 53800.000000 0.000000 1.000000 -1.000000
1 23.160537 4.000000 0.000000 2.505776 0.961765 -1.000000 -1.000000 -1.000000 952.000000 54260.000000 0.000000 1.000000 107.401601
0 90.023998 4.000000 0.000000 5.184406 1.857455 -1.000000 -1.000000 -1.000000 2658.000000 163290.000000 0.000000 1.000000 -1.000000
0 90.078306 4.000000 0.000000 3.871709 1.395257 -1.000000 -1.000000 -1.000000 382.000000 46909.000000 0.000000 1.000000 -1.000000
0 90.010700 4.000000 0.000000 8.723420 2.362061 -1.000000 -1.000000 -1.000000 7857.000000 230915.000000 0.000000 1.000000 -1.000000
0 90.082396 4.000000 0.000000 4.128745 1.492155 -1.000000 -1.000000 -1.000000 0.000000 52625.000000 0.000000 1.000000 -1.000000
0 90.050554 4.000000 0.000000 6.235706 2.612608 -1.000000 -1.000000 -1.000000 0.000000 158812.000000 0.000000 1.000000 -1.000000
0 90.349502 4.000000 0.000000 4.069592 1.447050 -1.000000 -1.000000 -1.000000 955.000000 43231.000000 0.000000 1.000000 -1.000000
0 90.270517 4.000000 0.000000 3.968949 1.519838 -1.000000 -1.000000 -1.000000 402.000000 67935.000000 0.000000 1.000000 -1.000000
1 9.807521 4.000000 0.000000 1.563658 0.682137 -1.000000 -1.000000 -1.000000 8603.000000 37722.000000 0.000000 1.000000 68.813989
0 90.012413 6.000000 0.000000 4.004092 1.464166 -1.000000 -1.000000 -1.000000 5354.000000 39054.000000 0.000000 1.000000 -1.000000
0 90.039174 6.000000 0.000000 4.003702 1.435017 -1.000000 -1.000000 -1.000000 26800.000000 73390.000000 0.000000 1.000000 -1.000000
0 90.018882 6.000000 0.000000 3.637918 1.216118 -1.000000 -1.000000 -1.000000 2030.000000 37370.000000 0.000000 1.000000 -1.000000
0 90.029190 6.000000 0.000000 4.207174 1.347462 -1.000000 -1.000000 -1.000000 40720.000000 48312.000000 0.000000 1.000000 -1.000000
0 90.054605 6.000000 0.000000 3.539606 1.241069 -1.000000 -1.000000 -1.000000 827.000000 80852.000000 0.000000 1.000000 -1.000000
0 90.181776 6.000000 0.000000 3.474452 1.192929 -1.000000 -1.000000 -1.000000 1365.000000 51970.000000 0.000000 1.000000 -1.000000
0 90.056060 6.000000 0.000000 4.021557 1.437446 -1.000000 -1.000000 -1.000000 40375.000000 69880.000000 0.000000 1.000000 -1.000000
0 90.284462 6.000000 0.000000 4.793304 1.461405 -1.000000 -1.000000 -1.000000 2381.000000 82879.000000 0.000000 1.000000 -1.000000
0 90.041526 6.000000 0.000000 6.736410 2.434839 -1.000000 -1.000000 -1.000000 82578.000000 96870.000000 0.000000 1.000000 -1.000000
0 90.017349 6.000000 0.000000 6.298316 2.010597 -1.000000 -1.000000 -1.000000 20946.000000 94817.000000 0.000000 1.000000 -1.000000
0 90.012106 6.000000 0.000000 5.320777 1.932713 -1.000000 -1.000000 -1.000000 33057.000000 88836.000000 0.000000 1.000000 -1.000000
0 90.219527 6.000000 0.000000 3.816021 1.389436 -1.000000 -1.000000 -1.000000 682.000000 64055.000000 0.000000 1.000000 -1.000000
0 90.219527 6.000000 0.000000 3.816021 1.389436 -1.000000 -1.000000 -1.000000 682.000000 64055.000000 0.000000 1.000000 -1.000000
0 90.154733 6.000000 0.000000 4.514209 1.655099 -1.000000 -1.000000 -1.000000 47112.000000 48072.000000 0.000000 1.000000 -1.000000
0 90.418638 6.000000 0.000000 3.323761 1.239818 -1.000000 -1.000000 -1.000000 1791.000000 28574.000000 0.000000 1.000000 -1.000000
0 90.108930 6.000000 0.000000 6.955971 2.523554 -1.000000 -1.000000 -1.000000 20374.000000 166243.000000 0.000000 1.000000 -1.000000
0 90.045847 6.000000 0.000000 3.637933 1.240575 -1.000000 -1.000000 -1.000000 1279.000000 47582.000000 0.000000 1.000000 -1.000000
0 90.166062 6.000000 0.000000 4.751620 1.704721 -1.000000 -1.000000 -1.000000 1100.000000 71497.000000 0.000000 1.000000 -1.000000
0 90.174655 6.000000 0.000000 4.581955 1.510955 -1.000000 -1.000000 -1.000000 53824.000000 42523.000000 0.000000 1.000000 -1.000000
0 90.217343 6.000000 0.000000 4.291281 1.647469 -1.000000 -1.000000 -1.000000 707.000000 66816.000000 0.000000 1.000000 -1.000000
0 90.319745 6.000000 0.000000 3.270516 1.201343 -1.000000 -1.000000 -1.000000 0.000000 46914.000000 0.000000 1.000000 -1.000000
0 90.112694 6.000000 0.000000 4.679907 1.448067 -1.000000 -1.000000 -1.000000 6727.000000 94087.000000 0.000000 1.000000 -1.000000
0 90.035855 6.000000 0.000000 3.230922 1.161855 -1.000000 -1.000000 -1.000000 617.000000 30993.000000 0.000000 1.000000 -1.000000
0 90.311369 6.000000 0.000000 3.443589 1.274633 -1.000000 -1.000000 -1.000000 1358.000000 30047.000000 0.000000 1.000000 -1.000000
0 90.279008 6.000000 0.000000 4.087892 1.606862 -1.000000 -1.000000 -1.000000 4164.000000 65237.000000 0.000000 1.000000 -1.000000
0 90.092179 6.000000 0.000000 4.133482 1.398710 -1.000000 -1.000000 -1.000000 5748.000000 64332.000000 0.000000 1.000000 -1.000000
0 90.239885 6.000000 0.000000 4.060991 1.452863 -1.000000 -1.000000 -1.000000 18072.000000 54985.000000 0.000000 1.000000 -1.000000
0 90.014452 6.000000 0.000000 4.962478 1.897297 -1.000000 -1.000000 -1.000000 26436.000000 80324.000000 0.000000 1.000000 -1.000000
0 90.012413 6.000000 0.000000 4.004092 1.464166 -1.000000 -1.000000 -1.000000 5354.000000 39054.000000 0.000000 1.000000 -1.000000
0 90.039174 6.000000 0.000000 4.003702 1.435017 -1.000000 -1.000000 -1.000000 26800.000000 73390.000000 0.000000 1.000000 -1.000000
0 90.018882 6.000000 0.000000 3.637918 1.216118 -1.000000 -1.000000 -1.000000 2030.000000 37370.000000 0.000000 1.000000 -1.000000
0 90.029190 6.000000 0.000000 4.207174 1.347462 -1.000000 -1.000000 -1.000000 40720.000000 48312.000000 0.000000 1.000000 -1.000000
0 90.054605 6.000000 0.000000 3.539606 1.241069 -1.000000 -1.000000 -1.000000 827.000000 80852.000000 0.000000 1.000000 -1.000000
0 90.181776 6.000000 0.000000 3.474452 1.192929 -1.000000 -1.000000 -1.000000 1365.000000 51970.000000 0.000000 1.000000 -1.000000
0 90.056060 6.000000 0.000000 4.021557 1.437446 -1.000000 -1.000000 -1.000000 40375.000000 69880.000000 0.000000 1.000000 -1.000000
0 90.284462 6.000000 0.000000 4.793304 1.461405 -1.000000 -1.000000 -1.000000 2381.000000 82879.000000 0.000000 1.000000 -1.000000
0 90.041526 6.000000 0.000000 6.736410 2.434839 -1.000000 -1.000000 -1.000000 82578.000000 96870.000000 0.000000 1.000000 -1.000000
0 90.017349 6.000000 0.000000 6.298316 2.010597 -1.000000 -1.000000 -1.000000 20946.000000 94817.000000 0.000000 1.000000 -1.000000
0 90.012106 6.000000 0.000000 5.320777 1.932713 -1.000000 -1.000000 -1.000000 33057.000000 88836.000000 0.000000 1.000000 -1.000000
0 90.219527 6.000000 0.000000 3.816021 1.389436 -1.000000 -1.000000 -1.000000 682.000000 64055.000000 0.000000 1.000000 -1.000000
0 90.219527 6.000000 0.000000 3.816021 1.389436 -1.000000 -1.000000 -1.000000 682.000000 64055.000000 0.000000 1.000000 -1.000000
0 90.154733 6.000000 0.000000 4.514209 1.655099 -1.000000 -1.000000 -1.000000 47112.000000 48072.000000 0.000000 1.000000 -1.000000
0 90.418638 6.000000 0.000000 3.323761 1.239818 -1.000000 -1.000000 -1.000000 1791.000000 28574.000000 0.000000 1.000000 -1.000000
0 90.108930 6.000000 0.000000 6.955971 2.523554 -1.000000 -1.000000 -1.000000 20374.000000 166243.000000 0.000000 1.000000 -1.000000
0 90.045847 6.000000 0.000000 3.637933 1.240575 -1.000000 -1.000000 -1.000000 1279.000000 47582.000000 0.000000 1.000000 -1.000000
0 90.166062 6.000000 0.000000 4.751620 1.704721 -1.000000 -1.000000 -1.000000 1100.000000 71497.000000 0.000000 1.000000 -1.000000
0 90.174655 6.000000 0.000000 4.581955 1.510955 -1.000000 -1.000000 -1.000000 53824.000000 42523.000000 0.000000 1.000000 -1.000000
0 90.217343 6.000000 0.000000 4.291281 1.647469 -1.000000 -1.000000 -1.000000 707.000000 66816.000000 0.000000 1.000000 -1.000000
0 90.319745 6.000000 0.000000 3.270516 1.201343 -1.000000 -1.000000 -1.000000 0.000000 46914.000000 0.000000 1.000000 -1.000000
0 90.112694 6.000000 0.000000 4.679907 1.448067 -1.000000 -1.000000 -1.000000 6727.000000 94087.000000 0.000000 1.000000 -1.000000
0 90.035855 6.000000 0.000000 3.230922 1.161855 -1.000000 -1.000000 -1.000000 617.000000 30993.000000 0.000000 1.000000 -1.000000
0 90.311369 6.000000 0.000000 3.443589 1.274633 -1.000000 -1.000000 -1.000000 1358.000000 30047.000000 0.000000 1.000000 -1.000000
0 90.279008 6.000000 0.000000 4.087892 1.606862 -1.000000 -1.000000 -1.000000 4164.000000 65237.000000 0.000000 1.000000 -1.000000
0 90.092179 6.000000 0.000000 4.133482 1.398710 -1.000000 -1.000000 -1.000000 5748.000000 64332.000000 0.000000 1.000000 -1.000000
0 90.239885 6.000000 0.000000 4.060991 1.452863 -1.000000 -1.000000 -1.000000 18072.000000 54985.000000 0.000000 1.000000 -1.000000
0 90.014452 6.000000 0.000000 4.962478 1.897297 -1.000000 -1.000000 -1.000000 26436.000000 80324.000000 0.000000 1.000000 -1.000000
0 90.012413 8.000000 0.000000 4.004092 1.464166 -1.000000 -1.000000 -1.000000 5354.000000 39054.000000 0.000000 1.000000 -1.000000
0 90.039174 8.000000 0.000000 4.003702 1.435017 -1.000000 -1.000000 -1.000000 26800.000000 73390.000000 0.000000 1.000000 -1.000000
0 90.018882 8.000000 0.000000 3.637918 1.216118 -1.000000 -1.000000 -1.000000 2030.000000 37370.000000 0.000000 1.000000 -1.000000
0 90.029190 8.000000 0.000000 4.207174 1.347462 -1.000000 -1.000000 -1.000000 40720.000000 48312.000000 0.000000 1.000000 -1.000000
0 90.054605 8.000000 0.000000 3.539606 1.241069 -1.000000 -1.000000 -1.000000 827.000000 80852.000000 0.000000 1.000000 -1.000000
0 90.181776 8.000000 0.000000 3.474452 1.192929 -1.000000 -1.000000 -1.000000 1365.000000 51970.000000 0.000000 1.000000 -1.000000
0 90.056060 8.000000 0.000000 4.021557 1.437446 -1.000000 -1.000000 -1.000000 40375.000000 69880.000000 0.000000 1.000000 -1.000000
0 90.284462 8.000000 0.000000 4.793304 1.461405 -1.000000 -1.000000 -1.000000 2381.000000 82879.000000 0.000000 1.000000 -1.000000
0 90.041526 8.000000 0.000000 6.736410 2.434839 -1.000000 -1.000000 -1.000000 82578.000000 96870.000000 0.000000 1.000000 -1.000000
0 90.017349 8.000000 0.000000 6.298316 2.010597 -1.000000 -1.000000 -1.000000 20948.000000 94817.000000 0.000000 1.000000 -1.000000
0 90.012106 8.000000 0.000000 5.320777 1.932713 -1.000000 -1.000000 -1.000000 33057.000000 88838.000000 0.000000 1.000000 -1.000000
0 90.219527 8.000000 0.000000 3.816021 1.389436 -1.000000 -1.000000 -1.000000 682.000000 64055.000000 0.000000 1.000000 -1.000000
0 90.154733 8.000000 0.000000 4.514209 1.655099 -1.000000 -1.000000 -1.000000 47112.000000 48072.000000 0.000000 1.000000 -1.000000
0 90.154733 8.000000 0.000000 4.514209 1.655099 -1.000000 -1.000000 -1.000000 47112.000000 48072.000000 0.000000 1.000000 -1.000000
0 90.418638 8.000000 0.000000 3.323761 1.239818 -1.000000 -1.000000 -1.000000 1791.000000 28574.000000 0.000000 1.000000 -1.000000
0 90.108930 8.000000 0.000000 6.955971 2.523554 -1.000000 -1.000000 -1.000000 20374.000000 166243.000000 0.000000 1.000000 -1.000000
0 90.045847 8.000000 0.000000 3.637933 1.240575 -1.000000 -1.000000 -1.000000 1279.000000 47582.000000 0.000000 1.000000 -1.000000
0 90.166062 8.000000 0.000000 4.751620 1.704721 -1.000000 -1.000000 -1.000000 1100.000000 71497.000000 0.000000 1.000000 -1.000000
0 90.174655 8.000000 0.000000 4.581955 1.510955 -1.000000 -1.000000 -1.000000 53824.000000 42523.000000 0.000000 1.000000 -1.000000
0 90.217343 8.000000 0.000000 4.291281 1.647469 -1.000000 -1.000000 -1.000000 707.000000 66818.000000 0.000000 1.000000 -1.000000
0 90.319745 8.000000 0.000000 3.270516 1.201343 -1.000000 -1.000000 -1.000000 0.000000 46914.000000 0.000000 1.000000 -1.000000
0 90.112694 8.000000 0.000000 4.679907 1.448067 -1.000000 -1.000000 -1.000000 6727.000000 94087.000000 0.000000 1.000000 -1.000000
0 90.035855 8.000000 0.000000 3.230922 1.161855 -1.000000 -1.000000 -1.000000 617.000000 30993.000000 0.000000 1.000000 -1.000000
0 90.311369 8.000000 0.000000 3.443589 1.274633 -1.000000 -1.000000 -1.000000 1358.000000 30047.000000 0.000000 1.000000 -1.000000
0 90.279008 8.000000 0.000000 4.087892 1.606862 -1.000000 -1.000000 -1.000000 4164.000000 65237.000000 0.000000 1.000000 -1.000000
0 90.092179 8.000000 0.000000 4.133482 1.398710 -1.000000 -1.000000 -1.000000 5748.000000 64332.000000 0.000000 1.000000 -1.000000
0 90.239885 8.000000 0.000000 4.060991 1.452863 -1.000000 -1.000000 -1.000000 18072.000000 54985.000000 0.000000 1.000000 -1.000000
0 90.014452 8.000000 0.000000 4.962478 1.897297 -1.000000 -1.000000 -1.000000 26438.000000 80324.000000 0.000000 1.000000 -1.000000
0 90.012413 8.000000 0.000000 4.004092 1.464166 -1.000000 -1.000000 -1.000000 5354.000000 39054.000000 0.000000 1.000000 -1.000000
0 90.039174 8.000000 0.000000 4.003702 1.435017 -1.000000 -1.000000 -1.000000 26800.000000 73390.000000 0.000000 1.000000 -1.000000
0 90.018882 8.000000 0.000000 3.637918 1.216118 -1.000000 -1.000000 -1.000000 2030.000000 37370.000000 0.000000 1.000000 -1.000000
0 90.029190 8.000000 0.000000 4.207174 1.347462 -1.000000 -1.000000 -1.000000 40720.000000 48312.000000 0.000000 1.000000 -1.000000
0 90.054605 8.000000 0.000000 3.539606 1.241069 -1.000000 -1.000000 -1.000000 827.000000 80852.000000 0.000000 1.000000 -1.000000
0 90.181776 8.000000 0.000000 3.474452 1.192929 -1.000000 -1.000000 -1.000000 1365.000000 51970.000000 0.000000 1.000000 -1.000000
0 90.056060 8.000000 0.000000 4.021557 1.437446 -1.000000 -1.000000 -1.000000 40375.000000 69880.000000 0.000000 1.000000 -1.000000
0 90.284462 8.000000 0.000000 4.793304 1.461405 -1.000000 -1.000000 -1.000000 2381.000000 82879.000000 0.000000 1.000000 -1.000000
0 90.041526 8.000000 0.000000 6.736410 2.434839 -1.000000 -1.000000 -1.000000 82578.000000 96870.000000 0.000000 1.000000 -1.000000
0 90.017349 8.000000 0.000000 6.298316 2.010597 -1.000000 -1.000000 -1.000000 20948.000000 94817.000000 0.000000 1.000000 -1.000000
0 90.012106 8.000000 0.000000 5.320777 1.932713 -1.000000 -1.000000 -1.000000 33057.000000 88838.000000 0.000000 1.000000 -1.000000
0 90.219527 8.000000 0.000000 3.816021 1.389436 -1.000000 -1.000000 -1.000000 682.000000 64055.000000 0.000000 1.000000 -1.000000
0 90.154733 8.000000 0.000000 4.514209 1.655099 -1.000000 -1.000000 -1.000000 47112.000000 48072.000000 0.000000 1.000000 -1.000000
0 90.154733 8.000000 0.000000 4.514209 1.655099 -1.000000 -1.000000 -1.000000 47112.000000 48072.000000 0.000000 1.000000 -1.000000
0 90.418638 8.000000 0.000000 3.323761 1.239818 -1.000000 -1.000000 -1.000000 1791.000000 28574.000000 0.000000 1.000000 -1.000000
0 90.108930 8.000000 0.000000 6.955971 2.523554 -1.000000 -1.000000 -1.000000 20374.000000 166243.000000 0.000000 1.000000 -1.000000
0 90.045847 8.000000 0.000000 3.637933 1.240575 -1.000000 -1.000000 -1.000000 1279.000000 47582.000000 0.000000 1.000000 -1.000000
0 90.166062 8.000000 0.000000 4.751620 1.704721 -1.000000 -1.000000 -1.000000 1100.000000 71497.000000 0.000000 1.000000 -1.000000
0 90.174655 8.000000 0.000000 4.581955 1.510955 -1.000000 -1.000000 -1.000000 53824.000000 42523.000000 0.000000 1.000000 -1.000000
0 90.217343 8.000000 0.000000 4.291281 1.647469 -1.000000 -1.000000 -1.000000 707.000000 66818.000000 0.000000 1.000000 -1.000000
0 90.319745 8.000000 0.000000 3.270516 1.201343 -1.000000 -1.000000 -1.000000 0.000000 46914.000000 0.000000 1.000000 -1.000000
0 90.112694 8.000000 0.000000 4.679907 1.448067 -1.000000 -1.000000 -1.000000 6727.000000 94087.000000 0.000000 1.000000 -1.000000
0 90.035855 8.000000 0.000000 3.230922 1.161855 -1.000000 -1.000000 -1.000000 617.000000 30993.000000 0.000000 1.000000 -1.000000
0 90.311369 8.000000 0.000000 3.443589 1.274633 -1.000000 -1.000000 -1.000000 1358.000000 30047.000000 0.000000 1.000000 -1.000000
0 90.279008 8.000000 0.000000 4.087892 1.606862 -1.000000 -1.000000 -1.000000 4164.000000 65237.000000 0.000000 1.000000 -1.000000
0 90.092179 8.000000 0.000000 4.133482 1.398710 -1.000000 -1.000000 -1.000000 5748.000000 64332.000000 0.000000 1.000000 -1.000000
0 90.239885 8.000000 0.000000 4.060991 1.452863 -1.000000 -1.000000 -1.000000 18072.000000 54985.000000 0.000000 1.000000 -1.000000
0 90.014452 8.000000 0.000000 4.962478 1.897297 -1.000000 -1.000000 -1.000000 26438.000000 80324.000000 0.000000 1.000000 -1.000000
0 90.012413 10.000000 0.000000 4.004092 1.464166 -1.000000 -1.000000 -1.000000 5354.000000 39054.000000 0.000000 1.000000 -1.000000
0 90.039174 10.000000 0.000000 4.003702 1.435017 -1.000000 -1.000000 -1.000000 26800.000000 73390.000000 0.000000 1.000000 -1.000000
0 90.018882 10.000000 0.000000 3.637918 1.216118 -1.000000 -1.000000 -1.000000 2030.000000 37370.000000 0.000000 1.000000 -1.000000
0 90.029190 10.000000 0.000000 4.207174 1.347462 -1.000000 -1.000000 -1.000000 40720.000000 48312.000000 0.000000 1.000000 -1.000000
0 90.054605 10.000000 0.000000 3.539606 1.241069 -1.000000 -1.000000 -1.000000 827.000000 80852.000000 0.000000 1.000000 -1.000000
0 90.181776 10.000000 0.000000 3.474452 1.192929 -1.000000 -1.000000 -1.000000 1365.000000 51970.000000 0.000000 1.000000 -1.000000
0 90.056060 10.000000 0.000000 4.021557 1.437446 -1.000000 -1.000000 -1.000000 40375.000000 69880.000000 0.000000 1.000000 -1.000000
0 90.284462 10.000000 0.000000 4.793304 1.461405 -1.000000 -1.000000 -1.000000 2381.000000 82879.000000 0.000000 1.000000 -1.000000
0 90.041526 10.000000 0.000000 6.736410 2.434839 -1.000000 -1.000000 -1.000000 825710.000000 96870.000000 0.000000 1.000000 -1.000000
0 90.017349 10.000000 0.000000 6.298316 2.010597 -1.000000 -1.000000 -1.000000 209410.000000 94817.000000 0.000000 1.000000 -1.000000
0 90.012106 10.000000 0.000000 5.320777 1.932713 -1.000000 -1.000000 -1.000000 33057.000000 888310.000000 0.000000 1.000000 -1.000000
0 90.219527 10.000000 0.000000 3.816021 1.389436 -1.000000 -1.000000 -1.000000 682.000000 64055.000000 0.000000 1.000000 -1.000000
0 90.154733 10.000000 0.000000 4.514209 1.655099 -1.000000 -1.000000 -1.000000 47112.000000 48072.000000 0.000000 1.000000 -1.000000
0 90.154733 10.000000 0.000000 4.514209 1.655099 -1.000000 -1.000000 -1.000000 47112.000000 48072.000000 0.000000 1.000000 -1.000000
0 90.418638 10.000000 0.000000 3.323761 1.239818 -1.000000 -1.000000 -1.000000 1791.000000 28574.000000 0.000000 1.000000 -1.000000
0 90.108930 10.000000 0.000000 6.955971 2.523554 -1.000000 -1.000000 -1.000000 20374.000000 166243.000000 0.000000 1.000000 -1.000000
0 90.045847 10.000000 0.000000 3.637933 1.240575 -1.000000 -1.000000 -1.000000 1279.000000 47582.000000 0.000000 1.000000 -1.000000
0 90.166062 10.000000 0.000000 4.751620 1.704721 -1.000000 -1.000000 -1.000000 1100.000000 71497.000000 0.000000 1.000000 -1.000000
0 90.174655 10.000000 0.000000 4.581955 1.510955 -1.000000 -1.000000 -1.000000 53824.000000 42523.000000 0.000000 1.000000 -1.000000
0 90.217343 10.000000 0.000000 4.291281 1.647469 -1.000000 -1.000000 -1.000000 707.000000 668110.000000 0.000000 1.000000 -1.000000
0 90.319745 10.000000 0.000000 3.270516 1.201343 -1.000000 -1.000000 -1.000000 0.000000 46914.000000 0.000000 1.000000 -1.000000
0 90.112694 10.000000 0.000000 4.679907 1.448067 -1.000000 -1.000000 -1.000000 6727.000000 94087.000000 0.000000 1.000000 -1.000000
0 90.035855 10.000000 0.000000 3.230922 1.161855 -1.000000 -1.000000 -1.000000 617.000000 30993.000000 0.000000 1.000000 -1.000000
0 90.311369 10.000000 0.000000 3.443589 1.274633 -1.000000 -1.000000 -1.000000 13510.000000 30047.000000 0.000000 1.000000 -1.000000
0 90.279008 10.000000 0.000000 4.087892 1.606862 -1.000000 -1.000000 -1.000000 4164.000000 65237.000000 0.000000 1.000000 -1.000000
0 90.092179 10.000000 0.000000 4.133482 1.398710 -1.000000 -1.000000 -1.000000 57410.000000 64332.000000 0.000000 1.000000 -1.000000
0 90.239885 10.000000 0.000000 4.060991 1.452863 -1.000000 -1.000000 -1.000000 18072.000000 54985.000000 0.000000 1.000000 -1.000000
0 90.014452 10.000000 0.000000 4.962478 1.897297 -1.000000 -1.000000 -1.000000 264310.000000 80324.000000 0.000000 1.000000 -1.000000
0 90.012413 10.000000 0.000000 4.004092 1.464166 -1.000000 -1.000000 -1.000000 5354.000000 39054.000000 0.000000 1.000000 -1.000000
0 90.039174 10.000000 0.000000 4.003702 1.435017 -1.000000 -1.000000 -1.000000 26800.000000 73390.000000 0.000000 1.000000 -1.000000
0 90.018882 10.000000 0.000000 3.637918 1.216118 -1.000000 -1.000000 -1.000000 2030.000000 37370.000000 0.000000 1.000000 -1.000000
0 90.029190 10.000000 0.000000 4.207174 1.347462 -1.000000 -1.000000 -1.000000 40720.000000 48312.000000 0.000000 1.000000 -1.000000
0 90.054605 10.000000 0.000000 3.539606 1.241069 -1.000000 -1.000000 -1.000000 827.000000 80852.000000 0.000000 1.000000 -1.000000
0 90.181776 10.000000 0.000000 3.474452 1.192929 -1.000000 -1.000000 -1.000000 1365.000000 51970.000000 0.000000 1.000000 -1.000000
0 90.056060 10.000000 0.000000 4.021557 1.437446 -1.000000 -1.000000 -1.000000 40375.000000 69880.000000 0.000000 1.000000 -1.000000
0 90.284462 10.000000 0.000000 4.793304 1.461405 -1.000000 -1.000000 -1.000000 2381.000000 82879.000000 0.000000 1.000000 -1.000000
0 90.041526 10.000000 0.000000 6.736410 2.434839 -1.000000 -1.000000 -1.000000 825710.000000 96870.000000 0.000000 1.000000 -1.000000
0 90.017349 10.000000 0.000000 6.298316 2.010597 -1.000000 -1.000000 -1.000000 209410.000000 94817.000000 0.000000 1.000000 -1.000000
0 90.012106 10.000000 0.000000 5.320777 1.932713 -1.000000 -1.000000 -1.000000 33057.000000 888310.000000 0.000000 1.000000 -1.000000
0 90.219527 10.000000 0.000000 3.816021 1.389436 -1.000000 -1.000000 -1.000000 682.000000 64055.000000 0.000000 1.000000 -1.000000
0 90.418638 10.000000 0.000000 3.323761 1.239818 -1.000000 -1.000000 -1.000000 1791.000000 28574.000000 0.000000 1.000000 -1.000000
0 90.154733 10.000000 0.000000 4.514209 1.655099 -1.000000 -1.000000 -1.000000 47112.000000 48072.000000 0.000000 1.000000 -1.000000
0 90.418638 10.000000 0.000000 3.323761 1.239818 -1.000000 -1.000000 -1.000000 1791.000000 28574.000000 0.000000 1.000000 -1.000000
0 90.108930 10.000000 0.000000 6.955971 2.523554 -1.000000 -1.000000 -1.000000 20374.000000 166243.000000 0.000000 1.000000 -1.000000
0 90.045847 10.000000 0.000000 3.637933 1.240575 -1.000000 -1.000000 -1.000000 1279.000000 47582.000000 0.000000 1.000000 -1.000000
0 90.166062 10.000000 0.000000 4.751620 1.704721 -1.000000 -1.000000 -1.000000 1100.000000 71497.000000 0.000000 1.000000 -1.000000
0 90.174655 10.000000 0.000000 4.581955 1.510955 -1.000000 -1.000000 -1.000000 53824.000000 42523.000000 0.000000 1.000000 -1.000000
0 90.217343 10.000000 0.000000 4.291281 1.647469 -1.000000 -1.000000 -1.000000 707.000000 668110.000000 0.000000 1.000000 -1.000000
0 90.319745 10.000000 0.000000 3.270516 1.201343 -1.000000 -1.000000 -1.000000 0.000000 46914.000000 0.000000 1.000000 -1.000000
0 90.112694 10.000000 0.000000 4.679907 1.448067 -1.000000 -1.000000 -1.000000 6727.000000 94087.000000 0.000000 1.000000 -1.000000
0 90.035855 10.000000 0.000000 3.230922 1.161855 -1.000000 -1.000000 -1.000000 617.000000 30993.000000 0.000000 1.000000 -1.000000
0 90.311369 10.000000 0.000000 3.443589 1.274633 -1.000000 -1.000000 -1.000000 13510.000000 30047.000000 0.000000 1.000000 -1.000000
0 90.279008 10.000000 0.000000 4.087892 1.606862 -1.000000 -1.000000 -1.000000 4164.000000 65237.000000 0.000000 1.000000 -1.000000
0 90.092179 10.000000 0.000000 4.133482 1.398710 -1.000000 -1.000000 -1.000000 57410.000000 64332.000000 0.000000 1.000000 -1.000000
0 90.239885 10.000000 0.000000 4.060991 1.452863 -1.000000 -1.000000 -1.000000 18072.000000 54985.000000 0.000000 1.000000 -1.000000
0 90.014452 10.000000 0.000000 4.962478 1.897297 -1.000000 -1.000000 -1.000000 264310.000000 80324.000000 0.000000 1.000000 -1.000000
