1 0.497157 1.000000 0.000000 0.028749 0.146891 0.000000 0.000000 0.000000 0.000000 4380.000000 -1.000000 0.000000 56.924898
1 3.141888 1.000000 0.000000 0.067432 0.403055 0.000000 0.000000 0.000000 0.000000 16795.000000 -1.000000 0.000000 37.408043
1 3.883948 1.000000 0.000000 0.076499 0.322278 0.000000 0.000000 0.000000 0.000000 27231.000000 -1.000000 0.000000 48.527301
1 0.542764 1.000000 0.000000 0.027206 0.120573 0.000000 0.000000 0.000000 0.000000 7643.000000 -1.000000 0.000000 47.454649
1 0.141032 1.000000 0.000000 0.010018 0.033820 0.000000 0.000000 0.000000 0.000000 1400.000000 -1.000000 0.000000 34.410621
1 3.141888 1.000000 0.000000 0.067432 0.403055 0.000000 0.000000 0.000000 0.000000 16795.000000 -1.000000 0.000000 37.408043
1 1.012839 1.000000 0.000000 0.034692 0.187447 0.000000 0.000000 0.000000 0.000000 9391.000000 -1.000000 0.000000 37.603486
1 0.945263 1.000000 0.000000 0.040785 0.164732 0.000000 0.000000 0.000000 0.000000 12707.000000 -1.000000 0.000000 46.488711
1 1.012839 1.000000 0.000000 0.034692 0.187447 0.000000 0.000000 0.000000 0.000000 9391.000000 -1.000000 0.000000 37.603486
1 0.014882 1.000000 0.000000 0.002007 0.007356 0.000000 0.000000 0.000000 0.000000 619.000000 -1.000000 0.000000 42.169060
1 0.016739 1.000000 0.000000 0.002398 0.009598 0.000000 0.000000 0.000000 0.000000 271.000000 -1.000000 0.000000 40.037997
1 3.141888 1.000000 0.000000 0.067432 0.403055 0.000000 0.000000 0.000000 0.000000 16795.000000 -1.000000 0.000000 37.408043
1 3.883948 1.000000 0.000000 0.076499 0.322278 0.000000 0.000000 0.000000 0.000000 27231.000000 -1.000000 0.000000 48.527301
1 0.523897 1.000000 0.000000 0.024993 0.089077 0.000000 0.000000 0.000000 0.000000 7682.000000 -1.000000 0.000000 40.333176
1 3.141888 1.000000 0.000000 0.067432 0.403055 0.000000 0.000000 0.000000 0.000000 16795.000000 -1.000000 0.000000 37.408043
1 0.404834 1.000000 0.000000 0.020060 0.079990 0.000000 0.000000 0.000000 0.000000 3033.000000 -1.000000 0.000000 33.155554
1 1.012839 1.000000 0.000000 0.034692 0.187447 0.000000 0.000000 0.000000 0.000000 9391.000000 -1.000000 0.000000 37.603486
1 0.720933 1.000000 0.000000 0.031077 0.107773 0.000000 0.000000 0.000000 0.000000 11219.000000 -1.000000 0.000000 37.749572
1 3.141888 1.000000 0.000000 0.067432 0.403055 0.000000 0.000000 0.000000 0.000000 16795.000000 -1.000000 0.000000 37.408043
1 0.112328 1.000000 0.000000 0.008026 0.027781 0.000000 0.000000 0.000000 0.000000 2049.000000 -1.000000 0.000000 39.503274
1 1.012839 1.000000 0.000000 0.034692 0.187447 0.000000 0.000000 0.000000 0.000000 9391.000000 -1.000000 0.000000 37.603486
1 0.105536 1.000000 0.000000 0.008635 0.041388 0.000000 0.000000 0.000000 0.000000 1442.000000 -1.000000 0.000000 48.189448
1 0.522649 1.000000 0.000000 0.026696 0.129359 0.000000 0.000000 0.000000 0.000000 4260.000000 -1.000000 0.000000 37.024489
1 0.138002 1.000000 0.000000 0.011277 0.053214 0.000000 0.000000 0.000000 0.000000 1360.000000 -1.000000 0.000000 36.250212
1 0.532861 1.000000 0.000000 0.023099 0.121696 0.000000 0.000000 0.000000 0.000000 8813.000000 -1.000000 0.000000 37.524846
1 3.883948 1.000000 0.000000 0.076499 0.322278 0.000000 0.000000 0.000000 0.000000 27231.000000 -1.000000 0.000000 48.527301
1 0.618111 1.000000 0.000000 0.024593 0.133376 0.000000 0.000000 0.000000 0.000000 6317.000000 -1.000000 0.000000 37.384801
1 1.012839 1.000000 0.000000 0.034692 0.187447 0.000000 0.000000 0.000000 0.000000 9391.000000 -1.000000 0.000000 37.603486
1 0.618111 1.000000 0.000000 0.024593 0.133376 0.000000 0.000000 0.000000 0.000000 6317.000000 -1.000000 0.000000 37.384801
1 3.883948 1.000000 0.000000 0.076499 0.322278 0.000000 0.000000 0.000000 0.000000 27231.000000 -1.000000 0.000000 48.527301
1 0.485871 1.000000 0.000000 0.029642 0.113319 0.000000 0.000000 0.000000 0.000000 12873.000000 -1.000000 0.000000 43.154237
1 1.008747 1.000000 0.000000 0.041475 0.173222 0.000000 0.000000 0.000000 0.000000 12616.000000 -1.000000 0.000000 39.836139
1 0.505165 1.000000 0.000000 0.031150 0.114068 0.000000 0.000000 0.000000 0.000000 7231.000000 -1.000000 0.000000 39.352580
1 3.141888 1.000000 0.000000 0.067432 0.403055 0.000000 0.000000 0.000000 0.000000 16795.000000 -1.000000 0.000000 37.408043
1 0.241092 1.000000 0.000000 0.015771 0.076120 0.000000 0.000000 0.000000 0.000000 4011.000000 -1.000000 0.000000 40.865271
1 0.618111 1.000000 0.000000 0.024593 0.133376 0.000000 0.000000 0.000000 0.000000 6317.000000 -1.000000 0.000000 37.384801
1 1.012839 1.000000 0.000000 0.034692 0.187447 0.000000 0.000000 0.000000 0.000000 9391.000000 -1.000000 0.000000 37.603486
1 0.133122 1.000000 0.000000 0.013242 0.051755 0.000000 0.000000 0.000000 0.000000 1333.000000 -1.000000 0.000000 40.441284
1 3.141888 1.000000 0.000000 0.067432 0.403055 0.000000 0.000000 0.000000 0.000000 16795.000000 -1.000000 0.000000 37.408043
1 1.675157 1.000000 0.000000 0.061062 0.225714 0.000000 0.000000 0.000000 0.000000 15238.000000 -1.000000 0.000000 43.230662
1 1.675157 1.000000 0.000000 0.061062 0.225714 0.000000 0.000000 0.000000 0.000000 15238.000000 -1.000000 0.000000 43.230662
1 1.675157 1.000000 0.000000 0.061062 0.225714 0.000000 0.000000 0.000000 0.000000 15238.000000 -1.000000 0.000000 43.230662
1 0.958920 1.000000 0.000000 0.030171 0.171446 0.000000 0.000000 0.000000 0.000000 8835.000000 -1.000000 0.000000 41.793390
1 0.618111 1.000000 0.000000 0.024593 0.133376 0.000000 0.000000 0.000000 0.000000 6317.000000 -1.000000 0.000000 37.384801
1 2.650174 1.000000 0.000000 0.078054 0.412713 0.000000 0.000000 0.000000 0.000000 13756.000000 -1.000000 0.000000 57.355838
1 1.675157 1.000000 0.000000 0.061062 0.225714 0.000000 0.000000 0.000000 0.000000 15238.000000 -1.000000 0.000000 43.230662
1 3.438987 1.000000 0.000000 0.066793 0.385625 0.000000 0.000000 0.000000 0.000000 12383.000000 -1.000000 0.000000 40.763595
1 0.785431 1.000000 0.000000 0.027149 0.125886 0.000000 0.000000 0.000000 0.000000 7025.000000 -1.000000 0.000000 40.674709
1 3.438987 1.000000 0.000000 0.066793 0.385625 0.000000 0.000000 0.000000 0.000000 12383.000000 -1.000000 0.000000 40.763595
1 0.288027 1.000000 0.000000 0.018515 0.061678 0.000000 0.000000 0.000000 0.000000 3592.000000 -1.000000 0.000000 35.663860
1 1.675157 1.000000 0.000000 0.061062 0.225714 0.000000 0.000000 0.000000 0.000000 15238.000000 -1.000000 0.000000 43.230662
1 0.211242 1.000000 0.000000 0.012619 0.055599 0.000000 0.000000 0.000000 0.000000 2276.000000 -1.000000 0.000000 41.316652
1 3.438987 1.000000 0.000000 0.066793 0.385625 0.000000 0.000000 0.000000 0.000000 12383.000000 -1.000000 0.000000 40.763595
1 0.040145 1.000000 0.000000 0.004515 0.014580 0.000000 0.000000 0.000000 0.000000 727.000000 -1.000000 0.000000 32.658000
1 1.675157 1.000000 0.000000 0.061062 0.225714 0.000000 0.000000 0.000000 0.000000 15238.000000 -1.000000 0.000000 43.230662
1 0.285892 1.000000 0.000000 0.016399 0.062702 0.000000 0.000000 0.000000 0.000000 3637.000000 -1.000000 0.000000 40.288652
1 0.958920 1.000000 0.000000 0.030171 0.171446 0.000000 0.000000 0.000000 0.000000 8835.000000 -1.000000 0.000000 41.793390
1 1.012839 1.000000 0.000000 0.034692 0.187447 0.000000 0.000000 0.000000 0.000000 9391.000000 -1.000000 0.000000 37.603486
0 90.171337 2.000000 0.000000 0.616324 3.689219 -1.000000 -1.000000 -1.000000 16612.000000 93497.000000 0.000000 0.000000 -1.000000
0 90.088225 2.000000 0.000000 0.855490 4.277566 -1.000000 -1.000000 -1.000000 9463.000000 160218.000000 0.000000 0.000000 -1.000000
0 90.040754 2.000000 0.000000 0.430906 2.869886 -1.000000 -1.000000 -1.000000 29901.000000 38689.000000 0.000000 0.000000 -1.000000
0 90.122361 2.000000 0.000000 0.524126 4.284082 -1.000000 -1.000000 -1.000000 55737.000000 30475.000000 0.000000 0.000000 -1.000000
1 50.799662 2.000000 0.000000 0.309475 1.601407 -1.000000 -1.000000 -1.000000 10611.000000 34508.000000 0.000000 0.000000 44.177167
0 90.117510 2.000000 0.000000 0.570318 2.492649 -1.000000 -1.000000 -1.000000 14174.000000 71853.000000 0.000000 0.000000 -1.000000
1 8.726367 2.000000 0.000000 0.198092 0.880371 -1.000000 -1.000000 -1.000000 124.000000 27648.000000 0.000000 0.000000 31.326017
0 90.267376 2.000000 0.000000 0.504314 2.186178 -1.000000 -1.000000 -1.000000 6862.000000 40252.000000 0.000000 0.000000 -1.000000
0 90.068876 2.000000 0.000000 1.025260 4.791575 -1.000000 -1.000000 -1.000000 1323.000000 144759.000000 0.000000 0.000000 -1.000000
0 90.041266 2.000000 0.000000 0.518206 2.777665 -1.000000 -1.000000 -1.000000 832.000000 50291.000000 0.000000 0.000000 -1.000000
0 90.040116 2.000000 0.000000 0.813502 5.287136 -1.000000 -1.000000 -1.000000 73718.000000 43716.000000 0.000000 0.000000 -1.000000
0 90.110416 2.000000 0.000000 0.742288 4.018173 -1.000000 -1.000000 -1.000000 51278.000000 53170.000000 0.000000 0.000000 -1.000000
0 90.189759 2.000000 0.000000 0.654300 4.115262 -1.000000 -1.000000 -1.000000 75098.000000 18499.000000 0.000000 0.000000 -1.000000
0 90.033908 2.000000 0.000000 0.793010 4.390400 -1.000000 -1.000000 -1.000000 70072.000000 46479.000000 0.000000 0.000000 -1.000000
0 90.134015 2.000000 0.000000 0.918743 3.620997 -1.000000 -1.000000 -1.000000 7521.000000 130532.000000 0.000000 0.000000 -1.000000
0 90.029532 2.000000 0.000000 0.365898 1.727600 -1.000000 -1.000000 -1.000000 1052.000000 16408.000000 0.000000 0.000000 -1.000000
0 90.187710 2.000000 0.000000 0.556255 2.359403 -1.000000 -1.000000 -1.000000 676.000000 59893.000000 0.000000 0.000000 -1.000000
0 90.462316 2.000000 0.000000 0.577230 2.762921 -1.000000 -1.000000 -1.000000 319.000000 58747.000000 0.000000 0.000000 -1.000000
0 90.060235 2.000000 0.000000 0.783933 4.870068 -1.000000 -1.000000 -1.000000 69435.000000 70227.000000 0.000000 0.000000 -1.000000
1 16.102420 2.000000 0.000000 0.266577 1.004468 -1.000000 -1.000000 -1.000000 7392.000000 33546.000000 0.000000 0.000000 64.485850
1 33.886122 2.000000 0.000000 0.370324 1.570727 -1.000000 -1.000000 -1.000000 4370.000000 33272.000000 0.000000 0.000000 54.004753
0 90.288623 2.000000 0.000000 0.509223 2.305085 -1.000000 -1.000000 -1.000000 395.000000 52281.000000 0.000000 0.000000 -1.000000
0 90.005601 2.000000 0.000000 0.434527 1.979521 -1.000000 -1.000000 -1.000000 1223.000000 34432.000000 0.000000 0.000000 -1.000000
1 0.022464 2.000000 0.000000 0.002590 0.011830 -1.000000 -1.000000 -1.000000 0.000000 194.000000 0.000000 0.000000 31.390682
0 90.386509 2.000000 0.000000 0.437258 1.773437 -1.000000 -1.000000 -1.000000 2415.000000 26494.000000 0.000000 0.000000 -1.000000
1 0.832719 2.000000 0.000000 0.036397 0.172686 -1.000000 -1.000000 -1.000000 0.000000 6758.000000 0.000000 0.000000 34.072144
0 90.180505 2.000000 0.000000 0.470480 2.220127 -1.000000 -1.000000 -1.000000 635.000000 38687.000000 0.000000 0.000000 -1.000000
0 90.165770 2.000000 0.000000 0.829905 3.993455 -1.000000 -1.000000 -1.000000 30768.000000 74971.000000 0.000000 0.000000 -1.000000
0 90.010545 2.000000 0.000000 0.498460 2.066276 -1.000000 -1.000000 -1.000000 15629.000000 60611.000000 0.000000 0.000000 -1.000000
0 90.082594 2.000000 0.000000 0.428606 1.911668 -1.000000 -1.000000 -1.000000 1086.000000 36209.000000 0.000000 0.000000 -1.000000
0 90.010246 2.000000 0.000000 0.814001 4.190412 -1.000000 -1.000000 -1.000000 80245.000000 38209.000000 0.000000 0.000000 -1.000000
0 90.276237 2.000000 0.000000 0.582945 2.407472 -1.000000 -1.000000 -1.000000 13912.000000 48972.000000 0.000000 0.000000 -1.000000
0 90.122988 2.000000 0.000000 0.832761 3.804978 -1.000000 -1.000000 -1.000000 16969.000000 98111.000000 0.000000 0.000000 -1.000000
0 90.041565 2.000000 0.000000 0.940660 5.826992 -1.000000 -1.000000 -1.000000 86790.000000 29541.000000 0.000000 0.000000 -1.000000
0 90.155635 2.000000 0.000000 0.967596 3.832113 -1.000000 -1.000000 -1.000000 27229.000000 90174.000000 0.000000 0.000000 -1.000000
1 36.921599 2.000000 0.000000 0.336622 1.307514 -1.000000 -1.000000 -1.000000 0.000000 54209.000000 0.000000 0.000000 36.261481
1 3.631960 2.000000 0.000000 0.074804 0.302316 -1.000000 -1.000000 -1.000000 219.000000 10371.000000 0.000000 0.000000 35.528430
0 90.106798 2.000000 0.000000 0.833245 3.983720 -1.000000 -1.000000 -1.000000 88120.000000 27928.000000 0.000000 0.000000 -1.000000
0 90.005549 2.000000 0.000000 0.789043 3.788744 -1.000000 -1.000000 -1.000000 8801.000000 110323.000000 0.000000 0.000000 -1.000000
0 90.489475 2.000000 0.000000 0.451024 1.960665 -1.000000 -1.000000 -1.000000 0.000000 25687.000000 0.000000 0.000000 -1.000000
0 90.120065 2.000000 0.000000 0.863155 3.502458 -1.000000 -1.000000 -1.000000 5647.000000 137316.000000 0.000000 0.000000 -1.000000
0 90.372898 2.000000 0.000000 0.503839 2.259662 -1.000000 -1.000000 -1.000000 743.000000 37820.000000 0.000000 0.000000 -1.000000
0 90.252821 2.000000 0.000000 0.640552 2.869609 -1.000000 -1.000000 -1.000000 8096.000000 64431.000000 0.000000 0.000000 -1.000000
0 90.000594 2.000000 0.000000 0.682327 3.301816 -1.000000 -1.000000 -1.000000 19367.000000 66655.000000 0.000000 0.000000 -1.000000
1 0.159039 2.000000 0.000000 0.013554 0.064951 -1.000000 -1.000000 -1.000000 15.000000 2260.000000 0.000000 0.000000 39.660472
0 90.110218 2.000000 0.000000 0.868816 4.125053 -1.000000 -1.000000 -1.000000 90323.000000 33279.000000 0.000000 0.000000 -1.000000
0 90.056636 2.000000 0.000000 0.631731 2.704134 -1.000000 -1.000000 -1.000000 22440.000000 63946.000000 0.000000 0.000000 -1.000000
1 73.269579 2.000000 0.000000 0.400895 1.845937 -1.000000 -1.000000 -1.000000 2383.000000 49647.000000 0.000000 0.000000 39.577138
0 90.052338 2.000000 0.000000 0.835923 4.104736 -1.000000 -1.000000 -1.000000 89038.000000 40750.000000 0.000000 0.000000 -1.000000
0 90.214041 2.000000 0.000000 0.605618 3.026562 -1.000000 -1.000000 -1.000000 11623.000000 53883.000000 0.000000 0.000000 -1.000000
0 90.175396 2.000000 0.000000 0.418690 1.848273 -1.000000 -1.000000 -1.000000 8740.000000 40192.000000 0.000000 0.000000 -1.000000
0 90.118624 2.000000 0.000000 0.847483 5.180235 -1.000000 -1.000000 -1.000000 44438.000000 96942.000000 0.000000 0.000000 -1.000000
0 90.105187 2.000000 0.000000 0.454778 1.873227 -1.000000 -1.000000 -1.000000 0.000000 46903.000000 0.000000 0.000000 -1.000000
0 90.065847 2.000000 0.000000 0.828121 4.306696 -1.000000 -1.000000 -1.000000 100422.000000 22045.000000 0.000000 0.000000 -1.000000
0 90.417004 2.000000 0.000000 0.395429 1.889808 -1.000000 -1.000000 -1.000000 490.000000 38267.000000 0.000000 0.000000 -1.000000
0 90.110091 2.000000 0.000000 0.433734 1.870195 -1.000000 -1.000000 -1.000000 816.000000 35295.000000 0.000000 0.000000 -1.000000
0 90.507040 2.000000 0.000000 0.520538 2.370160 -1.000000 -1.000000 -1.000000 6111.000000 35562.000000 0.000000 0.000000 -1.000000
0 90.052263 2.000000 0.000000 0.840866 4.889622 -1.000000 -1.000000 -1.000000 41058.000000 74095.000000 0.000000 0.000000 -1.000000
0 90.021584 2.000000 0.000000 0.774832 4.744097 -1.000000 -1.000000 -1.000000 82934.000000 28950.000000 0.000000 0.000000 -1.000000
1 1.932372 2.000000 0.000000 0.052298 0.277190 -1.000000 -1.000000 -1.000000 0.000000 6521.000000 0.000000 0.000000 33.300689
0 90.207719 4.000000 0.000000 0.656619 3.865041 -1.000000 -1.000000 -1.000000 44765.000000 43490.000000 0.000000 0.000000 -1.000000
0 90.138539 4.000000 0.000000 0.901580 4.639248 -1.000000 -1.000000 -1.000000 63503.000000 71496.000000 0.000000 0.000000 -1.000000
0 90.098709 4.000000 0.000000 0.920702 4.103300 -1.000000 -1.000000 -1.000000 86815.000000 25666.000000 0.000000 0.000000 -1.000000
0 90.363883 4.000000 0.000000 0.649933 2.843199 -1.000000 -1.000000 -1.000000 412.000000 65703.000000 0.000000 0.000000 -1.000000
0 90.023798 4.000000 0.000000 0.934561 4.129140 -1.000000 -1.000000 -1.000000 19577.000000 102068.000000 0.000000 0.000000 -1.000000
0 90.092274 4.000000 0.000000 0.545055 2.291897 -1.000000 -1.000000 -1.000000 3063.000000 66002.000000 0.000000 0.000000 -1.000000
0 90.114181 4.000000 0.000000 0.699734 4.465019 -1.000000 -1.000000 -1.000000 51481.000000 73721.000000 0.000000 0.000000 -1.000000
0 90.131142 4.000000 0.000000 0.364421 1.774152 -1.000000 -1.000000 -1.000000 0.000000 32101.000000 0.000000 0.000000 -1.000000
0 90.106265 4.000000 0.000000 0.699862 2.959334 -1.000000 -1.000000 -1.000000 31995.000000 41820.000000 0.000000 0.000000 -1.000000
0 90.121376 4.000000 0.000000 0.764576 3.029968 -1.000000 -1.000000 -1.000000 21425.000000 63759.000000 0.000000 0.000000 -1.000000
0 90.066828 4.000000 0.000000 0.946318 4.023614 -1.000000 -1.000000 -1.000000 20042.000000 132124.000000 0.000000 0.000000 -1.000000
0 90.170829 4.000000 0.000000 0.876284 3.938301 -1.000000 -1.000000 -1.000000 10154.000000 119509.000000 0.000000 0.000000 -1.000000
0 90.240861 4.000000 0.000000 0.744960 3.126265 -1.000000 -1.000000 -1.000000 3411.000000 94102.000000 0.000000 0.000000 -1.000000
0 90.338041 4.000000 0.000000 0.534149 3.025720 -1.000000 -1.000000 -1.000000 6554.000000 60654.000000 0.000000 0.000000 -1.000000
0 90.114181 4.000000 0.000000 0.699734 4.465019 -1.000000 -1.000000 -1.000000 51481.000000 73721.000000 0.000000 0.000000 -1.000000
0 90.051316 4.000000 0.000000 0.771214 3.591853 -1.000000 -1.000000 -1.000000 10895.000000 125442.000000 0.000000 0.000000 -1.000000
0 90.029240 4.000000 0.000000 0.500169 3.568807 -1.000000 -1.000000 -1.000000 20582.000000 72105.000000 0.000000 0.000000 -1.000000
0 90.090641 4.000000 0.000000 0.732849 3.517755 -1.000000 -1.000000 -1.000000 21200.000000 107080.000000 0.000000 0.000000 -1.000000
0 90.105043 4.000000 0.000000 0.838113 4.181890 -1.000000 -1.000000 -1.000000 1540.000000 150586.000000 0.000000 0.000000 -1.000000
0 90.016445 4.000000 0.000000 0.658153 3.864942 -1.000000 -1.000000 -1.000000 63638.000000 73010.000000 0.000000 0.000000 -1.000000
0 90.038875 4.000000 0.000000 0.602768 3.911706 -1.000000 -1.000000 -1.000000 88775.000000 29748.000000 0.000000 0.000000 -1.000000
0 90.114181 4.000000 0.000000 0.699734 4.465019 -1.000000 -1.000000 -1.000000 51481.000000 73721.000000 0.000000 0.000000 -1.000000
0 90.118422 4.000000 0.000000 0.653463 4.228585 -1.000000 -1.000000 -1.000000 65462.000000 39566.000000 0.000000 0.000000 -1.000000
0 90.048070 4.000000 0.000000 0.517335 3.995813 -1.000000 -1.000000 -1.000000 35576.000000 47215.000000 0.000000 0.000000 -1.000000
0 90.191192 4.000000 0.000000 0.627596 2.487381 -1.000000 -1.000000 -1.000000 42096.000000 63538.000000 0.000000 0.000000 -1.000000
0 90.151008 4.000000 0.000000 0.668847 3.609399 -1.000000 -1.000000 -1.000000 82542.000000 35173.000000 0.000000 0.000000 -1.000000
0 90.293794 4.000000 0.000000 0.365202 2.026839 -1.000000 -1.000000 -1.000000 0.000000 37628.000000 0.000000 0.000000 -1.000000
0 90.237943 4.000000 0.000000 0.623939 3.263157 -1.000000 -1.000000 -1.000000 435.000000 96712.000000 0.000000 0.000000 -1.000000
0 90.010089 4.000000 0.000000 0.566622 3.568708 -1.000000 -1.000000 -1.000000 29123.000000 91079.000000 0.000000 0.000000 -1.000000
0 90.039317 4.000000 0.000000 0.661961 2.700992 -1.000000 -1.000000 -1.000000 40686.000000 86360.000000 0.000000 0.000000 -1.000000
0 90.099537 4.000000 0.000000 0.757268 4.514448 -1.000000 -1.000000 -1.000000 16649.000000 134608.000000 0.000000 0.000000 -1.000000
0 90.008268 4.000000 0.000000 0.456826 2.378059 -1.000000 -1.000000 -1.000000 10530.000000 63885.000000 0.000000 0.000000 -1.000000
0 90.237943 4.000000 0.000000 0.623939 3.263157 -1.000000 -1.000000 -1.000000 435.000000 96712.000000 0.000000 0.000000 -1.000000
0 90.014204 4.000000 0.000000 0.669623 3.334445 -1.000000 -1.000000 -1.000000 62439.000000 61446.000000 0.000000 0.000000 -1.000000
0 90.111212 4.000000 0.000000 0.773253 3.761033 -1.000000 -1.000000 -1.000000 81189.000000 37432.000000 0.000000 0.000000 -1.000000
0 90.030063 4.000000 0.000000 0.544273 2.662879 -1.000000 -1.000000 -1.000000 42362.000000 64492.000000 0.000000 0.000000 -1.000000
0 90.030016 4.000000 0.000000 0.578024 3.066592 -1.000000 -1.000000 -1.000000 1889.000000 98568.000000 0.000000 0.000000 -1.000000
0 90.237943 4.000000 0.000000 0.623939 3.263157 -1.000000 -1.000000 -1.000000 435.000000 96712.000000 0.000000 0.000000 -1.000000
0 90.028137 4.000000 0.000000 0.362282 1.699942 -1.000000 -1.000000 -1.000000 580.000000 33777.000000 0.000000 0.000000 -1.000000
0 90.294126 4.000000 0.000000 0.632794 3.275684 -1.000000 -1.000000 -1.000000 27987.000000 53759.000000 0.000000 0.000000 -1.000000
0 90.144065 4.000000 0.000000 0.405750 2.368828 -1.000000 -1.000000 -1.000000 3756.000000 70161.000000 0.000000 0.000000 -1.000000
0 90.106036 4.000000 0.000000 0.391388 2.213338 -1.000000 -1.000000 -1.000000 11836.000000 56872.000000 0.000000 0.000000 -1.000000
0 90.024774 4.000000 0.000000 0.475509 2.127044 -1.000000 -1.000000 -1.000000 15814.000000 53355.000000 0.000000 0.000000 -1.000000
0 90.453084 4.000000 0.000000 0.449533 2.360415 -1.000000 -1.000000 -1.000000 929.000000 43442.000000 0.000000 0.000000 -1.000000
0 90.062849 4.000000 0.000000 1.210999 5.825317 -1.000000 -1.000000 -1.000000 43392.000000 193418.000000 0.000000 0.000000 -1.000000
0 90.095872 4.000000 0.000000 0.626197 3.899435 -1.000000 -1.000000 -1.000000 54516.000000 79828.000000 0.000000 0.000000 -1.000000
0 90.102187 4.000000 0.000000 0.643162 2.754392 -1.000000 -1.000000 -1.000000 68097.000000 33818.000000 0.000000 0.000000 -1.000000
0 90.082478 4.000000 0.000000 0.860428 4.746058 -1.000000 -1.000000 -1.000000 88026.000000 86432.000000 0.000000 0.000000 -1.000000
0 90.237943 4.000000 0.000000 0.623939 3.263157 -1.000000 -1.000000 -1.000000 435.000000 96712.000000 0.000000 0.000000 -1.000000
0 90.003754 4.000000 0.000000 0.458501 2.051985 -1.000000 -1.000000 -1.000000 14593.000000 70979.000000 0.000000 0.000000 -1.000000
0 90.079207 4.000000 0.000000 0.956641 4.669234 -1.000000 -1.000000 -1.000000 0.000000 211381.000000 0.000000 0.000000 -1.000000
0 90.036807 4.000000 0.000000 0.580327 2.415389 -1.000000 -1.000000 -1.000000 37645.000000 65913.000000 0.000000 0.000000 -1.000000
0 90.018697 4.000000 0.000000 0.518693 2.464571 -1.000000 -1.000000 -1.000000 80.000000 61688.000000 0.000000 0.000000 -1.000000
0 90.030966 4.000000 0.000000 1.992044 6.179766 -1.000000 -1.000000 -1.000000 0.000000 501329.000000 0.000000 0.000000 -1.000000
0 90.106036 4.000000 0.000000 0.391388 2.213338 -1.000000 -1.000000 -1.000000 11836.000000 56872.000000 0.000000 0.000000 -1.000000
0 90.081055 4.000000 0.000000 0.398165 1.844361 -1.000000 -1.000000 -1.000000 4280.000000 41871.000000 0.000000 0.000000 -1.000000
0 90.063086 4.000000 0.000000 0.340712 1.764547 -1.000000 -1.000000 -1.000000 7391.000000 39129.000000 0.000000 0.000000 -1.000000
0 90.078539 4.000000 0.000000 0.596085 2.672450 -1.000000 -1.000000 -1.000000 19227.000000 67534.000000 0.000000 0.000000 -1.000000
0 90.040935 4.000000 0.000000 0.745724 3.899778 -1.000000 -1.000000 -1.000000 111792.000000 25069.000000 0.000000 0.000000 -1.000000
0 90.078516 4.000000 0.000000 0.428919 2.207334 -1.000000 -1.000000 -1.000000 15235.000000 57337.000000 0.000000 0.000000 -1.000000
0 90.323051 6.000000 0.000000 0.372804 1.937134 -1.000000 -1.000000 -1.000000 10427.000000 53694.000000 0.000000 0.000000 -1.000000
0 90.109081 6.000000 0.000000 0.447219 2.372810 -1.000000 -1.000000 -1.000000 7353.000000 66048.000000 0.000000 0.000000 -1.000000
0 90.356820 6.000000 0.000000 0.433074 1.827563 -1.000000 -1.000000 -1.000000 11812.000000 57355.000000 0.000000 0.000000 -1.000000
0 90.181929 6.000000 0.000000 0.258261 1.127102 -1.000000 -1.000000 -1.000000 0.000000 25271.000000 0.000000 0.000000 -1.000000
0 90.191774 6.000000 0.000000 0.416476 1.912206 -1.000000 -1.000000 -1.000000 7616.000000 63230.000000 0.000000 0.000000 -1.000000
0 90.044444 6.000000 0.000000 0.518348 3.297686 -1.000000 -1.000000 -1.000000 19551.000000 83899.000000 0.000000 0.000000 -1.000000
0 90.008833 6.000000 0.000000 0.376558 1.712692 -1.000000 -1.000000 -1.000000 10879.000000 64219.000000 0.000000 0.000000 -1.000000
0 90.003402 6.000000 0.000000 0.632913 2.323872 -1.000000 -1.000000 -1.000000 2294.000000 203526.000000 0.000000 0.000000 -1.000000
0 90.074639 6.000000 0.000000 0.466308 2.359051 -1.000000 -1.000000 -1.000000 18171.000000 115138.000000 0.000000 0.000000 -1.000000
0 90.121788 6.000000 0.000000 0.429948 2.276403 -1.000000 -1.000000 -1.000000 14318.000000 123000.000000 0.000000 0.000000 -1.000000
0 90.179483 6.000000 0.000000 0.869935 3.517822 -1.000000 -1.000000 -1.000000 770.000000 264866.000000 0.000000 0.000000 -1.000000
0 90.064130 6.000000 0.000000 0.763407 4.174352 -1.000000 -1.000000 -1.000000 15815.000000 191544.000000 0.000000 0.000000 -1.000000
0 90.044181 6.000000 0.000000 0.497796 2.211341 -1.000000 -1.000000 -1.000000 38711.000000 115266.000000 0.000000 0.000000 -1.000000
0 90.249624 6.000000 0.000000 0.344755 1.483649 -1.000000 -1.000000 -1.000000 0.000000 43287.000000 0.000000 0.000000 -1.000000
0 90.056176 6.000000 0.000000 0.576434 2.507220 -1.000000 -1.000000 -1.000000 46119.000000 151472.000000 0.000000 0.000000 -1.000000
0 90.399609 6.000000 0.000000 0.431510 1.715470 -1.000000 -1.000000 -1.000000 103.000000 59044.000000 0.000000 0.000000 -1.000000
0 90.311939 6.000000 0.000000 0.417737 1.734211 -1.000000 -1.000000 -1.000000 2353.000000 63276.000000 0.000000 0.000000 -1.000000
0 90.047960 6.000000 0.000000 0.652886 2.274691 -1.000000 -1.000000 -1.000000 28615.000000 98518.000000 0.000000 0.000000 -1.000000
0 90.011097 6.000000 0.000000 0.694199 2.123462 -1.000000 -1.000000 -1.000000 46217.000000 90364.000000 0.000000 0.000000 -1.000000
0 90.090421 6.000000 0.000000 0.666297 2.030072 -1.000000 -1.000000 -1.000000 17310.000000 113150.000000 0.000000 0.000000 -1.000000
0 90.029019 6.000000 0.000000 0.801014 2.994123 -1.000000 -1.000000 -1.000000 24860.000000 178537.000000 0.000000 0.000000 -1.000000
0 90.065497 6.000000 0.000000 0.617689 2.599341 -1.000000 -1.000000 -1.000000 8714.000000 133984.000000 0.000000 0.000000 -1.000000
0 90.056505 6.000000 0.000000 0.431104 1.754199 -1.000000 -1.000000 -1.000000 6175.000000 59996.000000 0.000000 0.000000 -1.000000
0 90.072541 6.000000 0.000000 0.482398 1.816215 -1.000000 -1.000000 -1.000000 1982.000000 51896.000000 0.000000 0.000000 -1.000000
0 90.203063 6.000000 0.000000 0.480667 1.627583 -1.000000 -1.000000 -1.000000 1655.000000 63999.000000 0.000000 0.000000 -1.000000
0 90.153974 6.000000 0.000000 0.445400 1.381334 -1.000000 -1.000000 -1.000000 8910.000000 50007.000000 0.000000 0.000000 -1.000000
0 90.028827 6.000000 0.000000 0.695641 2.299699 -1.000000 -1.000000 -1.000000 54001.000000 91385.000000 0.000000 0.000000 -1.000000
0 90.046128 6.000000 0.000000 0.819947 3.177359 -1.000000 -1.000000 -1.000000 11359.000000 191261.000000 0.000000 0.000000 -1.000000
0 90.242700 6.000000 0.000000 0.554186 2.067951 -1.000000 -1.000000 -1.000000 11225.000000 59377.000000 0.000000 0.000000 -1.000000
0 90.337744 6.000000 0.000000 0.415093 1.462704 -1.000000 -1.000000 -1.000000 1405.000000 54060.000000 0.000000 0.000000 -1.000000
0 90.074506 6.000000 0.000000 0.568831 1.755497 -1.000000 -1.000000 -1.000000 3542.000000 98352.000000 0.000000 0.000000 -1.000000
0 90.052168 6.000000 0.000000 1.163525 4.052067 -1.000000 -1.000000 -1.000000 75600.000000 236488.000000 0.000000 0.000000 -1.000000
0 90.304894 6.000000 0.000000 0.349540 1.264983 -1.000000 -1.000000 -1.000000 15831.000000 47409.000000 0.000000 0.000000 -1.000000
0 90.271090 6.000000 0.000000 0.466669 1.803632 -1.000000 -1.000000 -1.000000 2383.000000 62339.000000 0.000000 0.000000 -1.000000
0 90.592623 6.000000 0.000000 0.510226 2.014795 -1.000000 -1.000000 -1.000000 10176.000000 72842.000000 0.000000 0.000000 -1.000000
0 90.047624 6.000000 0.000000 0.868163 2.871500 -1.000000 -1.000000 -1.000000 64948.000000 137271.000000 0.000000 0.000000 -1.000000
0 90.334808 6.000000 0.000000 0.567301 2.011076 -1.000000 -1.000000 -1.000000 2623.000000 90614.000000 0.000000 0.000000 -1.000000
0 90.037941 6.000000 0.000000 0.489456 1.740459 -1.000000 -1.000000 -1.000000 6425.000000 56884.000000 0.000000 0.000000 -1.000000
0 90.592623 6.000000 0.000000 0.510226 2.014795 -1.000000 -1.000000 -1.000000 10176.000000 72842.000000 0.000000 0.000000 -1.000000
0 90.113956 6.000000 0.000000 0.365057 1.299639 -1.000000 -1.000000 -1.000000 5985.000000 36221.000000 0.000000 0.000000 -1.000000
0 90.049540 6.000000 0.000000 0.547326 1.722815 -1.000000 -1.000000 -1.000000 23255.000000 79863.000000 0.000000 0.000000 -1.000000
0 90.231244 6.000000 0.000000 0.416910 1.463506 -1.000000 -1.000000 -1.000000 1629.000000 42266.000000 0.000000 0.000000 -1.000000
0 90.124028 6.000000 0.000000 0.741248 3.035292 -1.000000 -1.000000 -1.000000 72455.000000 90188.000000 0.000000 0.000000 -1.000000
0 90.126414 6.000000 0.000000 0.634751 2.068549 -1.000000 -1.000000 -1.000000 37152.000000 71583.000000 0.000000 0.000000 -1.000000
0 90.087897 6.000000 0.000000 0.502671 1.786869 -1.000000 -1.000000 -1.000000 15909.000000 51215.000000 0.000000 0.000000 -1.000000
0 90.005851 6.000000 0.000000 0.770063 3.313704 -1.000000 -1.000000 -1.000000 5359.000000 140804.000000 0.000000 0.000000 -1.000000
0 90.266986 6.000000 0.000000 0.430815 1.687775 -1.000000 -1.000000 -1.000000 3449.000000 59982.000000 0.000000 0.000000 -1.000000
0 90.041531 6.000000 0.000000 0.663143 2.463813 -1.000000 -1.000000 -1.000000 22617.000000 135449.000000 0.000000 0.000000 -1.000000
0 90.271365 6.000000 0.000000 0.678048 2.598505 -1.000000 -1.000000 -1.000000 1347.000000 169751.000000 0.000000 0.000000 -1.000000
0 90.213654 6.000000 0.000000 0.450073 1.686201 -1.000000 -1.000000 -1.000000 2831.000000 79927.000000 0.000000 0.000000 -1.000000
0 90.019995 6.000000 0.000000 0.732656 2.522723 -1.000000 -1.000000 -1.000000 67245.000000 92375.000000 0.000000 0.000000 -1.000000
0 90.156351 6.000000 0.000000 0.441304 1.492000 -1.000000 -1.000000 -1.000000 2572.000000 56133.000000 0.000000 0.000000 -1.000000
0 90.011998 6.000000 0.000000 0.374516 1.533081 -1.000000 -1.000000 -1.000000 56263.000000 15591.000000 0.000000 0.000000 -1.000000
0 90.004695 6.000000 0.000000 1.013428 3.097094 -1.000000 -1.000000 -1.000000 56868.000000 166890.000000 0.000000 0.000000 -1.000000
0 90.287439 6.000000 0.000000 0.444025 1.875847 -1.000000 -1.000000 -1.000000 3005.000000 80697.000000 0.000000 0.000000 -1.000000
0 90.259622 6.000000 0.000000 0.448117 1.415540 -1.000000 -1.000000 -1.000000 0.000000 57052.000000 0.000000 0.000000 -1.000000
0 90.085292 6.000000 0.000000 0.571089 2.634483 -1.000000 -1.000000 -1.000000 24205.000000 81675.000000 0.000000 0.000000 -1.000000
0 90.170646 6.000000 0.000000 0.636668 1.782023 -1.000000 -1.000000 -1.000000 26278.000000 62615.000000 0.000000 0.000000 -1.000000
0 90.035636 6.000000 0.000000 0.622208 2.406683 -1.000000 -1.000000 -1.000000 14236.000000 130226.000000 0.000000 0.000000 -1.000000
0 90.130231 6.000000 0.000000 0.459679 1.754212 -1.000000 -1.000000 -1.000000 22644.000000 70516.000000 0.000000 0.000000 -1.000000
0 90.323051 8.000000 0.000000 0.372804 1.937134 -1.000000 -1.000000 -1.000000 10427.000000 53694.000000 0.000000 0.000000 -1.000000
0 90.109081 8.000000 0.000000 0.447219 2.372810 -1.000000 -1.000000 -1.000000 7353.000000 66048.000000 0.000000 0.000000 -1.000000
0 90.356820 8.000000 0.000000 0.433074 1.827563 -1.000000 -1.000000 -1.000000 11812.000000 57355.000000 0.000000 0.000000 -1.000000
0 90.181929 8.000000 0.000000 0.258261 1.127102 -1.000000 -1.000000 -1.000000 0.000000 25271.000000 0.000000 0.000000 -1.000000
0 90.191774 8.000000 0.000000 0.416476 1.912206 -1.000000 -1.000000 -1.000000 7616.000000 63230.000000 0.000000 0.000000 -1.000000
0 90.044444 8.000000 0.000000 0.518348 3.297686 -1.000000 -1.000000 -1.000000 19551.000000 83899.000000 0.000000 0.000000 -1.000000
0 90.008833 8.000000 0.000000 0.376558 1.712692 -1.000000 -1.000000 -1.000000 10879.000000 64219.000000 0.000000 0.000000 -1.000000
0 90.003402 8.000000 0.000000 0.632913 2.323872 -1.000000 -1.000000 -1.000000 2294.000000 203526.000000 0.000000 0.000000 -1.000000
0 90.074639 8.000000 0.000000 0.466308 2.359051 -1.000000 -1.000000 -1.000000 18171.000000 115138.000000 0.000000 0.000000 -1.000000
0 90.121788 8.000000 0.000000 0.429948 2.276403 -1.000000 -1.000000 -1.000000 14318.000000 123000.000000 0.000000 0.000000 -1.000000
0 90.179483 8.000000 0.000000 0.869935 3.517822 -1.000000 -1.000000 -1.000000 770.000000 264866.000000 0.000000 0.000000 -1.000000
0 90.064130 8.000000 0.000000 0.763407 4.174352 -1.000000 -1.000000 -1.000000 15815.000000 191544.000000 0.000000 0.000000 -1.000000
0 90.044181 8.000000 0.000000 0.497796 2.211341 -1.000000 -1.000000 -1.000000 38711.000000 115266.000000 0.000000 0.000000 -1.000000
0 90.249624 8.000000 0.000000 0.344755 1.483649 -1.000000 -1.000000 -1.000000 0.000000 43287.000000 0.000000 0.000000 -1.000000
0 90.056176 8.000000 0.000000 0.576434 2.507220 -1.000000 -1.000000 -1.000000 46119.000000 151472.000000 0.000000 0.000000 -1.000000
0 90.399609 8.000000 0.000000 0.431510 1.715470 -1.000000 -1.000000 -1.000000 103.000000 59044.000000 0.000000 0.000000 -1.000000
0 90.311939 8.000000 0.000000 0.417737 1.734211 -1.000000 -1.000000 -1.000000 2353.000000 63276.000000 0.000000 0.000000 -1.000000
0 90.047960 8.000000 0.000000 0.652886 2.274691 -1.000000 -1.000000 -1.000000 28615.000000 98518.000000 0.000000 0.000000 -1.000000
0 90.011097 8.000000 0.000000 0.694199 2.123462 -1.000000 -1.000000 -1.000000 46217.000000 90364.000000 0.000000 0.000000 -1.000000
0 90.090421 8.000000 0.000000 0.666297 2.030072 -1.000000 -1.000000 -1.000000 17310.000000 113150.000000 0.000000 0.000000 -1.000000
0 90.029019 8.000000 0.000000 0.801014 2.994123 -1.000000 -1.000000 -1.000000 24860.000000 178537.000000 0.000000 0.000000 -1.000000
0 90.065497 8.000000 0.000000 0.617689 2.599341 -1.000000 -1.000000 -1.000000 8714.000000 133984.000000 0.000000 0.000000 -1.000000
0 90.056505 8.000000 0.000000 0.431104 1.754199 -1.000000 -1.000000 -1.000000 6175.000000 59996.000000 0.000000 0.000000 -1.000000
0 90.072541 8.000000 0.000000 0.482398 1.816215 -1.000000 -1.000000 -1.000000 1982.000000 51896.000000 0.000000 0.000000 -1.000000
0 90.203063 8.000000 0.000000 0.480667 1.627583 -1.000000 -1.000000 -1.000000 1655.000000 63999.000000 0.000000 0.000000 -1.000000
0 90.153974 8.000000 0.000000 0.445400 1.381334 -1.000000 -1.000000 -1.000000 8910.000000 50007.000000 0.000000 0.000000 -1.000000
0 90.028827 8.000000 0.000000 0.695641 2.299699 -1.000000 -1.000000 -1.000000 54001.000000 91385.000000 0.000000 0.000000 -1.000000
0 90.046128 8.000000 0.000000 0.819947 3.177359 -1.000000 -1.000000 -1.000000 11359.000000 191261.000000 0.000000 0.000000 -1.000000
0 90.242700 8.000000 0.000000 0.554186 2.067951 -1.000000 -1.000000 -1.000000 11225.000000 59377.000000 0.000000 0.000000 -1.000000
0 90.337744 8.000000 0.000000 0.415093 1.462704 -1.000000 -1.000000 -1.000000 1405.000000 54060.000000 0.000000 0.000000 -1.000000
0 90.074506 8.000000 0.000000 0.568831 1.755497 -1.000000 -1.000000 -1.000000 3542.000000 98352.000000 0.000000 0.000000 -1.000000
0 90.052168 8.000000 0.000000 1.163525 4.052067 -1.000000 -1.000000 -1.000000 75600.000000 236488.000000 0.000000 0.000000 -1.000000
0 90.304894 8.000000 0.000000 0.349540 1.264983 -1.000000 -1.000000 -1.000000 15831.000000 47409.000000 0.000000 0.000000 -1.000000
0 90.271090 8.000000 0.000000 0.466669 1.803632 -1.000000 -1.000000 -1.000000 2383.000000 62339.000000 0.000000 0.000000 -1.000000
0 90.004695 8.000000 0.000000 1.013428 3.097094 -1.000000 -1.000000 -1.000000 56868.000000 166890.000000 0.000000 0.000000 -1.000000
0 90.047624 8.000000 0.000000 0.868163 2.871500 -1.000000 -1.000000 -1.000000 64948.000000 137271.000000 0.000000 0.000000 -1.000000
0 90.334808 8.000000 0.000000 0.567301 2.011076 -1.000000 -1.000000 -1.000000 2623.000000 90614.000000 0.000000 0.000000 -1.000000
0 90.037941 8.000000 0.000000 0.489456 1.740459 -1.000000 -1.000000 -1.000000 6425.000000 56884.000000 0.000000 0.000000 -1.000000
0 90.592623 8.000000 0.000000 0.510226 2.014795 -1.000000 -1.000000 -1.000000 10176.000000 72842.000000 0.000000 0.000000 -1.000000
0 90.113956 8.000000 0.000000 0.365057 1.299639 -1.000000 -1.000000 -1.000000 5985.000000 36221.000000 0.000000 0.000000 -1.000000
0 90.049540 8.000000 0.000000 0.547326 1.722815 -1.000000 -1.000000 -1.000000 23255.000000 79863.000000 0.000000 0.000000 -1.000000
0 90.231244 8.000000 0.000000 0.416910 1.463506 -1.000000 -1.000000 -1.000000 1629.000000 42266.000000 0.000000 0.000000 -1.000000
0 90.124028 8.000000 0.000000 0.741248 3.035292 -1.000000 -1.000000 -1.000000 72455.000000 90188.000000 0.000000 0.000000 -1.000000
0 90.126414 8.000000 0.000000 0.634751 2.068549 -1.000000 -1.000000 -1.000000 37152.000000 71583.000000 0.000000 0.000000 -1.000000
0 90.087897 8.000000 0.000000 0.502671 1.786869 -1.000000 -1.000000 -1.000000 15909.000000 51215.000000 0.000000 0.000000 -1.000000
0 90.005851 8.000000 0.000000 0.770063 3.313704 -1.000000 -1.000000 -1.000000 5359.000000 140804.000000 0.000000 0.000000 -1.000000
0 90.266986 8.000000 0.000000 0.430815 1.687775 -1.000000 -1.000000 -1.000000 3449.000000 59982.000000 0.000000 0.000000 -1.000000
0 90.041531 8.000000 0.000000 0.663143 2.463813 -1.000000 -1.000000 -1.000000 22617.000000 135449.000000 0.000000 0.000000 -1.000000
0 90.271365 8.000000 0.000000 0.678048 2.598505 -1.000000 -1.000000 -1.000000 1347.000000 169751.000000 0.000000 0.000000 -1.000000
0 90.213654 8.000000 0.000000 0.450073 1.686201 -1.000000 -1.000000 -1.000000 2831.000000 79927.000000 0.000000 0.000000 -1.000000
0 90.019995 8.000000 0.000000 0.732656 2.522723 -1.000000 -1.000000 -1.000000 67245.000000 92375.000000 0.000000 0.000000 -1.000000
0 90.156351 8.000000 0.000000 0.441304 1.492000 -1.000000 -1.000000 -1.000000 2572.000000 56133.000000 0.000000 0.000000 -1.000000
0 90.011998 8.000000 0.000000 0.374516 1.533081 -1.000000 -1.000000 -1.000000 56263.000000 15591.000000 0.000000 0.000000 -1.000000
0 90.004695 8.000000 0.000000 1.013428 3.097094 -1.000000 -1.000000 -1.000000 56868.000000 166890.000000 0.000000 0.000000 -1.000000
0 90.287439 8.000000 0.000000 0.444025 1.875847 -1.000000 -1.000000 -1.000000 3005.000000 80697.000000 0.000000 0.000000 -1.000000
0 90.259622 8.000000 0.000000 0.448117 1.415540 -1.000000 -1.000000 -1.000000 0.000000 57052.000000 0.000000 0.000000 -1.000000
0 90.085292 8.000000 0.000000 0.571089 2.634483 -1.000000 -1.000000 -1.000000 24205.000000 81675.000000 0.000000 0.000000 -1.000000
0 90.170646 8.000000 0.000000 0.636668 1.782023 -1.000000 -1.000000 -1.000000 26278.000000 62615.000000 0.000000 0.000000 -1.000000
0 90.035636 8.000000 0.000000 0.622208 2.406683 -1.000000 -1.000000 -1.000000 14236.000000 130226.000000 0.000000 0.000000 -1.000000
0 90.130231 8.000000 0.000000 0.459679 1.754212 -1.000000 -1.000000 -1.000000 22644.000000 70516.000000 0.000000 0.000000 -1.000000
0 90.323051 10.000000 0.000000 0.372804 1.937134 -1.000000 -1.000000 -1.000000 10427.000000 53694.000000 0.000000 0.000000 -1.000000
0 90.109081 10.000000 0.000000 0.447219 2.372810 -1.000000 -1.000000 -1.000000 7353.000000 66048.000000 0.000000 0.000000 -1.000000
0 90.356820 10.000000 0.000000 0.433074 1.827563 -1.000000 -1.000000 -1.000000 11812.000000 57355.000000 0.000000 0.000000 -1.000000
0 90.181929 10.000000 0.000000 0.258261 1.127102 -1.000000 -1.000000 -1.000000 0.000000 25271.000000 0.000000 0.000000 -1.000000
0 90.191774 10.000000 0.000000 0.416476 1.912206 -1.000000 -1.000000 -1.000000 7616.000000 63230.000000 0.000000 0.000000 -1.000000
0 90.044444 10.000000 0.000000 0.518348 3.297686 -1.000000 -1.000000 -1.000000 19551.000000 83899.000000 0.000000 0.000000 -1.000000
0 90.008833 10.000000 0.000000 0.376558 1.712692 -1.000000 -1.000000 -1.000000 10879.000000 64219.000000 0.000000 0.000000 -1.000000
0 90.003402 10.000000 0.000000 0.632913 2.323872 -1.000000 -1.000000 -1.000000 2294.000000 203526.000000 0.000000 0.000000 -1.000000
0 90.074639 10.000000 0.000000 0.466308 2.359051 -1.000000 -1.000000 -1.000000 18171.000000 115138.000000 0.000000 0.000000 -1.000000
0 90.121788 10.000000 0.000000 0.429948 2.276403 -1.000000 -1.000000 -1.000000 14318.000000 123000.000000 0.000000 0.000000 -1.000000
0 90.179483 10.000000 0.000000 0.869935 3.517822 -1.000000 -1.000000 -1.000000 770.000000 264866.000000 0.000000 0.000000 -1.000000
0 90.064130 10.000000 0.000000 0.763407 4.174352 -1.000000 -1.000000 -1.000000 15815.000000 191544.000000 0.000000 0.000000 -1.000000
0 90.044181 10.000000 0.000000 0.497796 2.211341 -1.000000 -1.000000 -1.000000 38711.000000 115266.000000 0.000000 0.000000 -1.000000
0 90.249624 10.000000 0.000000 0.344755 1.483649 -1.000000 -1.000000 -1.000000 0.000000 43287.000000 0.000000 0.000000 -1.000000
0 90.056176 10.000000 0.000000 0.576434 2.507220 -1.000000 -1.000000 -1.000000 46119.000000 151472.000000 0.000000 0.000000 -1.000000
0 90.399609 10.000000 0.000000 0.431510 1.715470 -1.000000 -1.000000 -1.000000 103.000000 59044.000000 0.000000 0.000000 -1.000000
0 90.311939 10.000000 0.000000 0.417737 1.734211 -1.000000 -1.000000 -1.000000 2353.000000 63276.000000 0.000000 0.000000 -1.000000
0 90.047960 10.000000 0.000000 0.652886 2.274691 -1.000000 -1.000000 -1.000000 28615.000000 98518.000000 0.000000 0.000000 -1.000000
0 90.011097 10.000000 0.000000 0.694199 2.123462 -1.000000 -1.000000 -1.000000 46217.000000 90364.000000 0.000000 0.000000 -1.000000
0 90.090421 10.000000 0.000000 0.666297 2.030072 -1.000000 -1.000000 -1.000000 17310.000000 113150.000000 0.000000 0.000000 -1.000000
0 90.029019 10.000000 0.000000 0.801014 2.994123 -1.000000 -1.000000 -1.000000 24860.000000 178537.000000 0.000000 0.000000 -1.000000
0 90.065497 10.000000 0.000000 0.617689 2.599341 -1.000000 -1.000000 -1.000000 8714.000000 133984.000000 0.000000 0.000000 -1.000000
0 90.056505 10.000000 0.000000 0.431104 1.754199 -1.000000 -1.000000 -1.000000 6175.000000 59996.000000 0.000000 0.000000 -1.000000
0 90.072541 10.000000 0.000000 0.482398 1.816215 -1.000000 -1.000000 -1.000000 1982.000000 51896.000000 0.000000 0.000000 -1.000000
0 90.203063 10.000000 0.000000 0.480667 1.627583 -1.000000 -1.000000 -1.000000 1655.000000 63999.000000 0.000000 0.000000 -1.000000
0 90.153974 10.000000 0.000000 0.445400 1.381334 -1.000000 -1.000000 -1.000000 8910.000000 50007.000000 0.000000 0.000000 -1.000000
0 90.028827 10.000000 0.000000 0.695641 2.299699 -1.000000 -1.000000 -1.000000 54001.000000 91385.000000 0.000000 0.000000 -1.000000
0 90.046128 10.000000 0.000000 0.819947 3.177359 -1.000000 -1.000000 -1.000000 11359.000000 191261.000000 0.000000 0.000000 -1.000000
0 90.242700 10.000000 0.000000 0.554186 2.067951 -1.000000 -1.000000 -1.000000 11225.000000 59377.000000 0.000000 0.000000 -1.000000
0 90.337744 10.000000 0.000000 0.415093 1.462704 -1.000000 -1.000000 -1.000000 1405.000000 54060.000000 0.000000 0.000000 -1.000000
0 90.074506 10.000000 0.000000 0.568831 1.755497 -1.000000 -1.000000 -1.000000 3542.000000 98352.000000 0.000000 0.000000 -1.000000
0 90.052168 10.000000 0.000000 1.163525 4.052067 -1.000000 -1.000000 -1.000000 75600.000000 236488.000000 0.000000 0.000000 -1.000000
0 90.304894 10.000000 0.000000 0.349540 1.264983 -1.000000 -1.000000 -1.000000 15831.000000 47409.000000 0.000000 0.000000 -1.000000
0 90.271090 10.000000 0.000000 0.466669 1.803632 -1.000000 -1.000000 -1.000000 2383.000000 62339.000000 0.000000 0.000000 -1.000000
0 90.271090 10.000000 0.000000 0.466669 1.803632 -1.000000 -1.000000 -1.000000 2383.000000 62339.000000 0.000000 0.000000 -1.000000
0 90.047624 10.000000 0.000000 0.868163 2.871500 -1.000000 -1.000000 -1.000000 64948.000000 137271.000000 0.000000 0.000000 -1.000000
0 90.334808 10.000000 0.000000 0.567301 2.011076 -1.000000 -1.000000 -1.000000 2623.000000 90614.000000 0.000000 0.000000 -1.000000
0 90.037941 10.000000 0.000000 0.489456 1.740459 -1.000000 -1.000000 -1.000000 6425.000000 56884.000000 0.000000 0.000000 -1.000000
0 90.592623 10.000000 0.000000 0.510226 2.014795 -1.000000 -1.000000 -1.000000 10176.000000 72842.000000 0.000000 0.000000 -1.000000
0 90.113956 10.000000 0.000000 0.365057 1.299639 -1.000000 -1.000000 -1.000000 5985.000000 36221.000000 0.000000 0.000000 -1.000000
0 90.049540 10.000000 0.000000 0.547326 1.722815 -1.000000 -1.000000 -1.000000 23255.000000 79863.000000 0.000000 0.000000 -1.000000
0 90.231244 10.000000 0.000000 0.416910 1.463506 -1.000000 -1.000000 -1.000000 1629.000000 42266.000000 0.000000 0.000000 -1.000000
0 90.124028 10.000000 0.000000 0.741248 3.035292 -1.000000 -1.000000 -1.000000 72455.000000 90188.000000 0.000000 0.000000 -1.000000
0 90.126414 10.000000 0.000000 0.634751 2.068549 -1.000000 -1.000000 -1.000000 37152.000000 71583.000000 0.000000 0.000000 -1.000000
0 90.087897 10.000000 0.000000 0.502671 1.786869 -1.000000 -1.000000 -1.000000 15909.000000 51215.000000 0.000000 0.000000 -1.000000
0 90.005851 10.000000 0.000000 0.770063 3.313704 -1.000000 -1.000000 -1.000000 5359.000000 140804.000000 0.000000 0.000000 -1.000000
0 90.266986 10.000000 0.000000 0.430815 1.687775 -1.000000 -1.000000 -1.000000 3449.000000 59982.000000 0.000000 0.000000 -1.000000
0 90.041531 10.000000 0.000000 0.663143 2.463813 -1.000000 -1.000000 -1.000000 22617.000000 135449.000000 0.000000 0.000000 -1.000000
0 90.271365 10.000000 0.000000 0.678048 2.598505 -1.000000 -1.000000 -1.000000 1347.000000 169751.000000 0.000000 0.000000 -1.000000
0 90.213654 10.000000 0.000000 0.450073 1.686201 -1.000000 -1.000000 -1.000000 2831.000000 79927.000000 0.000000 0.000000 -1.000000
0 90.019995 10.000000 0.000000 0.732656 2.522723 -1.000000 -1.000000 -1.000000 67245.000000 92375.000000 0.000000 0.000000 -1.000000
0 90.156351 10.000000 0.000000 0.441304 1.492000 -1.000000 -1.000000 -1.000000 2572.000000 56133.000000 0.000000 0.000000 -1.000000
0 90.011998 10.000000 0.000000 0.374516 1.533081 -1.000000 -1.000000 -1.000000 56263.000000 15591.000000 0.000000 0.000000 -1.000000
0 90.004695 10.000000 0.000000 1.013428 3.097094 -1.000000 -1.000000 -1.000000 56868.000000 166890.000000 0.000000 0.000000 -1.000000
0 90.287439 10.000000 0.000000 0.444025 1.875847 -1.000000 -1.000000 -1.000000 3005.000000 80697.000000 0.000000 0.000000 -1.000000
0 90.259622 10.000000 0.000000 0.448117 1.415540 -1.000000 -1.000000 -1.000000 0.000000 57052.000000 0.000000 0.000000 -1.000000
0 90.085292 10.000000 0.000000 0.571089 2.634483 -1.000000 -1.000000 -1.000000 24205.000000 81675.000000 0.000000 0.000000 -1.000000
0 90.170646 10.000000 0.000000 0.636668 1.782023 -1.000000 -1.000000 -1.000000 26278.000000 62615.000000 0.000000 0.000000 -1.000000
0 90.035636 10.000000 0.000000 0.622208 2.406683 -1.000000 -1.000000 -1.000000 14236.000000 130226.000000 0.000000 0.000000 -1.000000
0 90.130231 10.000000 0.000000 0.459679 1.754212 -1.000000 -1.000000 -1.000000 22644.000000 70516.000000 0.000000 0.000000 -1.000000
