1 3.183347 1.000000 3.178172 0.002501 0.001197 0.000098 4.000000 0.000000 0.000000 0.000000 2.000000 1.000000 18.232166
1 3.182764 1.000000 3.171174 0.005863 0.002746 0.000106 5.000000 0.000000 0.000000 12.000000 2.000000 1.000000 24.636979
1 3.252936 1.000000 3.242752 0.004886 0.002508 0.000108 4.000000 0.000000 0.000000 12.000000 2.000000 1.000000 17.446203
1 3.219289 1.000000 3.209292 0.005208 0.002333 0.000075 3.000000 0.000000 0.000000 9.000000 2.000000 1.000000 18.543847
1 3.248380 1.000000 3.239675 0.004341 0.002013 0.000136 5.000000 0.000000 0.000000 4.000000 2.000000 1.000000 21.705074
1 3.280416 1.000000 3.274771 0.002830 0.001244 0.000101 4.000000 0.000000 0.000000 2.000000 2.000000 1.000000 17.794256
1 3.244495 1.000000 3.237936 0.003069 0.001619 0.000120 5.000000 0.000000 0.000000 1.000000 2.000000 1.000000 16.501416
1 3.222250 1.000000 3.210054 0.006407 0.002851 0.000118 6.000000 0.000000 0.000000 25.000000 2.000000 1.000000 20.083560
1 3.188704 1.000000 3.183814 0.002356 0.001174 0.000060 3.000000 0.000000 0.000000 0.000000 2.000000 1.000000 16.388938
1 3.238215 1.000000 3.230555 0.003868 0.001823 0.000075 3.000000 0.000000 0.000000 5.000000 2.000000 1.000000 16.021604
1 3.206735 1.000000 3.198047 0.004471 0.001949 0.000092 4.000000 0.000000 0.000000 4.000000 2.000000 1.000000 22.984763
1 3.234058 1.000000 3.228963 0.002686 0.001116 0.000097 4.000000 0.000000 0.000000 6.000000 2.000000 1.000000 12.860306
1 3.204786 1.000000 3.198605 0.003211 0.001388 0.000091 4.000000 0.000000 0.000000 1.000000 2.000000 1.000000 21.350752
1 3.181232 1.000000 3.175548 0.003020 0.001300 0.000090 4.000000 0.000000 0.000000 0.000000 2.000000 1.000000 17.742266
1 3.216535 1.000000 3.203658 0.006235 0.003316 0.000133 5.000000 0.000000 0.000000 28.000000 2.000000 1.000000 19.937916
1 3.251462 1.000000 3.242982 0.004166 0.002441 0.000104 4.000000 0.000000 0.000000 7.000000 2.000000 1.000000 13.188807
1 3.257001 1.000000 3.250579 0.003313 0.001498 0.000074 3.000000 0.000000 0.000000 0.000000 2.000000 1.000000 18.512998
1 3.220006 1.000000 3.213662 0.003086 0.001541 0.000096 4.000000 0.000000 0.000000 3.000000 2.000000 1.000000 17.084556
1 3.242819 1.000000 3.234587 0.004161 0.002177 0.000101 4.000000 0.000000 0.000000 0.000000 2.000000 1.000000 20.934983
1 3.271762 1.000000 3.262101 0.004787 0.002251 0.000114 5.000000 0.000000 0.000000 4.000000 2.000000 1.000000 18.803202
1 3.211205 1.000000 3.202843 0.004055 0.002019 0.000104 4.000000 0.000000 0.000000 3.000000 2.000000 1.000000 18.725659
1 3.288140 1.000000 3.282678 0.002780 0.001241 0.000090 4.000000 0.000000 0.000000 0.000000 2.000000 1.000000 21.186583
1 3.168074 1.000000 3.160767 0.003664 0.001840 0.000097 4.000000 0.000000 0.000000 3.000000 2.000000 1.000000 19.768165
1 3.257825 1.000000 3.247109 0.005499 0.002656 0.000036 5.000000 0.000000 0.000000 18.000000 2.000000 1.000000 21.257524
1 2.137554 1.000000 2.135024 0.001295 0.000566 0.000055 4.000000 0.000000 0.000000 0.000000 2.000000 1.000000 14.501069
1 2.168672 1.000000 2.160509 0.004189 0.001910 0.000084 5.000000 0.000000 0.000000 9.000000 2.000000 1.000000 21.541340
1 2.168863 1.000000 2.160202 0.004268 0.002053 0.000063 4.000000 0.000000 0.000000 11.000000 2.000000 1.000000 16.642242
1 2.519676 1.000000 2.514342 0.002734 0.001236 0.000072 4.000000 0.000000 0.000000 6.000000 2.000000 1.000000 20.688876
1 2.078179 1.000000 2.073884 0.002212 0.000987 0.000061 5.000000 0.000000 0.000000 0.000000 2.000000 1.000000 19.382149
1 1.625791 1.000000 1.621836 0.002013 0.000998 0.000050 4.000000 0.000000 0.000000 9.000000 2.000000 1.000000 15.737090
1 1.627587 1.000000 1.625425 0.001101 0.000483 0.000047 4.000000 0.000000 0.000000 0.000000 2.000000 1.000000 16.065809
1 1.660003 1.000000 1.657691 0.001206 0.000516 0.000032 3.000000 0.000000 0.000000 0.000000 2.000000 1.000000 18.363740
1 1.633355 1.000000 1.630112 0.001735 0.000691 0.000044 4.000000 0.000000 0.000000 0.000000 2.000000 1.000000 14.428910
1 1.658192 1.000000 1.655407 0.001377 0.000652 0.000058 5.000000 0.000000 0.000000 0.000000 2.000000 1.000000 18.718492
1 1.719799 1.000000 1.716188 0.001837 0.000861 0.000051 4.000000 0.000000 0.000000 1.000000 2.000000 1.000000 21.338790
1 1.742709 1.000000 1.740582 0.001094 0.000491 0.000034 3.000000 0.000000 0.000000 0.000000 2.000000 1.000000 15.002913
1 1.714605 1.000000 1.711396 0.001670 0.000724 0.000038 3.000000 0.000000 0.000000 1.000000 2.000000 1.000000 19.061380
1 1.987449 1.000000 1.983697 0.001803 0.000871 0.000055 4.000000 0.000000 0.000000 0.000000 2.000000 1.000000 18.093789
1 1.722898 1.000000 1.720680 0.001146 0.000494 0.000047 4.000000 0.000000 0.000000 0.000000 2.000000 1.000000 16.597459
1 1.735918 1.000000 1.733816 0.001108 0.000468 0.000035 3.000000 0.000000 0.000000 0.000000 2.000000 1.000000 13.260737
1 1.987013 1.000000 1.982107 0.002532 0.001108 0.000105 4.000000 0.000000 0.000000 0.000000 2.000000 1.000000 15.671816
1 3.196974 1.000000 3.190378 0.003435 0.001491 0.000103 4.000000 0.000000 0.000000 6.000000 2.000000 1.000000 17.026403
1 3.278516 1.000000 3.273538 0.002515 0.001140 0.000069 3.000000 0.000000 0.000000 0.000000 2.000000 1.000000 20.605932
1 3.250681 1.000000 3.244723 0.002991 0.001372 0.000088 4.000000 0.000000 0.000000 1.000000 2.000000 1.000000 19.252638
1 3.211233 1.000000 3.200516 0.005356 0.002678 0.000088 4.000000 0.000000 0.000000 9.000000 2.000000 1.000000 20.654726
1 3.728937 1.000000 3.724863 0.002039 0.000931 0.000107 4.000000 0.000000 0.000000 0.000000 2.000000 1.000000 15.029603
1 3.262671 1.000000 3.254850 0.003871 0.001901 0.000098 4.000000 0.000000 0.000000 7.000000 2.000000 1.000000 16.244864
1 3.189139 1.000000 3.181753 0.003947 0.001585 0.000093 4.000000 0.000000 0.000000 0.000000 2.000000 1.000000 17.116013
1 3.249473 1.000000 3.244879 0.002369 0.001019 0.000121 4.000000 0.000000 0.000000 0.000000 2.000000 1.000000 13.497867
1 3.882809 1.000000 3.874073 0.004337 0.002179 0.000137 5.000000 0.000000 0.000000 7.000000 2.000000 1.000000 17.792449
1 3.219921 1.000000 3.212715 0.003551 0.001763 0.000096 4.000000 0.000000 0.000000 5.000000 2.000000 1.000000 19.509630
1 3.212679 1.000000 3.205331 0.003778 0.001688 0.000144 6.000000 0.000000 0.000000 1.000000 2.000000 1.000000 20.142652
1 3.255710 1.000000 3.249552 0.003348 0.001382 0.000100 4.000000 0.000000 0.000000 6.000000 2.000000 1.000000 16.579232
1 3.238585 1.000000 3.234345 0.002163 0.000947 0.000095 4.000000 0.000000 0.000000 0.000000 2.000000 1.000000 14.582352
1 3.329947 1.000000 3.323089 0.003399 0.001589 0.000103 4.000000 0.000000 0.000000 0.000000 2.000000 1.000000 18.703760
1 3.299217 1.000000 3.292123 0.003427 0.001749 0.000099 3.000000 0.000000 0.000000 0.000000 2.000000 1.000000 15.783752
1 3.252287 1.000000 3.247462 0.002393 0.001064 0.000114 5.000000 0.000000 0.000000 0.000000 2.000000 1.000000 14.787643
1 3.263894 1.000000 3.257657 0.003196 0.001428 0.000102 4.000000 0.000000 0.000000 0.000000 2.000000 1.000000 21.175811
1 3.249325 1.000000 3.241328 0.003779 0.001951 0.000091 4.000000 0.000000 0.000000 2.000000 2.000000 1.000000 20.016655
1 3.214495 1.000000 3.210388 0.002105 0.000915 0.000088 4.000000 0.000000 0.000000 0.000000 2.000000 1.000000 14.440678
1 3.963558 2.000000 3.807712 0.072791 0.038834 0.006022 23.000000 0.000000 0.000000 69.000000 2.000000 1.000000 55.699642
1 3.844541 2.000000 3.803641 0.018964 0.010045 0.002552 12.000000 0.000000 2.000000 34.000000 2.000000 1.000000 41.714790
1 3.967524 2.000000 3.875522 0.041926 0.023201 0.006124 22.000000 0.000000 24.000000 20.000000 2.000000 1.000000 46.208748
1 3.373878 2.000000 3.277959 0.044273 0.025017 0.003010 12.000000 0.000000 12.000000 24.000000 2.000000 1.000000 36.373297
1 3.526458 2.000000 3.337138 0.084971 0.051025 0.003721 15.000000 0.000000 28.000000 15.000000 2.000000 1.000000 35.690237
1 4.524222 2.000000 4.406892 0.051567 0.031207 0.004656 18.000000 0.000000 30.000000 7.000000 2.000000 1.000000 41.340961
1 3.419315 2.000000 3.317653 0.048702 0.026165 0.005515 21.000000 0.000000 13.000000 18.000000 2.000000 1.000000 40.929448
1 4.471453 2.000000 4.422515 0.020195 0.011904 0.006407 14.000000 0.000000 6.000000 14.000000 2.000000 1.000000 33.066275
1 2.401061 2.000000 2.291508 0.054030 0.026637 0.003819 21.000000 0.000000 34.000000 71.000000 2.000000 1.000000 42.958238
1 2.331756 2.000000 2.222678 0.047956 0.028561 0.004584 25.000000 0.000000 84.000000 40.000000 2.000000 1.000000 56.335832
1 1.696521 2.000000 1.676956 0.008594 0.004593 0.001883 13.000000 0.000000 0.000000 6.000000 2.000000 1.000000 38.030073
1 1.955418 2.000000 1.931387 0.010825 0.005864 0.002515 17.000000 0.000000 0.000000 12.000000 2.000000 1.000000 35.116377
1 1.974335 2.000000 1.937568 0.016826 0.009282 0.002083 12.000000 0.000000 5.000000 43.000000 2.000000 1.000000 38.053740
1 2.066209 2.000000 2.017660 0.022222 0.012560 0.002728 15.000000 0.000000 20.000000 27.000000 2.000000 1.000000 43.066330
1 2.234168 2.000000 2.051111 0.090198 0.047196 0.004111 19.000000 0.000000 44.000000 111.000000 2.000000 1.000000 34.686371
1 1.880835 2.000000 1.791562 0.042979 0.023153 0.002696 20.000000 0.000000 44.000000 57.000000 2.000000 1.000000 44.522649
1 2.121728 2.000000 2.048762 0.034966 0.018559 0.003244 20.000000 0.000000 18.000000 33.000000 2.000000 1.000000 39.121708
1 2.109874 2.000000 2.084137 0.011467 0.006620 0.002186 14.000000 0.000000 2.000000 19.000000 2.000000 1.000000 30.903100
1 2.070808 2.000000 2.049460 0.009887 0.005177 0.002045 12.000000 0.000000 0.000000 13.000000 2.000000 1.000000 33.824977
1 3.473339 2.000000 3.298199 0.080731 0.044630 0.011903 23.000000 0.000000 53.000000 5.000000 2.000000 1.000000 38.238239
1 4.141121 2.000000 3.847124 0.140352 0.078172 0.008529 24.000000 0.000000 73.000000 49.000000 2.000000 1.000000 35.525460
1 4.404080 2.000000 3.854025 0.244622 0.151154 0.004687 19.000000 0.000000 157.000000 47.000000 2.000000 1.000000 38.120254
1 3.909738 2.000000 3.860510 0.023019 0.012739 0.002581 13.000000 0.000000 0.000000 20.000000 2.000000 1.000000 52.638099
1 4.279214 2.000000 3.761781 0.256209 0.136806 0.005645 21.000000 0.000000 90.000000 145.000000 2.000000 1.000000 35.686038
1 3.325735 2.000000 3.259591 0.029845 0.017257 0.002736 10.000000 0.000000 19.000000 14.000000 2.000000 1.000000 34.092533
1 5.454761 2.000000 4.465040 0.455578 0.268163 0.012670 33.000000 0.000000 121.000000 147.000000 2.000000 1.000000 41.531745
1 3.363061 2.000000 3.287828 0.034446 0.019646 0.003568 16.000000 0.000000 6.000000 25.000000 2.000000 1.000000 45.834394
1 4.394262 2.000000 4.347923 0.019933 0.011610 0.004328 15.000000 0.000000 0.000000 10.000000 2.000000 1.000000 42.947885
1 3.833940 2.000000 3.809508 0.010203 0.006230 0.001936 12.000000 0.000000 0.000000 6.000000 2.000000 1.000000 38.887329
1 3.614730 2.000000 3.301478 0.146363 0.085515 0.002694 14.000000 0.000000 58.000000 52.000000 2.000000 1.000000 28.799523
1 4.185273 2.000000 4.117061 0.032762 0.017333 0.003946 15.000000 0.000000 20.000000 3.000000 2.000000 1.000000 57.678123
1 4.337909 2.000000 4.318278 0.007903 0.004706 0.002561 13.000000 0.000000 0.000000 0.000000 2.000000 1.000000 32.947636
1 3.872822 2.000000 3.810816 0.029344 0.015314 0.003652 16.000000 0.000000 9.000000 28.000000 2.000000 1.000000 34.909845
1 4.828599 2.000000 4.341591 0.239264 0.128416 0.005843 23.000000 0.000000 205.000000 68.000000 2.000000 1.000000 39.816448
1 3.897700 2.000000 3.835001 0.028998 0.016114 0.002492 12.000000 0.000000 7.000000 31.000000 2.000000 1.000000 75.988651
1 4.097509 2.000000 3.822719 0.135112 0.071415 0.003526 15.000000 0.000000 69.000000 30.000000 2.000000 1.000000 35.254625
1 3.426811 2.000000 3.372348 0.024286 0.013565 0.003826 15.000000 0.000000 1.000000 10.000000 2.000000 1.000000 37.066332
1 4.427594 2.000000 4.383997 0.019306 0.010798 0.003967 14.000000 0.000000 3.000000 45.000000 2.000000 1.000000 30.560965
1 4.150679 2.000000 3.880536 0.128562 0.070956 0.004019 22.000000 0.000000 38.000000 73.000000 2.000000 1.000000 41.884925
1 4.548586 2.000000 3.296559 0.610306 0.331432 0.004240 18.000000 0.000000 215.000000 103.000000 2.000000 1.000000 37.217578
1 3.390161 2.000000 3.294009 0.041092 0.025435 0.005570 18.000000 0.000000 11.000000 17.000000 2.000000 1.000000 45.987988
1 3.421884 2.000000 3.273066 0.071209 0.038524 0.004012 15.000000 0.000000 36.000000 12.000000 2.000000 1.000000 35.837388
1 4.345955 2.000000 4.259275 0.040925 0.022403 0.004137 15.000000 0.000000 8.000000 51.000000 2.000000 1.000000 35.229696
1 4.522458 2.000000 4.451075 0.030953 0.017476 0.007532 25.000000 0.000000 0.000000 15.000000 2.000000 1.000000 46.670876
1 3.380172 2.000000 3.270091 0.053334 0.028705 0.004172 16.000000 0.000000 20.000000 36.000000 2.000000 1.000000 30.349661
1 3.896700 2.000000 3.853200 0.019498 0.011190 0.002939 13.000000 0.000000 0.000000 8.000000 2.000000 1.000000 36.785926
1 3.924723 2.000000 3.873248 0.023947 0.013051 0.004055 15.000000 0.000000 7.000000 5.000000 2.000000 1.000000 55.162819
1 4.110516 2.000000 3.913812 0.096871 0.050442 0.004750 18.000000 0.000000 63.000000 27.000000 2.000000 1.000000 36.052294
1 3.969383 2.000000 3.777248 0.090769 0.049721 0.005735 27.000000 0.000000 17.000000 86.000000 2.000000 1.000000 48.623073
1 3.454664 2.000000 3.409262 0.021543 0.011086 0.003107 13.000000 0.000000 4.000000 13.000000 2.000000 1.000000 49.871274
1 3.390265 2.000000 3.373834 0.006814 0.003938 0.002144 11.000000 0.000000 0.000000 0.000000 2.000000 1.000000 31.487580
1 3.733510 2.000000 3.371848 0.175675 0.093785 0.006158 22.000000 0.000000 129.000000 63.000000 2.000000 1.000000 32.285981
1 3.504090 2.000000 3.355583 0.072673 0.037709 0.003898 13.000000 0.000000 27.000000 23.000000 2.000000 1.000000 37.460400
1 2.066323 2.000000 2.027817 0.018349 0.009800 0.001476 13.000000 0.000000 3.000000 32.000000 2.000000 1.000000 42.095705
1 1.925134 2.000000 1.705492 0.111108 0.056454 0.001926 15.000000 0.000000 87.000000 67.000000 2.000000 1.000000 34.355144
1 1.987096 2.000000 1.942414 0.021663 0.011434 0.001778 17.000000 0.000000 7.000000 21.000000 2.000000 1.000000 47.543054
1 2.027749 2.000000 1.938282 0.042418 0.022931 0.002438 19.000000 0.000000 14.000000 31.000000 2.000000 1.000000 42.359207
1 1.998136 2.000000 1.959658 0.017722 0.009714 0.002570 17.000000 0.000000 0.000000 26.000000 2.000000 1.000000 42.643430
1 2.009306 2.000000 1.969626 0.018530 0.009806 0.002029 14.000000 0.000000 5.000000 29.000000 2.000000 1.000000 66.608169
1 2.602092 2.000000 2.324385 0.133866 0.072530 0.005001 30.000000 0.000000 112.000000 41.000000 2.000000 1.000000 36.235449
1 7.844564 4.000000 2.277020 2.361284 1.208599 0.745798 307.000000 0.000000 672.000000 1839.000000 2.000000 1.000000 107.048586
1 2.995530 4.000000 2.092682 0.428067 0.218222 0.071484 67.000000 0.000000 315.000000 357.000000 2.000000 1.000000 74.157839
1 2.525604 4.000000 2.305559 0.064876 0.034474 0.093196 34.000000 0.000000 49.000000 38.000000 2.000000 1.000000 54.888797
1 4.301404 4.000000 3.489804 0.308527 0.169950 0.186714 51.000000 0.000000 117.000000 171.000000 2.000000 1.000000 46.300629
1 2.803552 4.000000 2.534326 0.116228 0.056092 0.046766 39.000000 0.000000 30.000000 261.000000 2.000000 1.000000 71.153474
1 2.749960 4.000000 2.503024 0.064956 0.033118 0.122958 33.000000 0.000000 35.000000 25.000000 2.000000 1.000000 44.009781
0 77.063253 4.000000 2.000722 37.874642 18.074566 0.054446 44.000000 0.000000 47.000000 26268.000000 2.000000 1.000000 -1.000000
1 2.163025 4.000000 1.937217 0.089635 0.045153 0.055224 32.000000 0.000000 92.000000 28.000000 2.000000 1.000000 47.189732
1 4.644982 4.000000 2.458570 0.928858 0.477469 0.375946 123.000000 0.000000 119.000000 763.000000 2.000000 1.000000 143.298311
1 4.303070 4.000000 4.128811 0.059926 0.027341 0.065962 23.000000 0.000000 0.000000 101.000000 2.000000 1.000000 55.079070
1 5.081134 4.000000 3.881257 0.536610 0.284597 0.120562 63.000000 0.000000 263.000000 286.000000 2.000000 1.000000 49.768046
1 2.068744 4.000000 1.901728 0.075435 0.035805 0.023631 34.000000 0.000000 0.000000 33.000000 2.000000 1.000000 86.417766
1 3.533658 4.000000 3.358737 0.047801 0.023856 0.082538 25.000000 0.000000 0.000000 19.000000 2.000000 1.000000 50.552168
1 2.811100 4.000000 2.558593 0.092326 0.050400 0.073336 38.000000 0.000000 85.000000 19.000000 2.000000 1.000000 50.169507
1 2.498453 4.000000 2.175711 0.099068 0.052507 0.128242 37.000000 0.000000 24.000000 124.000000 2.000000 1.000000 46.455175
1 2.822672 4.000000 2.010310 0.372518 0.205932 0.045723 45.000000 0.000000 500.000000 305.000000 2.000000 1.000000 53.089244
1 2.890609 4.000000 2.142394 0.329732 0.169673 0.092011 64.000000 0.000000 177.000000 239.000000 2.000000 1.000000 103.116000
1 5.335910 4.000000 2.622172 1.256048 0.653807 0.206159 54.000000 0.000000 378.000000 277.000000 2.000000 1.000000 52.309734
1 4.365843 4.000000 3.897269 0.183726 0.093017 0.111549 34.000000 0.000000 41.000000 78.000000 2.000000 1.000000 62.379211
1 2.458670 4.000000 2.210899 0.093310 0.047988 0.075050 40.000000 0.000000 26.000000 94.000000 2.000000 1.000000 52.911385
1 2.848150 4.000000 2.307314 0.232555 0.126907 0.075716 32.000000 0.000000 82.000000 41.000000 2.000000 1.000000 59.141312
1 3.717574 4.000000 3.636424 0.030192 0.014754 0.023192 29.000000 0.000000 6.000000 17.000000 2.000000 1.000000 53.619960
1 2.407626 4.000000 2.194047 0.079763 0.040569 0.057463 27.000000 0.000000 20.000000 46.000000 2.000000 1.000000 41.008058
1 4.711513 4.000000 3.703289 0.426187 0.225163 0.164353 68.000000 0.000000 298.000000 196.000000 2.000000 1.000000 49.541967
1 2.317112 4.000000 2.166971 0.062791 0.030683 0.029595 22.000000 0.000000 4.000000 184.000000 2.000000 1.000000 49.375057
1 2.980523 4.000000 2.871065 0.032424 0.016317 0.050394 25.000000 0.000000 4.000000 7.000000 2.000000 1.000000 73.773722
1 4.988609 4.000000 2.282276 1.153453 0.608348 0.383380 144.000000 0.000000 467.000000 816.000000 2.000000 1.000000 112.049805
1 3.660203 4.000000 2.915785 0.291462 0.158307 0.162077 39.000000 0.000000 80.000000 57.000000 2.000000 1.000000 49.222242
1 4.235537 4.000000 4.115078 0.033233 0.018666 0.057088 23.000000 0.000000 0.000000 23.000000 2.000000 1.000000 46.991230
1 3.766248 4.000000 2.481129 0.584445 0.306457 0.133821 55.000000 0.000000 434.000000 285.000000 2.000000 1.000000 47.551121
1 3.152490 4.000000 2.489318 0.300120 0.148020 0.086645 72.000000 0.000000 161.000000 197.000000 2.000000 1.000000 70.336157
1 2.687557 4.000000 2.511352 0.062177 0.031804 0.053997 30.000000 0.000000 19.000000 42.000000 2.000000 1.000000 58.028660
1 3.038971 4.000000 2.851483 0.037238 0.018348 0.115226 33.000000 0.000000 0.000000 19.000000 2.000000 1.000000 58.593226
1 4.361046 4.000000 3.238037 0.151911 0.082748 0.822128 67.000000 0.000000 130.000000 78.000000 2.000000 1.000000 56.103027
1 2.787887 4.000000 2.662540 0.050048 0.024016 0.029126 25.000000 0.000000 11.000000 14.000000 2.000000 1.000000 55.017576
1 2.864430 4.000000 2.563677 0.125336 0.066518 0.050708 40.000000 0.000000 127.000000 56.000000 2.000000 1.000000 50.939375
1 2.542955 4.000000 2.284908 0.074122 0.040858 0.108838 49.000000 0.000000 37.000000 49.000000 2.000000 1.000000 56.356123
1 2.290968 4.000000 1.844163 0.198066 0.104515 0.054051 41.000000 0.000000 222.000000 97.000000 2.000000 1.000000 46.172854
1 2.620457 4.000000 2.385890 0.105691 0.055280 0.023858 39.000000 0.000000 31.000000 94.000000 2.000000 1.000000 50.185986
1 2.971945 4.000000 2.118690 0.360479 0.192514 0.137566 44.000000 0.000000 148.000000 82.000000 2.000000 1.000000 70.672634
1 4.531215 4.000000 4.374727 0.055533 0.029664 0.042490 37.000000 0.000000 4.000000 19.000000 2.000000 1.000000 54.562149
1 9.833035 4.000000 3.921806 2.472208 1.251659 0.994799 182.000000 0.000000 681.000000 925.000000 2.000000 1.000000 112.977741
1 3.976974 4.000000 3.755812 0.082120 0.041972 0.067005 25.000000 0.000000 7.000000 54.000000 2.000000 1.000000 52.217822
1 4.082946 4.000000 3.955501 0.049813 0.025666 0.038240 22.000000 0.000000 0.000000 27.000000 2.000000 1.000000 59.596808
1 3.884949 4.000000 3.797549 0.028791 0.014582 0.032404 21.000000 0.000000 4.000000 27.000000 2.000000 1.000000 47.063588
1 2.514878 4.000000 2.433760 0.032084 0.016526 0.019008 23.000000 0.000000 10.000000 13.000000 2.000000 1.000000 60.158572
1 3.497654 4.000000 2.939066 0.120200 0.065531 0.323186 48.000000 0.000000 98.000000 55.000000 2.000000 1.000000 47.453634
1 6.122545 4.000000 3.630138 1.048642 0.565891 0.371642 97.000000 0.000000 203.000000 252.000000 2.000000 1.000000 60.939446
1 6.342281 4.000000 5.530216 0.306460 0.178200 0.166947 47.000000 0.000000 85.000000 69.000000 2.000000 1.000000 54.157106
1 5.324696 4.000000 4.902951 0.180334 0.099122 0.076016 24.000000 0.000000 76.000000 28.000000 2.000000 1.000000 46.337691
1 5.229481 4.000000 4.964757 0.086830 0.047377 0.092123 25.000000 0.000000 16.000000 24.000000 2.000000 1.000000 51.099978
1 4.738913 4.000000 4.052831 0.278877 0.137462 0.149305 64.000000 0.000000 69.000000 157.000000 2.000000 1.000000 74.877529
1 3.349815 4.000000 2.213304 0.402879 0.218390 0.318929 71.000000 0.000000 278.000000 180.000000 2.000000 1.000000 67.856287
1 3.219442 4.000000 2.335372 0.323313 0.178463 0.233571 87.000000 0.000000 253.000000 258.000000 2.000000 1.000000 50.906333
1 2.658650 4.000000 2.289469 0.134490 0.070679 0.100443 69.000000 0.000000 112.000000 62.000000 2.000000 1.000000 59.710552
1 2.310703 4.000000 1.962078 0.147895 0.076183 0.062692 44.000000 0.000000 130.000000 44.000000 2.000000 1.000000 60.363672
1 2.128413 4.000000 1.995523 0.055566 0.029206 0.023499 26.000000 0.000000 15.000000 59.000000 2.000000 1.000000 60.038824
1 2.206769 4.000000 2.102211 0.043311 0.021017 0.022073 27.000000 0.000000 11.000000 23.000000 2.000000 1.000000 65.086932
1 2.529176 4.000000 2.380192 0.038195 0.020209 0.081353 26.000000 0.000000 22.000000 12.000000 2.000000 1.000000 53.402180
1 3.160671 4.000000 2.399699 0.257984 0.141771 0.241452 63.000000 0.000000 147.000000 175.000000 2.000000 1.000000 50.888319
1 4.136762 6.000000 2.063582 0.324177 0.173583 1.532133 99.000000 0.000000 175.000000 107.000000 2.000000 1.000000 69.525410
1 6.935731 6.000000 4.385950 0.199189 0.103842 2.350718 54.000000 0.000000 48.000000 50.000000 2.000000 1.000000 70.244368
1 6.296448 6.000000 3.804686 0.657848 0.329380 1.323636 100.000000 0.000000 100.000000 181.000000 2.000000 1.000000 97.772417
1 5.607014 6.000000 3.860705 0.432758 0.235986 0.921940 73.000000 0.000000 101.000000 124.000000 2.000000 1.000000 58.785564
1 6.053726 6.000000 3.823775 0.177894 0.091082 2.085417 54.000000 0.000000 23.000000 86.000000 2.000000 1.000000 86.941591
1 9.357255 6.000000 3.841991 1.546228 0.901739 2.328856 181.000000 0.000000 696.000000 459.000000 2.000000 1.000000 113.628759
1 3.792902 6.000000 1.957378 0.353435 0.191709 1.175744 94.000000 0.000000 151.000000 192.000000 2.000000 1.000000 122.890393
1 2.117419 6.000000 1.699079 0.049280 0.026014 0.339786 35.000000 0.000000 17.000000 8.000000 2.000000 1.000000 67.153943
1 6.181469 6.000000 1.968247 0.651451 0.365291 2.934598 133.000000 0.000000 364.000000 185.000000 2.000000 1.000000 85.803345
1 20.317877 6.000000 2.348569 7.233238 3.731475 3.409405 482.000000 0.000000 1062.000000 2428.000000 2.000000 1.000000 101.497492
1 6.168161 6.000000 3.866375 0.534985 0.282669 1.271463 65.000000 0.000000 127.000000 99.000000 2.000000 1.000000 91.637258
1 12.302261 6.000000 3.820483 2.741757 1.417560 3.056626 208.000000 0.000000 738.000000 844.000000 2.000000 1.000000 69.986813
1 13.644747 6.000000 3.849387 2.075298 1.127467 5.645136 186.000000 0.000000 623.000000 346.000000 2.000000 1.000000 68.346782
1 13.963147 6.000000 3.917689 2.542906 1.364163 4.875434 288.000000 0.000000 1331.000000 2066.000000 2.000000 1.000000 85.091743
1 7.388667 6.000000 2.390295 1.719661 0.880604 1.588045 238.000000 0.000000 463.000000 939.000000 2.000000 1.000000 94.436409
1 11.726605 6.000000 2.092801 2.865007 1.581409 3.818364 351.000000 0.000000 1943.000000 1025.000000 2.000000 1.000000 85.766131
0 78.104318 6.000000 3.088610 42.229165 12.914912 1.071130 67.000000 0.000000 40.000000 287144.000000 2.000000 1.000000 -1.000000
1 3.133679 6.000000 2.059062 0.328141 0.174667 0.491518 72.000000 0.000000 123.000000 148.000000 2.000000 1.000000 84.941439
1 3.099446 6.000000 2.330699 0.164240 0.088626 0.449701 61.000000 0.000000 68.000000 54.000000 2.000000 1.000000 65.433159
1 6.510134 6.000000 3.985678 0.552117 0.293940 1.459541 82.000000 0.000000 141.000000 146.000000 2.000000 1.000000 84.308469
1 4.800751 6.000000 3.245060 0.309806 0.175701 0.939126 82.000000 0.000000 142.000000 121.000000 2.000000 1.000000 77.395372
1 4.968639 6.000000 2.363483 0.597764 0.317925 1.568281 150.000000 0.000000 254.000000 471.000000 2.000000 1.000000 79.837193
1 8.968145 6.000000 2.681173 0.846144 0.440788 4.818972 117.000000 0.000000 197.000000 233.000000 2.000000 1.000000 89.121204
1 7.404982 6.000000 2.830682 1.485236 0.741421 1.671906 134.000000 0.000000 453.000000 470.000000 2.000000 1.000000 89.234920
1 4.621232 6.000000 2.085829 1.020784 0.541476 0.492599 103.000000 0.000000 367.000000 295.000000 2.000000 1.000000 83.515309
1 8.983192 6.000000 2.987627 1.654100 0.933435 2.784532 125.000000 0.000000 445.000000 369.000000 2.000000 1.000000 67.373419
1 6.735509 6.000000 2.946197 0.923239 0.511474 1.945257 155.000000 0.000000 458.000000 317.000000 2.000000 1.000000 60.456033
1 5.709549 6.000000 2.513764 0.741150 0.418593 1.724424 137.000000 0.000000 364.000000 230.000000 2.000000 1.000000 72.466275
1 9.615919 6.000000 2.520140 2.558250 1.338450 1.934059 233.000000 0.000000 1099.000000 1069.000000 2.000000 1.000000 84.290498
1 11.136236 6.000000 2.794468 1.987502 1.089202 4.301917 348.000000 0.000000 1300.000000 780.000000 2.000000 1.000000 81.472886
1 8.952663 6.000000 2.503794 2.117716 1.070537 2.292996 252.000000 0.000000 636.000000 698.000000 2.000000 1.000000 149.071468
1 4.194400 6.000000 2.850082 0.212327 0.118702 0.922430 74.000000 0.000000 89.000000 69.000000 2.000000 1.000000 83.907061
1 5.421325 6.000000 2.516746 0.712477 0.363711 1.525414 120.000000 0.000000 233.000000 270.000000 2.000000 1.000000 100.638051
1 8.326606 6.000000 2.560193 1.052918 0.609619 3.711488 159.000000 0.000000 591.000000 257.000000 2.000000 1.000000 65.786768
1 4.493916 6.000000 2.819633 0.193839 0.097838 1.327537 80.000000 0.000000 60.000000 67.000000 2.000000 1.000000 60.760196
1 6.808924 6.000000 2.495571 1.165384 0.658469 1.925178 183.000000 0.000000 650.000000 411.000000 2.000000 1.000000 63.579322
1 10.683777 6.000000 2.500467 2.018554 1.033364 4.187662 289.000000 0.000000 1184.000000 915.000000 2.000000 1.000000 73.778826
1 9.445694 6.000000 2.222070 1.539284 0.872088 4.158981 328.000000 0.000000 1328.000000 394.000000 2.000000 1.000000 86.012535
1 5.380724 6.000000 2.316061 1.167932 0.561676 0.809617 186.000000 0.000000 167.000000 586.000000 2.000000 1.000000 92.794541
1 3.950994 6.000000 2.051869 0.561537 0.287608 0.796182 87.000000 0.000000 181.000000 219.000000 2.000000 1.000000 67.312453
1 15.807826 6.000000 3.814701 3.909924 2.133002 4.110788 236.000000 0.000000 1075.000000 1237.000000 2.000000 1.000000 78.823707
1 19.870293 6.000000 4.409004 2.357968 1.251615 10.963696 251.000000 0.000000 762.000000 671.000000 2.000000 1.000000 120.417864
1 8.352749 6.000000 4.449687 0.631947 0.323641 2.639817 121.000000 0.000000 172.000000 112.000000 2.000000 1.000000 80.609345
1 6.195019 6.000000 3.871948 0.662514 0.324018 1.159952 84.000000 0.000000 41.000000 257.000000 2.000000 1.000000 79.222419
1 14.675825 6.000000 4.351656 2.739132 1.583908 4.878051 249.000000 0.000000 1112.000000 599.000000 2.000000 1.000000 64.429283
1 7.353449 6.000000 4.405672 0.443530 0.237426 2.110271 91.000000 0.000000 146.000000 128.000000 2.000000 1.000000 78.361339
1 14.007904 6.000000 3.838875 2.933613 1.637425 4.139951 250.000000 0.000000 860.000000 781.000000 2.000000 1.000000 94.911450
1 12.845520 6.000000 4.298030 3.245898 1.668135 2.039242 306.000000 0.000000 460.000000 1123.000000 2.000000 1.000000 135.827800
1 17.413635 6.000000 3.852212 4.052087 2.215737 5.406943 311.000000 0.000000 1148.000000 1045.000000 2.000000 1.000000 103.510324
1 13.043313 6.000000 3.024157 2.084723 1.190119 5.750040 380.000000 0.000000 1763.000000 992.000000 2.000000 1.000000 86.365226
1 7.302916 6.000000 1.942621 1.751297 0.893487 1.882397 252.000000 0.000000 549.000000 1036.000000 2.000000 1.000000 112.052346
1 7.284563 6.000000 2.343882 0.962838 0.519297 3.082908 233.000000 0.000000 637.000000 440.000000 2.000000 1.000000 77.264091
1 8.155208 6.000000 2.046044 2.028126 1.133871 2.006146 191.000000 0.000000 814.000000 694.000000 2.000000 1.000000 62.905542
1 9.293683 6.000000 2.517725 2.502613 1.336937 1.774563 228.000000 0.000000 789.000000 762.000000 2.000000 1.000000 99.240865
1 4.246394 6.000000 2.185310 0.533696 0.271693 1.098073 91.000000 0.000000 207.000000 255.000000 2.000000 1.000000 61.530990
1 7.046974 6.000000 1.752420 1.821046 0.980839 1.750632 195.000000 0.000000 856.000000 651.000000 2.000000 1.000000 75.184984
1 13.901072 6.000000 4.323225 2.587374 1.356186 4.455158 302.000000 0.000000 805.000000 1213.000000 2.000000 1.000000 62.438444
1 61.894137 6.000000 2.566063 20.965207 9.270672 0.909974 158.000000 0.000000 404.000000 7089.000000 2.000000 1.000000 78.423735
1 7.329081 6.000000 2.200362 1.583160 0.872820 1.966384 152.000000 0.000000 887.000000 228.000000 2.000000 1.000000 69.155391
1 7.039140 6.000000 2.857319 0.918132 0.494339 2.440675 184.000000 0.000000 505.000000 350.000000 2.000000 1.000000 89.836601
1 15.405889 8.000000 2.369412 1.983915 1.130013 9.003597 274.000000 0.000000 763.000000 1284.000000 2.000000 1.000000 64.894273
1 7.024788 8.000000 3.243783 0.510181 0.268353 2.816906 87.000000 0.000000 73.000000 264.000000 2.000000 1.000000 80.608783
1 29.078947 8.000000 2.094870 8.155738 4.538794 10.089281 666.000000 0.000000 1543.000000 2944.000000 2.000000 1.000000 81.018937
1 11.361265 8.000000 3.555533 2.202941 1.239136 3.422200 209.000000 0.000000 425.000000 801.000000 2.000000 1.000000 75.545387
1 3.524336 8.000000 2.123843 0.226829 0.121419 1.075155 67.000000 0.000000 30.000000 90.000000 2.000000 1.000000 70.329014
1 13.901028 8.000000 3.526923 1.776084 1.001300 6.821280 247.000000 0.000000 715.000000 536.000000 2.000000 1.000000 100.122126
1 3.847572 8.000000 1.970336 0.370490 0.208915 1.130626 87.000000 0.000000 39.000000 123.000000 2.000000 1.000000 103.839004
1 18.884580 8.000000 2.487319 1.093117 0.636083 14.186506 233.000000 0.000000 491.000000 424.000000 2.000000 1.000000 75.966980
1 17.291201 8.000000 2.474285 2.164308 1.256835 10.323278 278.000000 0.000000 541.000000 561.000000 2.000000 1.000000 64.822021
0 77.076753 8.000000 1.961745 21.969357 4.458650 10.145324 322.000000 0.000000 944.000000 91723.000000 2.000000 1.000000 -1.000000
1 10.110115 8.000000 3.828833 1.546633 0.846200 3.188418 126.000000 0.000000 226.000000 493.000000 2.000000 1.000000 98.726314
1 17.156998 8.000000 4.461757 3.203373 1.964691 5.951901 248.000000 0.000000 419.000000 814.000000 2.000000 1.000000 95.938525
1 31.019217 8.000000 4.389786 2.784824 1.681921 20.904470 275.000000 0.000000 944.000000 403.000000 2.000000 1.000000 81.277820
1 8.387744 8.000000 3.323011 1.223741 0.691021 2.605284 185.000000 0.000000 373.000000 485.000000 2.000000 1.000000 58.352010
1 5.371262 8.000000 2.118021 0.842255 0.461440 1.554432 134.000000 0.000000 174.000000 461.000000 2.000000 1.000000 60.054362
1 24.027408 8.000000 1.914778 6.791700 3.951560 8.026322 597.000000 0.000000 2901.000000 2885.000000 2.000000 1.000000 75.716942
1 28.601615 8.000000 4.341644 7.138330 4.011215 9.415280 513.000000 0.000000 804.000000 1752.000000 2.000000 1.000000 65.881938
1 18.200953 8.000000 3.887971 4.181871 2.058817 6.010743 239.000000 0.000000 606.000000 4104.000000 2.000000 1.000000 115.297316
1 15.291044 8.000000 3.817751 2.160753 1.309380 7.022486 269.000000 0.000000 911.000000 452.000000 2.000000 1.000000 111.165158
1 6.159375 8.000000 1.936767 0.722307 0.416504 2.832728 149.000000 0.000000 207.000000 304.000000 2.000000 1.000000 68.576571
1 3.445590 8.000000 1.973894 0.198659 0.114371 1.070594 67.000000 0.000000 62.000000 93.000000 2.000000 1.000000 84.486738
1 12.243505 8.000000 2.318096 1.584706 0.916475 6.764106 300.000000 0.000000 555.000000 767.000000 2.000000 1.000000 106.626620
1 8.680264 8.000000 3.821560 1.284896 0.675230 2.282361 81.000000 0.000000 84.000000 375.000000 2.000000 1.000000 81.471578
0 79.516218 8.000000 4.411805 11.387138 6.077009 10.007615 179.000000 0.000000 233.000000 9656.000000 2.000000 1.000000 -1.000000
1 8.834834 8.000000 2.080125 0.776542 0.451041 5.277817 190.000000 0.000000 412.000000 236.000000 2.000000 1.000000 68.786748
1 6.849086 8.000000 1.939690 0.784702 0.456066 3.352773 155.000000 0.000000 330.000000 334.000000 2.000000 1.000000 66.961470
1 9.402026 8.000000 2.246693 1.661029 0.927557 3.812206 307.000000 0.000000 310.000000 835.000000 2.000000 1.000000 121.860812
0 77.193782 8.000000 2.076527 14.097275 7.161947 3.865043 301.000000 0.000000 602.000000 13119.000000 2.000000 1.000000 -1.000000
1 17.610854 8.000000 3.771193 1.360351 0.779411 11.311655 178.000000 0.000000 314.000000 288.000000 2.000000 1.000000 62.942411
1 22.469201 8.000000 3.846947 5.458447 3.013137 7.665003 333.000000 0.000000 1014.000000 1321.000000 2.000000 1.000000 83.759191
1 41.143181 8.000000 2.236819 11.361935 6.313360 15.243438 1094.000000 0.000000 829.000000 5691.000000 2.000000 1.000000 115.334117
1 15.717538 8.000000 3.891704 3.350028 1.862846 5.050760 171.000000 0.000000 363.000000 456.000000 2.000000 1.000000 81.930773
1 8.593055 8.000000 3.162539 0.754340 0.431748 4.033329 136.000000 0.000000 175.000000 407.000000 2.000000 1.000000 60.163319
1 6.021927 8.000000 2.830759 0.232265 0.135046 2.741643 90.000000 0.000000 63.000000 93.000000 2.000000 1.000000 72.346230
1 11.780532 8.000000 2.506096 1.911976 1.106232 5.444392 208.000000 0.000000 551.000000 700.000000 2.000000 1.000000 128.747062
1 8.378614 8.000000 2.533002 0.903178 0.506083 4.187537 144.000000 0.000000 202.000000 373.000000 2.000000 1.000000 68.436848
0 77.505242 8.000000 2.504318 37.700081 12.910185 3.631636 288.000000 0.000000 467.000000 222458.000000 2.000000 1.000000 -1.000000
1 9.136635 8.000000 2.077675 1.649778 0.931088 3.711631 259.000000 0.000000 668.000000 653.000000 2.000000 1.000000 93.622767
1 12.077592 8.000000 1.981287 0.868626 0.506248 8.329569 214.000000 0.000000 516.000000 315.000000 2.000000 1.000000 62.156210
1 10.320976 8.000000 2.061091 1.953926 1.110594 4.398993 169.000000 0.000000 439.000000 351.000000 2.000000 1.000000 80.528262
1 6.889572 8.000000 3.904706 0.446459 0.255882 2.102158 86.000000 0.000000 89.000000 80.000000 2.000000 1.000000 63.939113
1 11.775863 8.000000 4.365572 1.242119 0.710494 4.926357 189.000000 0.000000 169.000000 419.000000 2.000000 1.000000 63.817200
1 9.253405 8.000000 4.353169 0.761774 0.413800 3.371295 116.000000 0.000000 26.000000 296.000000 2.000000 1.000000 66.068545
1 8.166796 8.000000 3.838003 0.773097 0.460042 2.725831 124.000000 0.000000 193.000000 140.000000 2.000000 1.000000 69.212083
1 36.644408 8.000000 3.874048 6.964420 4.040319 18.489543 488.000000 0.000000 2082.000000 1261.000000 2.000000 1.000000 76.616010
1 22.286173 8.000000 4.321235 2.458659 1.409797 12.898579 246.000000 0.000000 563.000000 792.000000 2.000000 1.000000 71.376438
1 9.199462 8.000000 2.425347 1.457773 0.839411 3.820109 234.000000 0.000000 833.000000 399.000000 2.000000 1.000000 88.180277
1 10.708009 8.000000 1.927954 1.524171 0.897846 5.629440 249.000000 0.000000 890.000000 465.000000 2.000000 1.000000 68.144828
1 4.721275 8.000000 2.342758 0.429694 0.245193 1.572177 117.000000 0.000000 121.000000 172.000000 2.000000 1.000000 79.702058
1 8.581823 8.000000 2.066056 1.809284 0.996487 2.900203 148.000000 0.000000 266.000000 398.000000 2.000000 1.000000 75.437013
1 21.125467 8.000000 4.437445 1.134308 0.657812 14.648294 150.000000 0.000000 279.000000 195.000000 2.000000 1.000000 96.768782
0 79.048783 8.000000 3.794255 11.136530 6.092418 3.834608 95.000000 0.000000 176.000000 10820.000000 2.000000 1.000000 -1.000000
1 8.252877 8.000000 3.553674 0.424660 0.251256 3.899593 130.000000 0.000000 160.000000 200.000000 2.000000 1.000000 59.752927
1 15.958161 8.000000 2.226601 2.840619 1.569429 8.014171 419.000000 0.000000 284.000000 1830.000000 2.000000 1.000000 173.982519
1 3.992030 8.000000 2.050419 0.294261 0.167358 1.363014 85.000000 0.000000 95.000000 125.000000 2.000000 1.000000 69.972113
1 13.741048 8.000000 2.048351 2.416003 1.385244 6.962292 302.000000 0.000000 1217.000000 569.000000 2.000000 1.000000 84.663637
1 4.107945 8.000000 2.281879 0.160233 0.090020 1.587230 65.000000 0.000000 106.000000 25.000000 2.000000 1.000000 87.132434
1 5.380672 8.000000 2.188595 0.347529 0.202118 2.592049 69.000000 0.000000 60.000000 65.000000 2.000000 1.000000 56.694954
1 5.925763 8.000000 4.020904 0.228204 0.126941 1.696086 64.000000 0.000000 0.000000 121.000000 2.000000 1.000000 62.431617
1 5.973644 8.000000 2.909263 0.187721 0.106283 2.831902 67.000000 0.000000 70.000000 65.000000 2.000000 1.000000 56.917992
1 24.348724 10.000000 2.563515 3.920322 2.346831 13.779488 409.000000 0.000000 1729.000000 1092.000000 2.000000 1.000000 98.244976
1 15.382450 10.000000 2.042523 2.310500 1.310100 9.074092 188.000000 0.000000 237.000000 739.000000 2.000000 1.000000 75.657543
1 18.605934 10.000000 2.345356 3.062476 1.688328 10.084726 253.000000 0.000000 130.000000 1515.000000 2.000000 1.000000 95.388739
1 22.124468 10.000000 1.948310 4.102474 2.394017 11.737683 399.000000 0.000000 753.000000 1355.000000 2.000000 1.000000 89.143006
1 50.590239 10.000000 2.523741 10.643845 6.506381 25.209751 1601.000000 0.000000 2351.000000 2582.000000 2.000000 1.000000 96.509472
1 11.261310 10.000000 2.518071 1.290345 0.756651 6.106463 241.000000 0.000000 78.000000 775.000000 2.000000 1.000000 103.692160
1 40.148698 10.000000 4.078121 3.628188 2.130583 28.500479 388.000000 0.000000 506.000000 1525.000000 2.000000 1.000000 123.842599
1 9.465014 10.000000 3.194399 0.641661 0.378060 5.356207 124.000000 0.000000 82.000000 314.000000 2.000000 1.000000 63.540157
1 25.530554 10.000000 1.989510 4.207101 2.339511 15.190861 346.000000 0.000000 161.000000 2125.000000 2.000000 1.000000 116.761464
1 58.170813 10.000000 2.394202 1.420318 0.884704 52.980636 298.000000 0.000000 495.000000 446.000000 2.000000 1.000000 74.137883
1 14.880207 10.000000 2.359011 1.409697 0.868921 9.621082 262.000000 0.000000 509.000000 396.000000 2.000000 1.000000 78.894410
1 5.659951 10.000000 1.984190 0.662864 0.407626 2.384612 114.000000 0.000000 131.000000 401.000000 2.000000 1.000000 80.237502
1 17.092402 10.000000 2.584506 1.664101 0.971570 11.240180 257.000000 0.000000 389.000000 702.000000 2.000000 1.000000 67.393126
1 46.861257 10.000000 3.264630 7.188247 4.403721 28.598135 801.000000 0.000000 2411.000000 1312.000000 2.000000 1.000000 139.415901
1 12.242936 10.000000 3.876920 0.767308 0.446843 7.121426 89.000000 0.000000 44.000000 221.000000 2.000000 1.000000 53.816279
1 14.955262 10.000000 3.820885 2.770529 1.609107 5.452224 139.000000 0.000000 344.000000 444.000000 2.000000 1.000000 62.163093
1 18.324857 10.000000 3.810000 0.824637 0.496297 12.858100 111.000000 0.000000 118.000000 117.000000 2.000000 1.000000 68.584014
1 28.398847 10.000000 3.863525 5.154703 3.008939 14.002964 342.000000 0.000000 1283.000000 1054.000000 2.000000 1.000000 81.675000
1 32.840833 10.000000 4.202205 3.008205 1.808241 22.349414 382.000000 0.000000 823.000000 850.000000 2.000000 1.000000 137.320266
0 78.168341 10.000000 2.883747 21.803621 13.259197 27.844868 1127.000000 0.000000 1716.000000 8743.000000 2.000000 1.000000 -1.000000
1 62.760033 10.000000 3.838697 12.127807 7.436328 33.230850 1047.000000 0.000000 4692.000000 3543.000000 2.000000 1.000000 73.304292
1 4.388499 10.000000 1.967397 0.310436 0.190202 1.826553 112.000000 0.000000 121.000000 122.000000 2.000000 1.000000 74.499873
1 10.961690 10.000000 2.203692 0.590202 0.357046 7.564481 146.000000 0.000000 222.000000 155.000000 2.000000 1.000000 59.864006
1 20.620156 10.000000 2.034778 4.551488 2.629372 9.304708 286.000000 0.000000 485.000000 777.000000 2.000000 1.000000 87.794663
1 24.933247 10.000000 3.860159 4.825989 2.836564 11.200959 290.000000 0.000000 983.000000 1138.000000 2.000000 1.000000 65.883632
1 49.946800 10.000000 3.863342 10.913030 6.282219 23.797540 601.000000 0.000000 725.000000 3637.000000 2.000000 1.000000 87.377707
1 25.751192 10.000000 1.931478 3.369324 1.968571 16.871123 511.000000 0.000000 1161.000000 1544.000000 2.000000 1.000000 81.459201
1 8.017650 10.000000 3.667867 0.610251 0.348179 3.182500 97.000000 0.000000 76.000000 261.000000 2.000000 1.000000 72.224549
1 33.808933 10.000000 2.211208 4.439356 2.754592 22.230613 381.000000 0.000000 1214.000000 1844.000000 2.000000 1.000000 59.170676
1 23.509365 10.000000 2.482817 3.237703 1.902498 14.410457 320.000000 0.000000 989.000000 1217.000000 2.000000 1.000000 81.985417
1 3.826049 10.000000 2.035027 0.211247 0.123251 1.387038 65.000000 0.000000 31.000000 92.000000 2.000000 1.000000 64.726739
1 28.798106 10.000000 2.101742 4.696899 2.782656 17.070101 293.000000 0.000000 905.000000 1165.000000 2.000000 1.000000 81.908478
1 57.334920 10.000000 4.331683 6.068818 3.615548 40.305709 555.000000 0.000000 1289.000000 1728.000000 2.000000 1.000000 74.251406
0 80.613973 10.000000 3.813814 9.650806 5.658870 56.555418 866.000000 0.000000 1331.000000 4278.000000 2.000000 1.000000 -1.000000
0 78.815275 10.000000 3.806161 40.750585 11.119084 4.243281 127.000000 0.000000 167.000000 171424.000000 2.000000 1.000000 -1.000000
1 29.180043 10.000000 1.965955 8.701761 5.025355 9.152487 600.000000 0.000000 1079.000000 3565.000000 2.000000 1.000000 123.115976
1 56.844953 10.000000 4.916566 7.650463 4.699609 35.568181 563.000000 0.000000 1139.000000 1581.000000 2.000000 1.000000 98.117428
1 24.921671 10.000000 3.817479 3.565717 2.226542 13.669607 291.000000 0.000000 830.000000 530.000000 2.000000 1.000000 80.513758
1 10.192220 10.000000 3.845151 1.252287 0.734499 4.094336 149.000000 0.000000 183.000000 421.000000 2.000000 1.000000 75.722093
1 35.580900 10.000000 2.491785 1.077115 0.657524 30.973292 280.000000 0.000000 510.000000 585.000000 2.000000 1.000000 70.594081
1 21.931186 10.000000 2.487300 2.339055 1.358657 14.668216 294.000000 0.000000 511.000000 767.000000 2.000000 1.000000 68.600620
1 29.663063 10.000000 3.967214 2.131736 1.333060 21.278396 345.000000 0.000000 973.000000 459.000000 2.000000 1.000000 70.871474
1 6.757592 10.000000 1.946911 0.672617 0.393154 3.512297 130.000000 0.000000 213.000000 264.000000 2.000000 1.000000 61.147314
1 9.458656 10.000000 2.070721 1.518375 0.901057 4.306889 231.000000 0.000000 825.000000 438.000000 2.000000 1.000000 71.199686
1 15.161877 10.000000 3.033274 1.593975 0.949383 9.320750 202.000000 0.000000 438.000000 469.000000 2.000000 1.000000 102.329211
1 41.818338 10.000000 2.379816 7.698031 4.565799 23.271318 903.000000 0.000000 1431.000000 3134.000000 2.000000 1.000000 151.233703
1 15.986548 10.000000 2.366066 1.078630 0.624690 11.402834 217.000000 0.000000 156.000000 678.000000 2.000000 1.000000 77.840089
1 16.020593 10.000000 2.100259 1.521220 0.902553 10.906742 289.000000 0.000000 359.000000 799.000000 2.000000 1.000000 83.505227
0 77.832649 10.000000 2.418864 17.899586 10.297073 37.721150 1348.000000 0.000000 731.000000 6411.000000 2.000000 1.000000 -1.000000
1 28.004548 10.000000 4.389487 1.675281 1.041323 20.084974 234.000000 0.000000 359.000000 355.000000 2.000000 1.000000 70.258372
1 51.439928 10.000000 3.831619 10.051511 6.257464 26.474905 531.000000 0.000000 2412.000000 2172.000000 2.000000 1.000000 74.848945
0 77.541832 10.000000 1.932005 6.828212 4.073962 61.724992 562.000000 0.000000 1578.000000 1783.000000 2.000000 1.000000 -1.000000
1 21.440132 10.000000 4.326772 1.001731 0.598212 15.230621 145.000000 0.000000 115.000000 303.000000 2.000000 1.000000 72.014033
1 8.517206 10.000000 2.809893 0.379101 0.214305 5.304009 87.000000 0.000000 19.000000 331.000000 2.000000 1.000000 81.211644
1 28.346000 10.000000 2.254802 1.914470 1.104225 22.213121 290.000000 0.000000 193.000000 879.000000 2.000000 1.000000 92.017242
1 63.819667 10.000000 2.347343 15.793413 9.112168 28.522937 1341.000000 0.000000 2802.000000 7360.000000 2.000000 1.000000 146.417252
1 14.268201 10.000000 2.552331 0.479260 0.274200 10.949710 88.000000 0.000000 19.000000 174.000000 2.000000 1.000000 62.844677
1 13.446149 10.000000 2.514057 3.241922 1.877079 4.245258 266.000000 0.000000 216.000000 1570.000000 2.000000 1.000000 107.145650
0 79.028858 10.000000 2.838865 6.289166 3.989794 63.016417 843.000000 0.000000 3393.000000 1278.000000 2.000000 1.000000 -1.000000
1 58.202612 10.000000 3.860345 13.895826 8.113809 25.410844 637.000000 0.000000 1832.000000 3357.000000 2.000000 1.000000 111.876305
