1 1.103554 1.000000 1.101316 0.001119 0.000566 0.000008 4.000000 2.000000 0.000000 0.000000 0.000000 1.000000 17.698521
1 1.372861 1.000000 1.361515 0.005500 0.002708 0.000012 5.000000 2.000000 0.000000 14.000000 0.000000 1.000000 27.944643
1 1.117175 1.000000 1.114616 0.001224 0.000631 0.000007 3.000000 2.000000 0.000000 0.000000 0.000000 1.000000 16.573255
1 1.120521 1.000000 1.118596 0.000970 0.000452 0.000008 4.000000 2.000000 0.000000 0.000000 0.000000 1.000000 15.588960
1 1.122500 1.000000 1.120581 0.000969 0.000453 0.000009 4.000000 2.000000 0.000000 0.000000 0.000000 1.000000 17.023178
1 1.652948 1.000000 1.650628 0.001117 0.000560 0.000009 4.000000 2.000000 0.000000 0.000000 0.000000 1.000000 20.529747
1 1.172084 1.000000 1.166783 0.002767 0.001270 0.000015 5.000000 2.000000 0.000000 2.000000 0.000000 1.000000 20.720979
1 1.123518 1.000000 1.118817 0.002177 0.001230 0.000008 3.000000 2.000000 0.000000 8.000000 0.000000 1.000000 15.742668
1 1.437708 1.000000 1.435452 0.001138 0.000556 0.000008 3.000000 2.000000 0.000000 0.000000 0.000000 1.000000 18.185811
1 1.110620 1.000000 1.106178 0.002255 0.001158 0.000010 5.000000 2.000000 0.000000 1.000000 0.000000 1.000000 23.520078
1 1.385038 1.000000 1.382915 0.001027 0.000518 0.000007 3.000000 2.000000 0.000000 0.000000 0.000000 1.000000 18.553785
1 1.393782 1.000000 1.388192 0.002715 0.001421 0.000011 5.000000 2.000000 0.000000 9.000000 0.000000 1.000000 20.901505
1 1.125862 1.000000 1.123846 0.001006 0.000491 0.000008 3.000000 2.000000 0.000000 0.000000 0.000000 1.000000 20.033595
1 1.130357 1.000000 1.128376 0.000997 0.000478 0.000008 4.000000 2.000000 0.000000 0.000000 0.000000 1.000000 15.233010
1 1.124645 1.000000 1.119715 0.002470 0.001196 0.000008 3.000000 2.000000 0.000000 2.000000 0.000000 1.000000 19.218320
1 1.133271 1.000000 1.126977 0.003298 0.001513 0.000010 4.000000 2.000000 0.000000 31.000000 0.000000 1.000000 20.853391
1 1.140739 1.000000 1.137586 0.001562 0.000772 0.000009 4.000000 2.000000 0.000000 3.000000 0.000000 1.000000 17.746162
1 1.133339 1.000000 1.128982 0.002122 0.001063 0.000010 5.000000 2.000000 0.000000 5.000000 0.000000 1.000000 19.941782
1 1.594983 1.000000 1.592221 0.001209 0.000768 0.000010 5.000000 2.000000 0.000000 1.000000 0.000000 1.000000 18.831925
1 1.144337 1.000000 1.141805 0.001205 0.000636 0.000011 4.000000 2.000000 0.000000 0.000000 0.000000 1.000000 19.473330
1 1.118715 1.000000 1.116867 0.000924 0.000522 0.000008 4.000000 2.000000 0.000000 0.000000 0.000000 1.000000 13.728627
1 1.136928 1.000000 1.133072 0.001935 0.000961 0.000010 4.000000 2.000000 0.000000 6.000000 0.000000 1.000000 22.250552
1 1.371974 1.000000 1.369924 0.001056 0.000475 0.000008 4.000000 2.000000 0.000000 0.000000 0.000000 1.000000 17.007855
1 1.154527 1.000000 1.151229 0.001713 0.000817 0.000010 4.000000 2.000000 0.000000 3.000000 0.000000 1.000000 17.619020
1 1.134434 1.000000 1.132066 0.001179 0.000554 0.000009 4.000000 2.000000 0.000000 0.000000 0.000000 1.000000 16.501005
1 1.619971 1.000000 1.616910 0.001468 0.000790 0.000012 5.000000 2.000000 0.000000 1.000000 0.000000 1.000000 19.068440
1 1.189059 1.000000 1.184449 0.002365 0.001167 0.000009 4.000000 2.000000 0.000000 4.000000 0.000000 1.000000 20.548904
1 1.131632 1.000000 1.129521 0.001022 0.000519 0.000007 3.000000 2.000000 0.000000 0.000000 0.000000 1.000000 19.109010
1 1.159588 1.000000 1.156702 0.001405 0.000717 0.000011 4.000000 2.000000 0.000000 0.000000 0.000000 1.000000 18.675615
1 1.107772 1.000000 1.105914 0.000892 0.000457 0.000007 3.000000 2.000000 0.000000 0.000000 0.000000 1.000000 15.374333
1 2.022626 1.000000 2.017779 0.002256 0.001304 0.000017 10.000000 2.000000 0.000000 1.000000 0.000000 1.000000 23.883223
1 1.136597 1.000000 1.134254 0.001138 0.000594 0.000006 3.000000 2.000000 0.000000 0.000000 0.000000 1.000000 16.677423
1 1.145660 1.000000 1.141556 0.002086 0.000999 0.000009 4.000000 2.000000 0.000000 8.000000 0.000000 1.000000 18.795367
1 1.155906 1.000000 1.148026 0.003875 0.001992 0.000009 4.000000 2.000000 0.000000 27.000000 0.000000 1.000000 17.948390
1 1.123405 1.000000 1.120714 0.001339 0.000669 0.000011 4.000000 2.000000 0.000000 3.000000 0.000000 1.000000 17.436206
1 1.375238 1.000000 1.371803 0.001624 0.000940 0.000009 4.000000 2.000000 0.000000 1.000000 0.000000 1.000000 16.209673
1 1.106780 1.000000 1.102312 0.002274 0.001186 0.000008 3.000000 2.000000 0.000000 9.000000 0.000000 1.000000 14.060801
1 1.433131 1.000000 1.430035 0.001482 0.000784 0.000009 4.000000 2.000000 0.000000 0.000000 0.000000 1.000000 22.481334
1 1.121491 1.000000 1.118170 0.001598 0.000879 0.000012 5.000000 2.000000 0.000000 1.000000 0.000000 1.000000 18.302863
1 1.133524 1.000000 1.131814 0.000872 0.000405 0.000009 4.000000 2.000000 0.000000 0.000000 0.000000 1.000000 16.035954
1 1.129303 1.000000 1.125341 0.002000 0.001024 0.000010 4.000000 2.000000 0.000000 5.000000 0.000000 1.000000 20.862676
1 1.388990 1.000000 1.386444 0.001262 0.000618 0.000016 3.000000 2.000000 0.000000 0.000000 0.000000 1.000000 17.895205
1 1.131108 1.000000 1.120493 0.005085 0.002903 0.000012 5.000000 2.000000 0.000000 2.000000 0.000000 1.000000 25.924615
1 1.395568 1.000000 1.392292 0.001612 0.000816 0.000010 5.000000 2.000000 0.000000 2.000000 0.000000 1.000000 19.424184
1 1.112706 1.000000 1.106278 0.003232 0.001567 0.000009 3.000000 2.000000 0.000000 14.000000 0.000000 1.000000 17.753671
1 1.413299 1.000000 1.409501 0.001867 0.000935 0.000009 4.000000 2.000000 0.000000 5.000000 0.000000 1.000000 18.079886
1 1.163185 1.000000 1.158494 0.002416 0.001158 0.000012 5.000000 2.000000 0.000000 0.000000 0.000000 1.000000 19.451865
1 1.139484 1.000000 1.136994 0.001274 0.000636 0.000007 3.000000 2.000000 0.000000 9.000000 0.000000 1.000000 14.701469
1 1.105479 1.000000 1.100187 0.002332 0.001534 0.000010 3.000000 2.000000 0.000000 43.000000 0.000000 1.000000 16.005515
1 1.113994 1.000000 1.111580 0.001222 0.000609 0.000008 4.000000 2.000000 0.000000 6.000000 0.000000 1.000000 16.754379
1 1.119649 1.000000 1.112978 0.003280 0.001659 0.000012 5.000000 2.000000 0.000000 21.000000 0.000000 1.000000 18.617688
1 1.086153 1.000000 1.082279 0.001835 0.001023 0.000007 3.000000 2.000000 0.000000 8.000000 0.000000 1.000000 18.696991
1 1.107886 1.000000 1.103819 0.002063 0.000968 0.000012 4.000000 2.000000 0.000000 9.000000 0.000000 1.000000 21.305286
1 1.377365 1.000000 1.374679 0.001312 0.000664 0.000008 4.000000 2.000000 0.000000 0.000000 0.000000 1.000000 17.374789
1 1.094767 1.000000 1.092036 0.001271 0.000717 0.000010 3.000000 2.000000 0.000000 10.000000 0.000000 1.000000 15.735228
1 1.602399 1.000000 1.599350 0.001428 0.000813 0.000010 5.000000 2.000000 0.000000 0.000000 0.000000 1.000000 22.788982
1 1.105888 1.000000 1.102889 0.001521 0.000754 0.000011 4.000000 2.000000 0.000000 0.000000 0.000000 1.000000 22.580646
1 1.109749 1.000000 1.105196 0.002281 0.001121 0.000011 5.000000 2.000000 0.000000 6.000000 0.000000 1.000000 26.368805
1 1.342169 1.000000 1.339422 0.001313 0.000703 0.000008 4.000000 2.000000 0.000000 0.000000 0.000000 1.000000 21.166696
1 1.166606 1.000000 1.164757 0.000916 0.000444 0.000009 4.000000 2.000000 0.000000 0.000000 0.000000 1.000000 15.228811
1 1.495657 2.000000 1.415157 0.037472 0.021042 0.002090 20.000000 2.000000 0.000000 23.000000 0.000000 1.000000 58.884276
1 1.912707 2.000000 1.623132 0.133957 0.080920 0.002842 95.000000 2.000000 145.000000 108.000000 0.000000 1.000000 71.693835
1 1.856698 2.000000 1.410813 0.214383 0.121404 0.001208 22.000000 2.000000 164.000000 131.000000 0.000000 1.000000 30.679405
1 1.360558 2.000000 1.188231 0.078950 0.047684 0.000918 18.000000 2.000000 44.000000 13.000000 0.000000 1.000000 41.528717
1 2.055837 2.000000 2.018296 0.016981 0.010048 0.001623 30.000000 2.000000 14.000000 25.000000 0.000000 1.000000 36.614084
1 1.521351 2.000000 1.414888 0.051466 0.029312 0.001283 58.000000 2.000000 45.000000 8.000000 0.000000 1.000000 39.049654
1 1.251086 2.000000 1.160842 0.042247 0.025745 0.000937 18.000000 2.000000 13.000000 44.000000 0.000000 1.000000 38.565464
1 1.416228 2.000000 1.133184 0.138342 0.077173 0.000913 19.000000 2.000000 93.000000 72.000000 0.000000 1.000000 40.888646
1 1.453584 2.000000 1.407029 0.021854 0.012919 0.000835 18.000000 2.000000 23.000000 1.000000 0.000000 1.000000 52.817688
1 1.209391 2.000000 1.161829 0.022861 0.012479 0.000879 17.000000 2.000000 18.000000 47.000000 0.000000 1.000000 53.474101
1 1.771594 2.000000 1.636075 0.057921 0.038002 0.001636 58.000000 2.000000 21.000000 18.000000 0.000000 1.000000 54.857945
1 1.500447 2.000000 1.441699 0.028164 0.015601 0.000725 16.000000 2.000000 2.000000 49.000000 0.000000 1.000000 40.508467
1 1.441683 2.000000 1.171797 0.131062 0.074417 0.001155 20.000000 2.000000 105.000000 50.000000 0.000000 1.000000 36.157646
1 1.469873 2.000000 1.431500 0.016276 0.011077 0.000853 18.000000 2.000000 30.000000 6.000000 0.000000 1.000000 31.372179
0 76.148773 2.000000 1.146757 33.507480 18.944870 0.001709 34.000000 2.000000 160.000000 798333.000000 0.000000 1.000000 -1.000000
1 1.976781 2.000000 1.910432 0.029444 0.017984 0.002414 113.000000 2.000000 20.000000 23.000000 0.000000 1.000000 57.687026
1 1.559162 2.000000 1.375010 0.087345 0.051957 0.000752 14.000000 2.000000 56.000000 40.000000 0.000000 1.000000 38.869831
1 1.232575 2.000000 1.198577 0.016106 0.009346 0.000658 12.000000 2.000000 19.000000 2.000000 0.000000 1.000000 38.789217
1 1.583984 2.000000 1.414418 0.081191 0.046129 0.001023 17.000000 2.000000 31.000000 66.000000 0.000000 1.000000 52.862304
1 1.257265 2.000000 1.179360 0.037849 0.021050 0.000907 19.000000 2.000000 35.000000 17.000000 0.000000 1.000000 49.408290
1 1.638105 2.000000 1.407075 0.110831 0.062346 0.004840 419.000000 2.000000 69.000000 62.000000 0.000000 1.000000 42.813871
1 1.234530 2.000000 1.197199 0.017477 0.010325 0.000638 14.000000 2.000000 10.000000 34.000000 0.000000 1.000000 41.100445
1 1.192225 2.000000 1.149132 0.018500 0.012014 0.000892 17.000000 2.000000 16.000000 1.000000 0.000000 1.000000 57.187583
1 1.601293 2.000000 1.443548 0.074169 0.044001 0.000915 17.000000 2.000000 47.000000 60.000000 0.000000 1.000000 52.651319
1 1.781189 2.000000 1.681405 0.043810 0.027795 0.001410 30.000000 2.000000 39.000000 20.000000 0.000000 1.000000 46.838630
1 1.803574 2.000000 1.431596 0.178462 0.102299 0.004250 279.000000 2.000000 124.000000 126.000000 0.000000 1.000000 49.683006
1 2.111326 2.000000 2.052715 0.024230 0.015978 0.002893 132.000000 2.000000 17.000000 13.000000 0.000000 1.000000 51.184504
1 1.565568 2.000000 1.465514 0.049028 0.027421 0.000722 15.000000 2.000000 32.000000 23.000000 0.000000 1.000000 35.109777
1 1.296607 2.000000 1.206971 0.044465 0.023858 0.000831 19.000000 2.000000 28.000000 66.000000 0.000000 1.000000 44.600201
1 1.493181 2.000000 1.174945 0.145521 0.086687 0.001351 27.000000 2.000000 93.000000 92.000000 0.000000 1.000000 35.237661
1 14.530274 2.000000 14.425838 0.048103 0.027470 0.002763 52.000000 2.000000 18.000000 33.000000 0.000000 1.000000 57.020060
1 2.059240 2.000000 1.643671 0.192798 0.114697 0.009929 755.000000 2.000000 90.000000 222.000000 0.000000 1.000000 42.508889
1 1.451182 2.000000 1.435142 0.007058 0.004327 0.000687 12.000000 2.000000 0.000000 5.000000 0.000000 1.000000 35.507182
1 1.697442 2.000000 1.662519 0.016503 0.009161 0.001210 46.000000 2.000000 5.000000 16.000000 0.000000 1.000000 43.691578
1 1.722454 2.000000 1.688306 0.015256 0.008727 0.000879 15.000000 2.000000 3.000000 19.000000 0.000000 1.000000 60.444709
1 1.828459 2.000000 1.722813 0.050516 0.028121 0.001125 21.000000 2.000000 37.000000 56.000000 0.000000 1.000000 59.510084
1 1.466946 2.000000 1.223334 0.116858 0.067801 0.000792 15.000000 2.000000 52.000000 32.000000 0.000000 1.000000 32.542069
1 1.469668 2.000000 1.419449 0.024345 0.013698 0.000948 21.000000 2.000000 31.000000 16.000000 0.000000 1.000000 55.919853
1 1.947005 2.000000 1.853778 0.040455 0.025498 0.003461 198.000000 2.000000 40.000000 16.000000 0.000000 1.000000 34.177003
1 1.487751 2.000000 1.439732 0.022755 0.012742 0.000831 16.000000 2.000000 25.000000 19.000000 0.000000 1.000000 46.753680
1 1.218748 2.000000 1.202077 0.007804 0.004372 0.000633 13.000000 2.000000 0.000000 9.000000 0.000000 1.000000 34.412063
1 1.293777 2.000000 1.168582 0.058056 0.033669 0.004887 412.000000 2.000000 44.000000 38.000000 0.000000 1.000000 70.493108
1 1.551204 2.000000 1.435564 0.056117 0.031295 0.001137 21.000000 2.000000 33.000000 74.000000 0.000000 1.000000 54.254714
1 1.445294 2.000000 1.430178 0.006756 0.004002 0.000656 13.000000 2.000000 0.000000 7.000000 0.000000 1.000000 34.840567
1 1.211990 2.000000 1.172620 0.018371 0.010671 0.000753 15.000000 2.000000 23.000000 9.000000 0.000000 1.000000 41.949594
1 1.951080 2.000000 1.738038 0.096542 0.059260 0.001511 30.000000 2.000000 43.000000 36.000000 0.000000 1.000000 52.706634
1 1.232795 2.000000 1.203801 0.013542 0.007718 0.000776 15.000000 2.000000 22.000000 2.000000 0.000000 1.000000 29.726755
1 7.512050 2.000000 7.465669 0.019385 0.012552 0.002225 42.000000 2.000000 16.000000 16.000000 0.000000 1.000000 47.745257
1 1.819553 2.000000 1.654583 0.073148 0.045279 0.001385 26.000000 2.000000 2.000000 112.000000 0.000000 1.000000 49.343426
1 1.237724 2.000000 1.148774 0.042491 0.024306 0.001014 18.000000 2.000000 45.000000 33.000000 0.000000 1.000000 36.924194
1 1.731545 2.000000 1.672534 0.026570 0.015830 0.001167 19.000000 2.000000 8.000000 29.000000 0.000000 1.000000 59.615235
1 1.537846 2.000000 1.411378 0.055461 0.035957 0.000940 19.000000 2.000000 49.000000 22.000000 0.000000 1.000000 38.427864
1 1.464170 2.000000 1.402579 0.029485 0.016871 0.000793 16.000000 2.000000 28.000000 5.000000 0.000000 1.000000 32.783832
1 1.237472 2.000000 1.173477 0.027506 0.017280 0.001040 22.000000 2.000000 9.000000 37.000000 0.000000 1.000000 49.614334
1 1.215735 2.000000 1.190452 0.011952 0.006701 0.000883 18.000000 2.000000 2.000000 10.000000 0.000000 1.000000 50.383932
1 1.626833 2.000000 1.156246 0.229844 0.126221 0.001786 68.000000 2.000000 66.000000 158.000000 0.000000 1.000000 55.829533
1 1.783708 2.000000 1.642708 0.065102 0.038583 0.002606 104.000000 2.000000 74.000000 37.000000 0.000000 1.000000 36.593629
1 1.970113 2.000000 1.631358 0.157898 0.093682 0.002514 70.000000 2.000000 88.000000 145.000000 0.000000 1.000000 57.896338
1 1.506379 2.000000 1.387450 0.053755 0.033849 0.000810 15.000000 2.000000 14.000000 47.000000 0.000000 1.000000 32.093603
1 2.268885 4.000000 1.650826 0.292576 0.163276 0.008406 58.000000 2.000000 157.000000 93.000000 0.000000 1.000000 87.726334
1 3.594136 4.000000 1.390382 1.097388 0.571229 0.021040 143.000000 2.000000 722.000000 569.000000 0.000000 1.000000 60.331038
1 1.759947 4.000000 1.380011 0.187648 0.096753 0.007552 51.000000 2.000000 75.000000 81.000000 0.000000 1.000000 67.179946
1 1.454057 4.000000 1.160091 0.141422 0.075498 0.006525 42.000000 2.000000 28.000000 87.000000 0.000000 1.000000 54.992015
1 1.993257 4.000000 1.845837 0.065447 0.035780 0.012005 70.000000 2.000000 35.000000 52.000000 0.000000 1.000000 71.903604
1 2.001556 4.000000 1.613563 0.179975 0.101032 0.013747 83.000000 2.000000 153.000000 135.000000 0.000000 1.000000 62.734068
1 2.527078 4.000000 1.138649 0.672043 0.367933 0.010674 72.000000 2.000000 516.000000 398.000000 0.000000 1.000000 93.993050
1 2.230796 4.000000 1.174187 0.521479 0.274887 0.009636 70.000000 2.000000 170.000000 306.000000 0.000000 1.000000 52.979576
1 2.312024 4.000000 1.182658 0.542701 0.307036 0.009534 70.000000 2.000000 278.000000 170.000000 0.000000 1.000000 55.611586
0 76.751507 4.000000 1.654718 13.364491 2.022184 0.009575 62.000000 2.000000 81.000000 176206.000000 0.000000 1.000000 -1.000000
1 1.825715 4.000000 1.422666 0.196134 0.107600 0.006211 42.000000 2.000000 98.000000 133.000000 0.000000 1.000000 59.422542
1 2.746754 4.000000 1.446834 0.634985 0.340691 0.011427 72.000000 2.000000 382.000000 373.000000 0.000000 1.000000 52.064361
1 2.824637 4.000000 1.665859 0.566434 0.305109 0.014551 90.000000 2.000000 405.000000 290.000000 0.000000 1.000000 78.382676
0 76.411776 4.000000 1.408673 53.810731 3.890894 0.005358 35.000000 2.000000 42.000000 685044.000000 0.000000 1.000000 -1.000000
1 2.196002 4.000000 1.413886 0.381850 0.209822 0.012478 82.000000 2.000000 187.000000 222.000000 0.000000 1.000000 64.898362
1 1.230550 4.000000 1.176322 0.025593 0.012833 0.003429 23.000000 2.000000 8.000000 50.000000 0.000000 1.000000 51.279002
1 1.632103 4.000000 1.437462 0.091875 0.050900 0.005788 38.000000 2.000000 85.000000 71.000000 0.000000 1.000000 52.775547
1 1.573945 4.000000 1.473061 0.049170 0.025152 0.003948 26.000000 2.000000 26.000000 23.000000 0.000000 1.000000 61.922618
1 3.894153 4.000000 1.452988 1.190132 0.540969 0.013064 81.000000 2.000000 177.000000 1579.000000 0.000000 1.000000 71.731173
1 2.002926 4.000000 1.416485 0.282496 0.153043 0.009968 63.000000 2.000000 215.000000 138.000000 0.000000 1.000000 56.286382
1 1.770917 4.000000 1.417220 0.171779 0.093862 0.006351 45.000000 2.000000 164.000000 37.000000 0.000000 1.000000 45.272062
1 1.509027 4.000000 1.455200 0.025543 0.013031 0.003952 26.000000 2.000000 5.000000 21.000000 0.000000 1.000000 66.314886
1 1.967741 4.000000 1.440569 0.255458 0.140667 0.008517 60.000000 2.000000 126.000000 169.000000 0.000000 1.000000 55.763514
1 4.171770 4.000000 1.448110 1.320773 0.726721 0.022040 140.000000 2.000000 637.000000 1145.000000 0.000000 1.000000 85.987009
1 1.861902 4.000000 1.633239 0.106509 0.060509 0.007962 45.000000 2.000000 70.000000 49.000000 0.000000 1.000000 62.690411
1 1.799714 4.000000 1.688800 0.053640 0.027300 0.005774 37.000000 2.000000 7.000000 45.000000 0.000000 1.000000 66.171620
1 2.081355 4.000000 1.444645 0.305758 0.167414 0.007822 52.000000 2.000000 197.000000 84.000000 0.000000 1.000000 72.653858
1 2.014202 4.000000 1.664240 0.159946 0.092839 0.011025 78.000000 2.000000 81.000000 144.000000 0.000000 1.000000 60.513385
1 3.185779 4.000000 1.424221 0.848996 0.478450 0.011914 85.000000 2.000000 452.000000 311.000000 0.000000 1.000000 68.662969
1 3.935242 4.000000 1.416199 1.225458 0.671321 0.020025 134.000000 2.000000 657.000000 524.000000 0.000000 1.000000 100.756495
1 2.454522 4.000000 1.438113 0.513955 0.265170 0.009987 65.000000 2.000000 233.000000 201.000000 0.000000 1.000000 59.540651
1 1.803296 4.000000 1.403509 0.198646 0.104803 0.005465 41.000000 2.000000 107.000000 98.000000 0.000000 1.000000 63.839754
1 1.980278 4.000000 1.408271 0.274679 0.151195 0.008416 63.000000 2.000000 173.000000 96.000000 0.000000 1.000000 64.886726
1 1.811343 4.000000 1.657853 0.071702 0.039994 0.006192 39.000000 2.000000 60.000000 48.000000 0.000000 1.000000 64.375700
1 1.992122 4.000000 1.634392 0.167705 0.096562 0.007585 53.000000 2.000000 128.000000 27.000000 0.000000 1.000000 58.670078
1 1.507375 4.000000 1.415135 0.042297 0.023138 0.005672 37.000000 2.000000 20.000000 19.000000 0.000000 1.000000 67.350264
1 1.543278 4.000000 1.389369 0.075321 0.039633 0.006999 48.000000 2.000000 42.000000 51.000000 0.000000 1.000000 59.771666
1 2.820160 4.000000 1.392039 0.684110 0.382860 0.014703 97.000000 2.000000 367.000000 228.000000 0.000000 1.000000 85.760990
1 1.843726 4.000000 1.395017 0.215145 0.120656 0.006991 47.000000 2.000000 135.000000 77.000000 0.000000 1.000000 42.776318
1 1.879121 4.000000 1.624135 0.122681 0.065086 0.008519 50.000000 2.000000 36.000000 55.000000 0.000000 1.000000 70.476020
1 1.492235 4.000000 1.389609 0.049978 0.026658 0.003223 22.000000 2.000000 31.000000 25.000000 0.000000 1.000000 50.802075
1 2.826411 4.000000 1.528728 0.636256 0.344860 0.015605 103.000000 2.000000 458.000000 275.000000 0.000000 1.000000 50.796145
0 76.663807 4.000000 1.385808 6.452837 2.137704 0.008068 52.000000 2.000000 77.000000 43909.000000 0.000000 1.000000 -1.000000
0 76.438208 4.000000 1.435611 43.754462 11.873232 0.013535 88.000000 2.000000 777.000000 683173.000000 0.000000 1.000000 -1.000000
1 2.267574 4.000000 1.423525 0.414948 0.218706 0.014577 96.000000 2.000000 160.000000 335.000000 0.000000 1.000000 54.216328
1 2.487811 4.000000 1.195698 0.612695 0.356228 0.010674 73.000000 2.000000 297.000000 213.000000 0.000000 1.000000 55.629732
1 3.538384 4.000000 2.544022 0.465090 0.245264 0.051729 289.000000 2.000000 176.000000 277.000000 0.000000 1.000000 105.187341
1 1.752868 4.000000 1.447387 0.144698 0.082170 0.005778 38.000000 2.000000 122.000000 54.000000 0.000000 1.000000 41.669633
1 1.865036 4.000000 1.748803 0.052865 0.028776 0.007335 45.000000 2.000000 12.000000 51.000000 0.000000 1.000000 65.389529
1 1.477716 4.000000 1.421763 0.026684 0.013364 0.003680 25.000000 2.000000 9.000000 16.000000 0.000000 1.000000 44.255919
1 1.860744 4.000000 1.180959 0.330366 0.181201 0.010008 64.000000 2.000000 215.000000 129.000000 0.000000 1.000000 54.984585
1 2.028087 4.000000 1.706097 0.151654 0.082987 0.009402 58.000000 2.000000 159.000000 29.000000 0.000000 1.000000 66.809275
1 2.588436 4.000000 1.680183 0.423782 0.247121 0.013890 85.000000 2.000000 239.000000 196.000000 0.000000 1.000000 53.472204
1 2.153546 4.000000 1.163492 0.479254 0.264334 0.013529 88.000000 2.000000 197.000000 265.000000 0.000000 1.000000 94.732697
1 2.959247 4.000000 1.192959 0.870417 0.466546 0.017548 116.000000 2.000000 582.000000 527.000000 0.000000 1.000000 82.410049
1 3.867268 4.000000 1.442067 1.190426 0.633270 0.019040 131.000000 2.000000 450.000000 492.000000 0.000000 1.000000 69.092627
1 1.691032 4.000000 1.406643 0.136980 0.075216 0.005776 41.000000 2.000000 75.000000 25.000000 0.000000 1.000000 57.235442
1 1.557068 4.000000 1.452561 0.048502 0.027103 0.004258 28.000000 2.000000 31.000000 22.000000 0.000000 1.000000 62.638954
1 2.740337 4.000000 1.889494 0.402290 0.217565 0.031208 180.000000 2.000000 245.000000 297.000000 0.000000 1.000000 111.394595
1 2.500241 4.000000 1.402564 0.524907 0.291649 0.008327 56.000000 2.000000 245.000000 197.000000 0.000000 1.000000 65.765102
1 12.888190 6.000000 1.404911 5.603271 3.040154 0.103687 416.000000 2.000000 1402.000000 2581.000000 0.000000 1.000000 81.731954
1 3.937448 6.000000 2.065307 0.822360 0.474827 0.144584 463.000000 2.000000 93.000000 624.000000 0.000000 1.000000 267.838229
1 4.630901 6.000000 1.648463 1.409884 0.803060 0.063081 233.000000 2.000000 674.000000 499.000000 0.000000 1.000000 71.621881
1 6.032844 6.000000 1.411013 2.282802 1.218661 0.058206 223.000000 2.000000 725.000000 649.000000 0.000000 1.000000 99.343244
1 3.625915 6.000000 1.433788 1.017659 0.596655 0.053542 199.000000 2.000000 456.000000 386.000000 0.000000 1.000000 105.331929
1 10.156310 6.000000 1.408480 4.197963 2.300218 0.123942 466.000000 2.000000 2075.000000 2077.000000 0.000000 1.000000 120.735806
1 2.636889 6.000000 1.653527 0.463888 0.253634 0.037397 137.000000 2.000000 146.000000 190.000000 0.000000 1.000000 106.285892
1 5.884915 6.000000 1.887013 1.822885 1.013954 0.214518 720.000000 2.000000 419.000000 1258.000000 0.000000 1.000000 176.986504
1 6.168928 6.000000 1.436643 2.330645 1.249685 0.071091 280.000000 2.000000 827.000000 960.000000 0.000000 1.000000 73.425268
0 76.836331 6.000000 1.443935 23.675674 11.737667 0.047841 186.000000 2.000000 439.000000 14167.000000 0.000000 1.000000 -1.000000
1 6.191509 6.000000 1.420115 2.304426 1.285092 0.066923 258.000000 2.000000 810.000000 776.000000 0.000000 1.000000 104.617469
1 7.110115 6.000000 1.458138 2.750817 1.515672 0.083307 327.000000 2.000000 1088.000000 953.000000 0.000000 1.000000 99.352691
1 10.499588 6.000000 1.647010 4.371830 2.286827 0.169522 635.000000 2.000000 1445.000000 1974.000000 0.000000 1.000000 100.165692
1 6.479457 6.000000 2.084396 1.855489 1.126965 0.378202 1212.000000 2.000000 1023.000000 1184.000000 0.000000 1.000000 277.955265
1 2.718334 6.000000 1.451686 0.633458 0.324136 0.026391 104.000000 2.000000 227.000000 194.000000 0.000000 1.000000 95.026156
1 7.815400 6.000000 1.414102 3.124244 1.687978 0.103910 405.000000 2.000000 1441.000000 1279.000000 0.000000 1.000000 81.957464
1 8.516249 6.000000 1.427800 3.425298 1.862078 0.118448 456.000000 2.000000 1227.000000 1384.000000 0.000000 1.000000 117.357162
1 2.538400 6.000000 1.664267 0.407692 0.225370 0.034985 123.000000 2.000000 97.000000 312.000000 0.000000 1.000000 81.165522
1 7.223453 6.000000 1.184853 2.978495 1.570081 0.074589 300.000000 2.000000 850.000000 1276.000000 0.000000 1.000000 109.249718
1 3.345939 6.000000 1.442404 0.911380 0.507994 0.046984 175.000000 2.000000 534.000000 353.000000 0.000000 1.000000 95.726748
1 4.433767 6.000000 1.691602 1.283497 0.714083 0.123943 403.000000 2.000000 740.000000 553.000000 0.000000 1.000000 168.981689
1 9.373518 6.000000 1.185543 3.949540 2.169057 0.095938 400.000000 2.000000 1934.000000 1711.000000 0.000000 1.000000 78.777372
1 4.416790 6.000000 1.428140 1.443197 0.796792 0.048563 184.000000 2.000000 548.000000 496.000000 0.000000 1.000000 108.573005
1 3.584330 6.000000 1.727076 0.883353 0.482834 0.064604 212.000000 2.000000 369.000000 452.000000 0.000000 1.000000 94.444411
1 8.003134 6.000000 1.423127 3.205890 1.741316 0.090628 358.000000 2.000000 1175.000000 1285.000000 0.000000 1.000000 121.802328
1 14.110477 6.000000 1.409061 6.095648 3.447394 0.177681 732.000000 2.000000 2499.000000 2595.000000 0.000000 1.000000 133.689361
1 2.469782 6.000000 1.427653 0.508411 0.273471 0.025519 98.000000 2.000000 312.000000 145.000000 0.000000 1.000000 103.847349
1 3.815238 6.000000 1.459374 1.159431 0.609258 0.057913 206.000000 2.000000 654.000000 292.000000 0.000000 1.000000 87.056472
1 5.532042 6.000000 1.468256 1.929422 1.105995 0.046959 185.000000 2.000000 727.000000 497.000000 0.000000 1.000000 130.721067
1 6.838036 6.000000 2.663508 1.860469 1.018548 0.299887 871.000000 2.000000 682.000000 796.000000 0.000000 1.000000 185.405846
1 6.704306 6.000000 1.424861 2.563021 1.378982 0.088586 354.000000 2.000000 1186.000000 1185.000000 0.000000 1.000000 106.011877
1 3.065018 6.000000 1.672593 0.653905 0.368307 0.046811 158.000000 2.000000 425.000000 228.000000 0.000000 1.000000 90.349053
1 5.560387 6.000000 2.902377 1.115040 0.666349 0.234508 743.000000 2.000000 713.000000 962.000000 0.000000 1.000000 161.446849
1 10.048751 6.000000 1.424593 4.104862 2.308649 0.124501 481.000000 2.000000 1208.000000 2020.000000 0.000000 1.000000 106.537252
1 4.898756 6.000000 1.451502 1.692991 0.902963 0.071236 258.000000 2.000000 738.000000 758.000000 0.000000 1.000000 82.576136
1 3.346488 6.000000 1.423302 0.923726 0.527131 0.039349 153.000000 2.000000 453.000000 403.000000 0.000000 1.000000 121.467541
1 4.204216 6.000000 1.409416 1.343373 0.751706 0.067252 264.000000 2.000000 693.000000 539.000000 0.000000 1.000000 84.490849
1 4.475327 6.000000 1.410989 1.508033 0.803793 0.053067 197.000000 2.000000 647.000000 611.000000 0.000000 1.000000 115.356437
1 14.968951 6.000000 1.458998 6.696747 3.554985 0.181020 663.000000 2.000000 3215.000000 3067.000000 0.000000 1.000000 108.294828
1 5.762081 6.000000 1.425735 2.107846 1.184767 0.074435 301.000000 2.000000 778.000000 965.000000 0.000000 1.000000 96.816918
1 9.351562 6.000000 1.445364 3.765100 2.090009 0.123267 472.000000 2.000000 1516.000000 1697.000000 0.000000 1.000000 155.456120
1 4.707403 6.000000 1.412135 1.628256 0.874593 0.057490 224.000000 2.000000 459.000000 1056.000000 0.000000 1.000000 197.458391
1 9.079017 6.000000 1.695207 3.588330 1.865576 0.251615 852.000000 2.000000 2075.000000 2018.000000 0.000000 1.000000 274.217380
1 8.570404 6.000000 1.669579 3.358299 1.804494 0.150821 546.000000 2.000000 2048.000000 1521.000000 0.000000 1.000000 120.914196
1 6.423447 6.000000 1.732562 2.252480 1.217518 0.115234 401.000000 2.000000 820.000000 840.000000 0.000000 1.000000 146.284757
1 3.891242 6.000000 1.681646 1.087145 0.561865 0.054765 189.000000 2.000000 265.000000 378.000000 0.000000 1.000000 102.542381
1 15.439273 6.000000 1.421432 6.917643 3.709636 0.169059 662.000000 2.000000 2703.000000 2974.000000 0.000000 1.000000 82.941335
1 3.095450 6.000000 1.710303 0.658070 0.351174 0.067098 221.000000 2.000000 305.000000 227.000000 0.000000 1.000000 122.409699
1 4.971522 6.000000 1.664826 1.583887 0.845312 0.112426 358.000000 2.000000 668.000000 619.000000 0.000000 1.000000 114.093727
1 4.242256 6.000000 1.668266 1.243099 0.654527 0.085092 295.000000 2.000000 511.000000 436.000000 0.000000 1.000000 181.950280
1 3.042144 6.000000 1.716833 0.610678 0.344708 0.059275 213.000000 2.000000 212.000000 342.000000 0.000000 1.000000 121.633033
0 76.190150 6.000000 1.184689 44.920708 8.893829 0.057726 238.000000 2.000000 811.000000 467959.000000 0.000000 1.000000 -1.000000
1 4.551373 6.000000 1.891086 1.229275 0.671531 0.147849 485.000000 2.000000 401.000000 647.000000 0.000000 1.000000 167.127007
1 8.700591 6.000000 1.425659 3.558398 1.942641 0.094072 367.000000 2.000000 1595.000000 1398.000000 0.000000 1.000000 77.805679
1 6.592435 6.000000 1.696239 2.328404 1.294052 0.104813 389.000000 2.000000 732.000000 973.000000 0.000000 1.000000 168.689642
1 8.577266 6.000000 1.732985 3.303737 1.791601 0.147880 539.000000 2.000000 1069.000000 1806.000000 0.000000 1.000000 229.102028
1 4.690290 6.000000 1.681672 1.434055 0.789078 0.068497 255.000000 2.000000 649.000000 738.000000 0.000000 1.000000 120.720517
1 4.557893 6.000000 1.473643 1.512806 0.792228 0.060451 234.000000 2.000000 506.000000 599.000000 0.000000 1.000000 69.854275
1 8.125249 6.000000 3.522708 1.978992 1.151268 0.325245 1033.000000 2.000000 534.000000 1331.000000 0.000000 1.000000 269.617078
1 4.086612 8.000000 1.683073 1.091261 0.668686 0.110180 283.000000 2.000000 406.000000 391.000000 0.000000 1.000000 154.426484
1 18.107496 8.000000 1.426839 8.003457 4.612454 0.237290 694.000000 2.000000 1464.000000 3309.000000 0.000000 1.000000 91.233206
1 4.094824 8.000000 1.678364 1.129675 0.661626 0.090301 249.000000 2.000000 386.000000 721.000000 0.000000 1.000000 96.969442
1 3.617799 8.000000 1.463624 1.003486 0.597533 0.064442 184.000000 2.000000 530.000000 365.000000 0.000000 1.000000 101.782972
1 15.119305 8.000000 2.835554 5.325735 3.244615 0.767570 1869.000000 2.000000 512.000000 4877.000000 0.000000 1.000000 149.337157
1 42.282798 8.000000 1.435518 19.550539 11.274880 0.577632 1671.000000 2.000000 4750.000000 7980.000000 0.000000 1.000000 105.220032
1 5.726020 8.000000 1.686875 1.859191 1.104978 0.178283 450.000000 2.000000 961.000000 761.000000 0.000000 1.000000 141.725958
1 3.072969 8.000000 1.916423 0.501556 0.298954 0.096966 234.000000 2.000000 218.000000 234.000000 0.000000 1.000000 138.489868
1 12.006364 8.000000 1.434721 5.126248 2.955990 0.178198 531.000000 2.000000 1649.000000 1599.000000 0.000000 1.000000 87.393970
0 76.909745 8.000000 1.658155 8.733795 4.422631 0.137972 365.000000 2.000000 351.000000 19571.000000 0.000000 1.000000 -1.000000
1 6.988301 8.000000 1.928206 2.257352 1.342773 0.318080 774.000000 2.000000 676.000000 1130.000000 0.000000 1.000000 241.427944
1 6.560714 8.000000 1.433018 2.446638 1.385017 0.073812 223.000000 2.000000 459.000000 1439.000000 0.000000 1.000000 150.518334
1 7.346010 8.000000 1.889999 2.396128 1.460418 0.326115 783.000000 2.000000 1105.000000 1144.000000 0.000000 1.000000 156.058105
1 14.647859 8.000000 1.176431 6.426965 3.736162 0.216238 681.000000 2.000000 2429.000000 2242.000000 0.000000 1.000000 103.853777
1 14.416056 8.000000 1.656671 6.102096 3.496388 0.259378 688.000000 2.000000 1075.000000 1823.000000 0.000000 1.000000 90.255969
1 7.628508 8.000000 1.648947 2.766070 1.675933 0.141261 382.000000 2.000000 746.000000 909.000000 0.000000 1.000000 126.505862
1 4.820541 8.000000 1.423024 1.643113 0.926131 0.076240 221.000000 2.000000 558.000000 560.000000 0.000000 1.000000 99.263239
1 21.141422 8.000000 1.177336 9.644023 5.545938 0.309745 915.000000 2.000000 2179.000000 4061.000000 0.000000 1.000000 89.475968
1 11.144835 8.000000 1.443780 4.546989 2.739220 0.170842 506.000000 2.000000 862.000000 2322.000000 0.000000 1.000000 103.377250
1 14.830716 8.000000 1.498949 6.392652 3.711902 0.192232 599.000000 2.000000 1818.000000 2185.000000 0.000000 1.000000 118.636242
1 22.022572 8.000000 1.442091 9.753518 5.749786 0.315548 916.000000 2.000000 3085.000000 3827.000000 0.000000 1.000000 162.284482
1 11.573522 8.000000 1.658080 4.548541 2.726542 0.350032 903.000000 2.000000 1071.000000 2293.000000 0.000000 1.000000 120.481719
1 14.007560 8.000000 1.423491 5.827959 3.527680 0.281426 810.000000 2.000000 2606.000000 2049.000000 0.000000 1.000000 78.653244
1 11.422044 8.000000 1.425773 4.721085 2.812728 0.192189 582.000000 2.000000 1524.000000 2031.000000 0.000000 1.000000 121.298954
1 4.327329 8.000000 1.422329 1.361774 0.813556 0.073084 228.000000 2.000000 456.000000 442.000000 0.000000 1.000000 123.322894
0 76.419858 8.000000 1.415381 43.141490 9.412808 0.144701 421.000000 2.000000 1225.000000 331232.000000 0.000000 1.000000 -1.000000
1 12.736539 8.000000 1.423594 5.319070 3.128127 0.211244 612.000000 2.000000 1953.000000 1691.000000 0.000000 1.000000 100.615123
1 8.293985 8.000000 1.423837 3.218930 1.904044 0.149984 429.000000 2.000000 990.000000 1089.000000 0.000000 1.000000 105.098832
1 18.850317 8.000000 1.474497 8.475687 4.796035 0.205457 633.000000 2.000000 2195.000000 2866.000000 0.000000 1.000000 81.977326
1 5.142900 8.000000 1.906874 1.439297 0.882854 0.162992 413.000000 2.000000 679.000000 652.000000 0.000000 1.000000 111.595157
1 23.276870 8.000000 2.084211 9.249574 5.570179 1.266071 2849.000000 2.000000 1353.000000 7121.000000 0.000000 1.000000 328.405351
1 17.263106 8.000000 1.695731 7.017491 4.290224 0.561036 1383.000000 2.000000 2453.000000 3492.000000 0.000000 1.000000 172.144844
1 53.718030 8.000000 1.453801 24.574402 14.282872 0.713079 2105.000000 2.000000 4737.000000 13127.000000 0.000000 1.000000 113.994231
1 28.247680 8.000000 1.651994 12.640042 7.331785 0.437229 1200.000000 2.000000 1909.000000 5306.000000 0.000000 1.000000 277.470779
1 2.637624 8.000000 1.405811 0.583761 0.327147 0.037734 113.000000 2.000000 84.000000 299.000000 0.000000 1.000000 108.657053
1 18.033683 8.000000 1.702828 7.692636 4.563552 0.264321 684.000000 2.000000 1291.000000 2737.000000 0.000000 1.000000 129.691502
1 16.581251 8.000000 1.405791 7.205254 4.198921 0.203956 600.000000 2.000000 2378.000000 2429.000000 0.000000 1.000000 96.441112
1 4.166734 8.000000 1.426524 1.273547 0.765529 0.083474 230.000000 2.000000 509.000000 400.000000 0.000000 1.000000 93.128019
1 11.371684 8.000000 1.907910 4.211513 2.529050 0.471711 1157.000000 2.000000 899.000000 2562.000000 0.000000 1.000000 213.605869
1 3.082854 8.000000 1.708484 0.623171 0.372554 0.064344 177.000000 2.000000 207.000000 226.000000 0.000000 1.000000 89.946870
1 7.219236 8.000000 1.434368 2.719465 1.614853 0.137034 393.000000 2.000000 1228.000000 901.000000 0.000000 1.000000 80.833123
1 13.310823 8.000000 1.467672 5.554399 3.303855 0.253379 723.000000 2.000000 2337.000000 2603.000000 0.000000 1.000000 90.316844
1 9.967636 8.000000 1.420012 4.059367 2.376360 0.149522 443.000000 2.000000 1246.000000 1704.000000 0.000000 1.000000 87.813138
1 3.175260 8.000000 1.724890 0.656240 0.391800 0.076227 202.000000 2.000000 218.000000 176.000000 0.000000 1.000000 88.708653
1 7.039481 8.000000 1.441744 2.711031 1.551348 0.100135 286.000000 2.000000 594.000000 1029.000000 0.000000 1.000000 108.240360
1 34.319679 8.000000 1.437466 15.355710 9.151132 0.451092 1280.000000 2.000000 6420.000000 5725.000000 0.000000 1.000000 90.116738
1 6.345925 8.000000 1.658715 2.160232 1.318377 0.116121 336.000000 2.000000 360.000000 1255.000000 0.000000 1.000000 131.595545
1 5.709780 8.000000 1.702592 1.837595 1.100109 0.138653 365.000000 2.000000 572.000000 844.000000 0.000000 1.000000 120.362115
1 3.183432 8.000000 1.436097 0.796963 0.488556 0.043706 132.000000 2.000000 238.000000 318.000000 0.000000 1.000000 83.811491
1 3.486021 8.000000 1.417453 0.996727 0.566630 0.049927 148.000000 2.000000 324.000000 356.000000 0.000000 1.000000 89.557839
1 3.146800 8.000000 1.441298 0.799617 0.463990 0.067708 189.000000 2.000000 391.000000 425.000000 0.000000 1.000000 91.203607
1 4.907358 8.000000 1.510150 1.615098 0.952740 0.088369 251.000000 2.000000 524.000000 787.000000 0.000000 1.000000 119.528893
1 6.305802 8.000000 1.730216 2.088869 1.269119 0.179291 494.000000 2.000000 1410.000000 810.000000 0.000000 1.000000 99.664024
1 21.397490 8.000000 1.435470 9.258159 5.507316 0.453814 1270.000000 2.000000 4224.000000 3772.000000 0.000000 1.000000 63.038569
1 2.193814 8.000000 1.401976 0.370808 0.209891 0.043112 116.000000 2.000000 89.000000 148.000000 0.000000 1.000000 71.632912
1 28.598706 8.000000 1.711255 12.340596 7.379153 0.684798 1786.000000 2.000000 4455.000000 5822.000000 0.000000 1.000000 196.497414
1 6.712003 8.000000 1.417399 2.499178 1.472406 0.097036 281.000000 2.000000 384.000000 917.000000 0.000000 1.000000 92.571505
0 76.419022 8.000000 1.410124 45.362975 8.261806 0.067816 203.000000 2.000000 273.000000 377070.000000 0.000000 1.000000 -1.000000
1 10.507405 8.000000 1.681990 4.185653 2.392483 0.232868 615.000000 2.000000 1164.000000 1776.000000 0.000000 1.000000 193.519667
1 6.516360 10.000000 1.662672 2.222878 1.425817 0.153842 359.000000 2.000000 313.000000 804.000000 0.000000 1.000000 123.741430
1 16.689565 10.000000 2.857533 5.636838 3.652683 1.451578 2303.000000 2.000000 1237.000000 3437.000000 0.000000 1.000000 326.451949
1 3.702090 10.000000 1.666903 0.893903 0.594426 0.101526 226.000000 2.000000 257.000000 458.000000 0.000000 1.000000 93.992973
1 11.572142 10.000000 1.467076 4.784319 2.910456 0.193881 495.000000 2.000000 809.000000 1619.000000 0.000000 1.000000 96.343414
1 7.733279 10.000000 1.906467 2.496299 1.625360 0.397681 699.000000 2.000000 555.000000 1014.000000 0.000000 1.000000 133.231230
1 3.770576 10.000000 1.412534 1.120024 0.668187 0.062055 154.000000 2.000000 315.000000 227.000000 0.000000 1.000000 102.275330
1 20.427666 10.000000 1.418360 8.923691 5.464571 0.342862 739.000000 2.000000 1779.000000 3144.000000 0.000000 1.000000 127.469790
1 8.019843 10.000000 1.787825 2.881247 1.777494 0.227866 507.000000 2.000000 393.000000 1558.000000 0.000000 1.000000 88.881110
1 12.552142 10.000000 1.435021 5.208812 3.182940 0.180976 457.000000 2.000000 992.000000 1945.000000 0.000000 1.000000 77.007587
1 15.139263 10.000000 1.423374 6.339338 3.960525 0.375027 867.000000 2.000000 2589.000000 2611.000000 0.000000 1.000000 114.414835
1 18.660341 10.000000 1.696497 7.699239 4.840049 0.465540 964.000000 2.000000 2220.000000 2719.000000 0.000000 1.000000 104.732202
1 12.977213 10.000000 1.685389 5.112249 3.199464 0.445742 991.000000 2.000000 1548.000000 2735.000000 0.000000 1.000000 161.052530
1 7.346175 10.000000 1.465550 2.741837 1.691839 0.117819 284.000000 2.000000 480.000000 744.000000 0.000000 1.000000 91.356134
1 10.939233 10.000000 1.464836 4.391518 2.706635 0.255530 582.000000 2.000000 1755.000000 1641.000000 0.000000 1.000000 99.858252
1 35.165767 10.000000 1.434154 16.115569 9.646479 0.569534 1407.000000 2.000000 3801.000000 5609.000000 0.000000 1.000000 109.950948
1 6.087653 10.000000 1.678784 2.009519 1.249717 0.168060 367.000000 2.000000 327.000000 598.000000 0.000000 1.000000 81.956497
1 14.312994 10.000000 12.013228 0.942457 0.609794 0.259191 467.000000 2.000000 46.000000 698.000000 0.000000 1.000000 162.251607
1 9.299465 10.000000 1.460618 3.705655 2.261829 0.104869 275.000000 2.000000 517.000000 1250.000000 0.000000 1.000000 134.608803
1 12.127981 10.000000 1.436002 5.004830 3.069408 0.237187 540.000000 2.000000 1561.000000 1916.000000 0.000000 1.000000 112.200792
1 31.808198 10.000000 1.423248 14.289046 8.655544 0.453189 1128.000000 2.000000 1518.000000 5505.000000 0.000000 1.000000 154.384591
1 10.922230 10.000000 1.673220 4.284456 2.629604 0.251426 557.000000 2.000000 851.000000 1244.000000 0.000000 1.000000 166.979560
1 6.632063 10.000000 1.428681 2.410210 1.519706 0.133606 322.000000 2.000000 439.000000 765.000000 0.000000 1.000000 88.364264
1 6.312116 10.000000 1.698741 2.085534 1.309810 0.180975 404.000000 2.000000 733.000000 1028.000000 0.000000 1.000000 76.720644
1 25.358881 10.000000 1.641994 11.081222 6.671566 0.693694 1429.000000 2.000000 2559.000000 5129.000000 0.000000 1.000000 123.416355
1 4.191034 10.000000 1.914109 1.007145 0.615249 0.156754 318.000000 2.000000 302.000000 398.000000 0.000000 1.000000 152.291036
1 28.840203 10.000000 1.937786 11.963548 7.266096 1.408587 2734.000000 2.000000 1637.000000 7216.000000 0.000000 1.000000 283.767193
1 14.370854 10.000000 1.461703 5.987161 3.731496 0.264424 605.000000 2.000000 2297.000000 1829.000000 0.000000 1.000000 83.759158
1 21.196777 10.000000 1.439668 9.397583 5.618656 0.246141 631.000000 2.000000 1356.000000 3074.000000 0.000000 1.000000 101.998242
1 7.920545 10.000000 1.438025 2.996819 1.835850 0.177850 432.000000 2.000000 646.000000 1460.000000 0.000000 1.000000 131.589540
1 76.732970 10.000000 2.847868 28.370951 18.498812 6.736812 10917.000000 2.000000 6855.000000 21557.000000 0.000000 1.000000 355.267692
1 16.051725 10.000000 1.671353 6.557749 4.123515 0.429241 992.000000 2.000000 1539.000000 3586.000000 0.000000 1.000000 129.408381
1 2.803341 10.000000 1.471836 0.610888 0.379639 0.048881 116.000000 2.000000 103.000000 162.000000 0.000000 1.000000 94.861576
1 3.993724 10.000000 2.088127 0.744015 0.475238 0.312853 517.000000 2.000000 150.000000 470.000000 0.000000 1.000000 137.939798
1 38.051809 10.000000 1.462025 17.155209 10.543439 0.624455 1542.000000 2.000000 4833.000000 5705.000000 0.000000 1.000000 103.154001
1 33.264208 10.000000 1.472068 14.729418 8.989531 0.640491 1479.000000 2.000000 3617.000000 5933.000000 0.000000 1.000000 141.012538
1 13.676928 10.000000 1.911760 5.030582 3.203924 0.903623 1767.000000 2.000000 568.000000 3047.000000 0.000000 1.000000 218.694556
1 4.736186 10.000000 1.430996 1.510039 0.943041 0.135709 315.000000 2.000000 527.000000 511.000000 0.000000 1.000000 96.499925
1 13.400204 10.000000 1.680098 5.306069 3.360665 0.445412 968.000000 2.000000 1448.000000 2028.000000 0.000000 1.000000 255.726746
1 15.852095 10.000000 1.428521 6.861570 4.181068 0.243652 585.000000 2.000000 1766.000000 1939.000000 0.000000 1.000000 127.725303
1 17.532138 10.000000 1.474734 7.432999 4.585490 0.307469 726.000000 2.000000 2418.000000 2189.000000 0.000000 1.000000 120.155598
1 34.031687 10.000000 1.455908 15.179194 9.473507 0.532532 1307.000000 2.000000 3324.000000 6309.000000 0.000000 1.000000 143.524265
0 76.751480 10.000000 1.742628 36.562837 13.400687 0.455239 1020.000000 2.000000 1074.000000 236394.000000 0.000000 1.000000 -1.000000
1 8.739926 10.000000 1.436451 3.469528 2.069803 0.136277 324.000000 2.000000 1038.000000 940.000000 0.000000 1.000000 69.412708
1 51.628587 10.000000 1.709631 22.280353 13.941326 1.714258 3804.000000 2.000000 6766.000000 11600.000000 0.000000 1.000000 166.711023
1 4.820216 10.000000 1.914732 1.253296 0.796168 0.217340 454.000000 2.000000 221.000000 575.000000 0.000000 1.000000 154.884344
1 23.018679 10.000000 1.692983 9.750365 6.108681 0.595508 1274.000000 2.000000 1489.000000 4329.000000 0.000000 1.000000 321.876841
1 17.065734 10.000000 1.691686 6.951604 4.427994 0.451693 1020.000000 2.000000 2221.000000 2491.000000 0.000000 1.000000 187.570431
1 8.898182 10.000000 1.675027 3.246342 2.024939 0.330471 711.000000 2.000000 1223.000000 1375.000000 0.000000 1.000000 137.071688
1 7.526611 10.000000 1.686933 2.740623 1.665207 0.164623 384.000000 2.000000 804.000000 1006.000000 0.000000 1.000000 140.698212
0 76.756098 10.000000 1.413240 13.874574 6.246204 0.138634 347.000000 2.000000 532.000000 27314.000000 0.000000 1.000000 -1.000000
1 37.311655 10.000000 1.447286 16.771216 10.365141 0.603164 1447.000000 2.000000 2909.000000 7372.000000 0.000000 1.000000 158.052419
1 12.633931 10.000000 1.437442 5.266110 3.212543 0.221901 537.000000 2.000000 1733.000000 1425.000000 0.000000 1.000000 76.630595
1 8.372924 10.000000 1.711264 3.088480 1.877979 0.215097 515.000000 2.000000 958.000000 1160.000000 0.000000 1.000000 143.252767
1 11.105215 10.000000 1.428692 4.579953 2.774079 0.191795 463.000000 2.000000 956.000000 2487.000000 0.000000 1.000000 132.302054
1 34.304827 10.000000 1.668871 14.720811 9.085763 1.095026 2327.000000 2.000000 4117.000000 8391.000000 0.000000 1.000000 178.524901
1 12.967583 10.000000 1.687195 5.162064 3.208836 0.395102 891.000000 2.000000 1204.000000 2562.000000 0.000000 1.000000 164.092830
1 7.835642 10.000000 1.694960 2.888563 1.755213 0.150636 334.000000 2.000000 314.000000 1027.000000 0.000000 1.000000 169.764344
