1 1.292438 1.000000 1.291325 0.000128 0.000547 0.000013 4.000000 5.000000 0.000000 0.000000 0.000000 0.000000 16.798404
1 1.229168 1.000000 1.228215 0.000121 0.000492 0.000013 4.000000 5.000000 0.000000 0.000000 0.000000 0.000000 13.824118
1 1.200340 1.000000 1.199279 0.000136 0.000538 0.000010 3.000000 5.000000 0.000000 0.000000 0.000000 0.000000 13.793842
1 1.204764 1.000000 1.203445 0.000141 0.000654 0.000011 5.000000 5.000000 0.000000 0.000000 0.000000 0.000000 19.245245
1 1.188163 1.000000 1.187097 0.000128 0.000499 0.000012 5.000000 5.000000 0.000000 0.000000 0.000000 0.000000 15.460610
1 1.131723 1.000000 1.129522 0.000232 0.001232 0.000010 3.000000 5.000000 0.000000 19.000000 0.000000 0.000000 12.187175
1 1.136171 1.000000 1.135304 0.000111 0.000426 0.000010 4.000000 5.000000 0.000000 0.000000 0.000000 0.000000 14.441605
1 1.196959 1.000000 1.196084 0.000109 0.000420 0.000010 4.000000 5.000000 0.000000 0.000000 0.000000 0.000000 13.295415
1 1.203712 1.000000 1.202181 0.000179 0.000781 0.000011 4.000000 5.000000 0.000000 1.000000 0.000000 0.000000 19.108031
1 1.197124 1.000000 1.195768 0.000165 0.000690 0.000014 5.000000 5.000000 0.000000 0.000000 0.000000 0.000000 15.946278
1 1.785574 1.000000 1.783539 0.000226 0.000958 0.000023 4.000000 5.000000 0.000000 0.000000 0.000000 0.000000 13.728866
1 2.940398 1.000000 2.939297 0.000150 0.000541 0.000017 4.000000 5.000000 0.000000 0.000000 0.000000 0.000000 12.423283
1 1.346692 1.000000 1.345764 0.000119 0.000432 0.000011 4.000000 5.000000 0.000000 0.000000 0.000000 0.000000 12.785034
1 1.971718 1.000000 1.969361 0.000248 0.001235 0.000020 6.000000 5.000000 0.000000 1.000000 0.000000 0.000000 24.442754
1 1.272109 1.000000 1.270880 0.000138 0.000624 0.000011 4.000000 5.000000 0.000000 1.000000 0.000000 0.000000 15.218903
1 1.211748 1.000000 1.210672 0.000127 0.000518 0.000009 3.000000 5.000000 0.000000 0.000000 0.000000 0.000000 15.030015
1 1.207650 1.000000 1.206611 0.000130 0.000527 0.000016 5.000000 5.000000 0.000000 0.000000 0.000000 0.000000 17.023740
1 1.209821 1.000000 1.208539 0.000165 0.000654 0.000012 4.000000 5.000000 0.000000 0.000000 0.000000 0.000000 15.526254
1 1.355332 1.000000 1.354005 0.000137 0.000664 0.000012 4.000000 5.000000 0.000000 0.000000 0.000000 0.000000 15.641418
1 1.364249 1.000000 1.361555 0.000344 0.001402 0.000012 4.000000 5.000000 0.000000 8.000000 0.000000 0.000000 16.473931
1 1.341742 1.000000 1.338274 0.000365 0.001888 0.000012 5.000000 5.000000 0.000000 64.000000 0.000000 0.000000 17.101575
1 1.244284 1.000000 1.241620 0.000271 0.001532 0.000011 4.000000 5.000000 0.000000 11.000000 0.000000 0.000000 17.581911
1 1.196223 1.000000 1.195016 0.000134 0.000587 0.000011 3.000000 5.000000 0.000000 0.000000 0.000000 0.000000 13.311836
1 1.570819 1.000000 1.566141 0.000441 0.002766 0.000016 5.000000 5.000000 0.000000 13.000000 0.000000 0.000000 15.308261
1 1.362285 1.000000 1.361155 0.000140 0.000553 0.000012 4.000000 5.000000 0.000000 0.000000 0.000000 0.000000 13.751794
1 1.355742 1.000000 1.354548 0.000160 0.000597 0.000012 4.000000 5.000000 0.000000 0.000000 0.000000 0.000000 13.514022
1 1.286351 1.000000 1.284946 0.000145 0.000819 0.000012 4.000000 5.000000 0.000000 0.000000 0.000000 0.000000 17.350714
1 1.197568 1.000000 1.196520 0.000127 0.000512 0.000012 4.000000 5.000000 0.000000 0.000000 0.000000 0.000000 15.633461
1 1.776712 1.000000 1.775113 0.000144 0.000900 0.000011 4.000000 5.000000 0.000000 0.000000 0.000000 0.000000 14.923398
1 1.322785 1.000000 1.321674 0.000120 0.000636 0.000011 4.000000 5.000000 0.000000 0.000000 0.000000 0.000000 11.172085
1 1.662888 1.000000 1.661428 0.000115 0.000929 0.000011 3.000000 5.000000 0.000000 0.000000 0.000000 0.000000 10.835340
1 1.639228 1.000000 1.638224 0.000124 0.000494 0.000012 4.000000 5.000000 0.000000 0.000000 0.000000 0.000000 16.422067
1 1.195611 1.000000 1.194600 0.000118 0.000486 0.000011 4.000000 5.000000 0.000000 0.000000 0.000000 0.000000 14.692941
1 1.202104 1.000000 1.200927 0.000121 0.000688 0.000011 4.000000 5.000000 0.000000 0.000000 0.000000 0.000000 13.845656
1 1.208193 1.000000 1.207199 0.000132 0.000491 0.000011 4.000000 5.000000 0.000000 0.000000 0.000000 0.000000 16.056332
1 1.932684 1.000000 1.931534 0.000117 0.000522 0.000012 4.000000 5.000000 0.000000 0.000000 0.000000 0.000000 12.372318
1 1.333861 1.000000 1.329774 0.000425 0.002269 0.000010 3.000000 5.000000 0.000000 10.000000 0.000000 0.000000 16.139843
1 1.579377 1.000000 1.576080 0.000401 0.001760 0.000014 5.000000 5.000000 0.000000 13.000000 0.000000 0.000000 18.340155
1 1.189133 1.000000 1.186800 0.000280 0.001250 0.000010 3.000000 5.000000 0.000000 18.000000 0.000000 0.000000 14.927463
1 1.213870 1.000000 1.207739 0.000429 0.004061 0.000012 4.000000 5.000000 0.000000 12.000000 0.000000 0.000000 15.736339
1 2.116011 1.000000 2.114479 0.000167 0.000745 0.000013 4.000000 5.000000 0.000000 2.000000 0.000000 0.000000 15.615821
1 60.552469 1.000000 1.363146 4.010979 44.651745 0.000026 8.000000 5.000000 0.000000 250590.000000 0.000000 0.000000 29.607767
1 1.194049 1.000000 1.192216 0.000188 0.000920 0.000011 4.000000 5.000000 0.000000 8.000000 0.000000 0.000000 16.613372
1 1.265552 1.000000 1.264705 0.000112 0.000407 0.000009 3.000000 5.000000 0.000000 0.000000 0.000000 0.000000 11.723438
1 1.351411 1.000000 1.349933 0.000176 0.000827 0.000016 5.000000 5.000000 0.000000 1.000000 0.000000 0.000000 16.380868
1 1.414067 1.000000 1.413016 0.000148 0.000523 0.000010 3.000000 5.000000 0.000000 0.000000 0.000000 0.000000 14.026049
1 1.856424 1.000000 1.853807 0.000300 0.001253 0.000020 3.000000 5.000000 0.000000 0.000000 0.000000 0.000000 16.160024
1 2.795980 1.000000 2.791516 0.000518 0.002258 0.000029 4.000000 5.000000 0.000000 7.000000 0.000000 0.000000 12.421338
1 2.407333 1.000000 2.404027 0.000403 0.001749 0.000021 4.000000 5.000000 0.000000 1.000000 0.000000 0.000000 21.421150
1 2.536719 1.000000 2.535221 0.000154 0.000721 0.000013 3.000000 5.000000 0.000000 0.000000 0.000000 0.000000 14.502041
1 1.380601 1.000000 1.379589 0.000130 0.000487 0.000014 4.000000 5.000000 0.000000 0.000000 0.000000 0.000000 13.657449
1 1.356505 1.000000 1.355229 0.000148 0.000611 0.000017 5.000000 5.000000 0.000000 0.000000 0.000000 0.000000 16.722328
1 1.256093 1.000000 1.255190 0.000115 0.000437 0.000010 4.000000 5.000000 0.000000 0.000000 0.000000 0.000000 14.277134
1 1.197822 1.000000 1.196415 0.000157 0.000702 0.000012 4.000000 5.000000 0.000000 0.000000 0.000000 0.000000 15.265779
1 1.206059 1.000000 1.204925 0.000133 0.000574 0.000011 4.000000 5.000000 0.000000 0.000000 0.000000 0.000000 17.128630
1 1.561984 1.000000 1.560903 0.000132 0.000523 0.000011 4.000000 5.000000 0.000000 0.000000 0.000000 0.000000 14.155034
1 1.335670 1.000000 1.333748 0.000210 0.001121 0.000014 4.000000 5.000000 0.000000 5.000000 0.000000 0.000000 17.106454
1 1.384386 1.000000 1.383347 0.000123 0.000490 0.000012 4.000000 5.000000 0.000000 0.000000 0.000000 0.000000 15.413841
1 1.268075 1.000000 1.267244 0.000113 0.000404 0.000013 4.000000 5.000000 0.000000 0.000000 0.000000 0.000000 13.337581
1 1.196757 1.000000 1.194924 0.000168 0.001161 0.000014 4.000000 5.000000 0.000000 1.000000 0.000000 0.000000 16.212291
1 1.658295 2.000000 1.539463 0.012871 0.069125 0.001741 15.000000 5.000000 15.000000 61.000000 0.000000 0.000000 35.407317
1 1.741105 2.000000 1.712870 0.002847 0.015259 0.001944 16.000000 5.000000 0.000000 33.000000 0.000000 0.000000 37.023111
1 1.469557 2.000000 1.451228 0.001862 0.009136 0.001576 12.000000 5.000000 0.000000 9.000000 0.000000 0.000000 40.282289
1 2.513370 2.000000 2.473581 0.003882 0.021601 0.002542 13.000000 5.000000 10.000000 19.000000 0.000000 0.000000 33.446208
1 3.475558 2.000000 3.448446 0.002543 0.012788 0.002782 12.000000 5.000000 0.000000 5.000000 0.000000 0.000000 31.411696
1 2.528750 2.000000 2.500845 0.002856 0.013871 0.003003 16.000000 5.000000 0.000000 10.000000 0.000000 0.000000 38.408703
1 2.461631 2.000000 2.122127 0.032603 0.186480 0.003522 25.000000 5.000000 82.000000 134.000000 0.000000 0.000000 32.515177
1 1.448274 2.000000 1.434884 0.001288 0.007101 0.001663 12.000000 5.000000 0.000000 3.000000 0.000000 0.000000 31.265315
1 1.356178 2.000000 1.309002 0.004559 0.024922 0.001477 16.000000 5.000000 19.000000 22.000000 0.000000 0.000000 29.901066
1 1.280908 2.000000 1.262678 0.001642 0.008509 0.001579 13.000000 5.000000 4.000000 3.000000 0.000000 0.000000 33.085299
1 1.549924 2.000000 1.540053 0.000944 0.004887 0.001646 13.000000 5.000000 0.000000 13.000000 0.000000 0.000000 34.058968
1 1.695651 2.000000 1.674716 0.002201 0.010216 0.001712 13.000000 5.000000 0.000000 12.000000 0.000000 0.000000 31.051136
1 1.818809 2.000000 1.805930 0.001403 0.005985 0.001741 13.000000 5.000000 0.000000 4.000000 0.000000 0.000000 30.617005
1 1.506580 2.000000 1.419427 0.009947 0.048421 0.002192 18.000000 5.000000 65.000000 24.000000 0.000000 0.000000 34.828450
1 1.344295 2.000000 1.322547 0.002558 0.011397 0.001296 12.000000 5.000000 0.000000 21.000000 0.000000 0.000000 39.390041
1 1.534998 2.000000 1.502437 0.002984 0.017077 0.001551 13.000000 5.000000 4.000000 15.000000 0.000000 0.000000 35.562218
1 2.305222 2.000000 1.259366 0.113798 0.577717 0.002673 21.000000 5.000000 315.000000 242.000000 0.000000 0.000000 32.229624
1 1.452982 2.000000 1.391185 0.006854 0.034062 0.002884 22.000000 5.000000 18.000000 37.000000 0.000000 0.000000 41.239970
1 1.464783 2.000000 1.442759 0.002397 0.011508 0.002012 17.000000 5.000000 5.000000 27.000000 0.000000 0.000000 38.855124
1 5.185892 2.000000 5.169281 0.001315 0.007296 0.003662 22.000000 5.000000 0.000000 7.000000 0.000000 0.000000 35.431364
1 1.768088 2.000000 1.728136 0.004146 0.020810 0.001897 16.000000 5.000000 0.000000 16.000000 0.000000 0.000000 38.619936
1 1.904994 2.000000 1.876423 0.002555 0.013706 0.002328 12.000000 5.000000 0.000000 11.000000 0.000000 0.000000 29.824027
1 2.927567 2.000000 2.898830 0.003263 0.013509 0.003419 15.000000 5.000000 0.000000 1.000000 0.000000 0.000000 35.449623
1 2.780436 2.000000 2.659247 0.012833 0.065975 0.003889 17.000000 5.000000 7.000000 21.000000 0.000000 0.000000 39.304279
1 3.051013 2.000000 3.015403 0.003126 0.020447 0.002807 18.000000 5.000000 17.000000 8.000000 0.000000 0.000000 39.919007
1 1.437077 2.000000 1.427350 0.000913 0.004411 0.001691 13.000000 5.000000 0.000000 2.000000 0.000000 0.000000 30.454154
1 1.491763 2.000000 1.421154 0.007122 0.037950 0.002559 17.000000 5.000000 4.000000 33.000000 0.000000 0.000000 37.099898
1 1.275855 2.000000 1.253055 0.002508 0.012317 0.001631 12.000000 5.000000 0.000000 21.000000 0.000000 0.000000 38.052254
1 1.825080 2.000000 1.776860 0.004972 0.024061 0.002843 25.000000 5.000000 17.000000 15.000000 0.000000 0.000000 41.318437
1 1.949463 2.000000 1.923463 0.002156 0.014275 0.002807 43.000000 5.000000 0.000000 14.000000 0.000000 0.000000 30.273445
1 2.505752 2.000000 2.449307 0.005022 0.025735 0.008195 97.000000 5.000000 16.000000 33.000000 0.000000 0.000000 37.759910
1 1.648081 2.000000 1.560955 0.010340 0.047583 0.002552 54.000000 5.000000 13.000000 44.000000 0.000000 0.000000 35.030442
1 1.478364 2.000000 1.236899 0.026378 0.135881 0.005712 181.000000 5.000000 16.000000 159.000000 0.000000 0.000000 60.201607
1 1.550295 2.000000 1.539308 0.001012 0.005309 0.001359 12.000000 5.000000 3.000000 3.000000 0.000000 0.000000 33.142034
1 1.746738 2.000000 1.736336 0.001003 0.004940 0.001545 11.000000 5.000000 0.000000 6.000000 0.000000 0.000000 30.560929
1 1.404094 2.000000 1.394632 0.000927 0.004537 0.001504 12.000000 5.000000 0.000000 6.000000 0.000000 0.000000 31.866817
1 1.358568 2.000000 1.287453 0.007861 0.039830 0.002046 19.000000 5.000000 14.000000 23.000000 0.000000 0.000000 35.344435
1 1.831740 2.000000 1.789774 0.004284 0.022334 0.002610 20.000000 5.000000 14.000000 14.000000 0.000000 0.000000 35.513231
1 2.118952 2.000000 2.091759 0.002409 0.012725 0.003430 26.000000 5.000000 5.000000 38.000000 0.000000 0.000000 38.346064
1 1.606150 2.000000 1.415695 0.021476 0.112584 0.002351 17.000000 5.000000 1.000000 57.000000 0.000000 0.000000 35.119036
1 2.035495 2.000000 1.996323 0.003748 0.020391 0.003815 17.000000 5.000000 0.000000 5.000000 0.000000 0.000000 32.879348
1 3.052622 2.000000 2.927799 0.015365 0.069809 0.004171 14.000000 5.000000 15.000000 6.000000 0.000000 0.000000 40.035414
1 3.131305 2.000000 3.084497 0.004221 0.023497 0.003281 13.000000 5.000000 6.000000 7.000000 0.000000 0.000000 34.645888
1 2.397171 2.000000 2.385079 0.001122 0.005513 0.001642 11.000000 5.000000 0.000000 7.000000 0.000000 0.000000 33.852521
1 2.268240 2.000000 2.165754 0.010942 0.055494 0.003943 30.000000 5.000000 10.000000 45.000000 0.000000 0.000000 36.907239
1 2.994199 2.000000 2.670326 0.035563 0.191752 0.004238 18.000000 5.000000 26.000000 70.000000 0.000000 0.000000 29.697526
1 2.150257 2.000000 2.130537 0.002036 0.010006 0.001978 17.000000 5.000000 3.000000 1.000000 0.000000 0.000000 38.171043
1 1.718833 2.000000 1.569057 0.017930 0.087836 0.002278 17.000000 5.000000 27.000000 48.000000 0.000000 0.000000 39.871594
1 1.736043 2.000000 1.714861 0.001788 0.012536 0.001758 15.000000 5.000000 0.000000 17.000000 0.000000 0.000000 31.833195
1 2.009390 2.000000 1.996088 0.001113 0.005847 0.002737 19.000000 5.000000 0.000000 8.000000 0.000000 0.000000 34.264771
1 1.345734 2.000000 1.256689 0.010137 0.051371 0.001968 17.000000 5.000000 3.000000 33.000000 0.000000 0.000000 31.903373
1 1.936240 2.000000 1.674662 0.028884 0.153332 0.003009 23.000000 5.000000 21.000000 59.000000 0.000000 0.000000 34.884763
1 1.771453 2.000000 1.720507 0.005089 0.027117 0.002166 22.000000 5.000000 10.000000 52.000000 0.000000 0.000000 34.827256
1 1.619900 2.000000 1.611312 0.000694 0.004207 0.001488 18.000000 5.000000 0.000000 6.000000 0.000000 0.000000 28.308926
1 1.600497 2.000000 1.543183 0.005908 0.033686 0.002109 19.000000 5.000000 0.000000 45.000000 0.000000 0.000000 37.451503
1 1.348247 2.000000 1.267271 0.008621 0.043670 0.002060 16.000000 5.000000 3.000000 35.000000 0.000000 0.000000 31.802612
1 1.490175 2.000000 1.396017 0.009707 0.052557 0.003715 38.000000 5.000000 37.000000 112.000000 0.000000 0.000000 32.749228
1 1.433324 2.000000 1.411894 0.002110 0.011183 0.001697 15.000000 5.000000 0.000000 4.000000 0.000000 0.000000 40.066428
1 1.675691 2.000000 1.590446 0.009299 0.047590 0.003632 15.000000 5.000000 28.000000 39.000000 0.000000 0.000000 32.016229
1 4.379113 4.000000 4.039098 0.035047 0.162560 0.040633 52.000000 5.000000 4.000000 81.000000 0.000000 0.000000 37.975353
1 3.333108 4.000000 3.093464 0.026169 0.121524 0.025137 51.000000 5.000000 17.000000 114.000000 0.000000 0.000000 46.190463
1 1.699623 4.000000 1.640180 0.005815 0.026586 0.012116 27.000000 5.000000 4.000000 15.000000 0.000000 0.000000 37.166577
1 2.190357 4.000000 1.983290 0.022096 0.100896 0.023236 50.000000 5.000000 8.000000 50.000000 0.000000 0.000000 56.148501
1 1.840697 4.000000 1.537618 0.031192 0.161716 0.022027 65.000000 5.000000 167.000000 114.000000 0.000000 0.000000 40.657275
1 2.164181 4.000000 2.023417 0.011246 0.060090 0.031458 63.000000 5.000000 17.000000 43.000000 0.000000 0.000000 55.510921
1 2.123071 4.000000 2.045305 0.006770 0.033411 0.019992 45.000000 5.000000 30.000000 23.000000 0.000000 0.000000 38.703132
1 1.451782 4.000000 1.417086 0.003142 0.014309 0.009224 24.000000 5.000000 8.000000 11.000000 0.000000 0.000000 32.340104
1 1.586254 4.000000 1.551285 0.002993 0.014820 0.008833 24.000000 5.000000 0.000000 9.000000 0.000000 0.000000 28.083784
1 1.611281 4.000000 1.554863 0.006253 0.027235 0.007552 22.000000 5.000000 0.000000 46.000000 0.000000 0.000000 35.538529
1 2.572518 4.000000 1.879549 0.073318 0.338809 0.070655 175.000000 5.000000 274.000000 178.000000 0.000000 0.000000 40.863071
1 1.602233 4.000000 1.396499 0.023777 0.097192 0.022749 60.000000 5.000000 41.000000 97.000000 0.000000 0.000000 39.478205
1 1.790858 4.000000 1.612085 0.018932 0.087933 0.018670 52.000000 5.000000 74.000000 79.000000 0.000000 0.000000 33.032349
1 1.989203 4.000000 1.774476 0.022696 0.101420 0.028420 69.000000 5.000000 31.000000 47.000000 0.000000 0.000000 40.837973
1 1.999179 4.000000 1.722782 0.028091 0.135525 0.028064 78.000000 5.000000 59.000000 114.000000 0.000000 0.000000 43.704909
1 1.508966 4.000000 1.441927 0.006951 0.030444 0.010197 33.000000 5.000000 12.000000 40.000000 0.000000 0.000000 32.061509
1 1.505142 4.000000 1.440071 0.006726 0.030200 0.010311 26.000000 5.000000 3.000000 33.000000 0.000000 0.000000 39.670323
1 1.777885 4.000000 1.578191 0.023457 0.099651 0.017997 49.000000 5.000000 20.000000 81.000000 0.000000 0.000000 61.371132
1 1.942636 4.000000 1.796721 0.012477 0.069238 0.026158 73.000000 5.000000 25.000000 80.000000 0.000000 0.000000 34.793164
1 6.558521 4.000000 6.276841 0.020144 0.100841 0.090660 163.000000 5.000000 78.000000 59.000000 0.000000 0.000000 50.660305
1 2.539363 4.000000 2.302839 0.025560 0.110381 0.035505 45.000000 5.000000 22.000000 44.000000 0.000000 0.000000 38.766992
1 3.449072 4.000000 3.387181 0.006118 0.025909 0.012362 28.000000 5.000000 16.000000 14.000000 0.000000 0.000000 30.881982
1 1.858091 4.000000 1.765240 0.009199 0.044492 0.015712 37.000000 5.000000 10.000000 121.000000 0.000000 0.000000 41.260159
1 2.916784 4.000000 1.765829 0.129761 0.598676 0.050568 74.000000 5.000000 174.000000 143.000000 0.000000 0.000000 49.455059
1 3.025705 4.000000 2.935728 0.008773 0.044780 0.013162 29.000000 5.000000 20.000000 39.000000 0.000000 0.000000 33.586562
1 2.959227 4.000000 2.878246 0.005738 0.026865 0.029404 60.000000 5.000000 0.000000 29.000000 0.000000 0.000000 36.727750
1 1.699525 4.000000 1.612657 0.008803 0.040421 0.014278 38.000000 5.000000 15.000000 59.000000 0.000000 0.000000 39.737491
1 2.040391 4.000000 1.825428 0.022254 0.104779 0.026614 68.000000 5.000000 31.000000 142.000000 0.000000 0.000000 42.120231
1 1.759879 4.000000 1.598468 0.018657 0.083579 0.012521 33.000000 5.000000 49.000000 53.000000 0.000000 0.000000 34.921477
1 2.506584 4.000000 2.035249 0.053453 0.232240 0.048960 101.000000 5.000000 152.000000 130.000000 0.000000 0.000000 42.280875
1 2.999356 4.000000 2.788045 0.022282 0.106699 0.025330 30.000000 5.000000 8.000000 45.000000 0.000000 0.000000 41.894120
1 3.505990 4.000000 3.303429 0.021711 0.096571 0.028347 41.000000 5.000000 0.000000 123.000000 0.000000 0.000000 37.968460
1 3.120702 4.000000 2.763698 0.036926 0.179416 0.034208 79.000000 5.000000 67.000000 112.000000 0.000000 0.000000 45.631644
1 2.838555 4.000000 2.688695 0.013064 0.063342 0.033089 65.000000 5.000000 14.000000 65.000000 0.000000 0.000000 47.462307
1 2.216021 4.000000 1.963533 0.029679 0.129814 0.023471 54.000000 5.000000 13.000000 136.000000 0.000000 0.000000 41.836795
1 2.472514 4.000000 2.303834 0.014812 0.078175 0.030368 58.000000 5.000000 13.000000 60.000000 0.000000 0.000000 34.667576
1 3.376071 4.000000 3.274286 0.007008 0.035713 0.035587 83.000000 5.000000 1.000000 61.000000 0.000000 0.000000 37.416933
1 1.658184 4.000000 1.540879 0.012671 0.054346 0.017563 46.000000 5.000000 29.000000 46.000000 0.000000 0.000000 43.652586
1 1.834358 4.000000 1.803928 0.002176 0.010521 0.011379 28.000000 5.000000 0.000000 5.000000 0.000000 0.000000 30.687052
1 2.149107 4.000000 1.922764 0.019775 0.106665 0.033411 83.000000 5.000000 62.000000 101.000000 0.000000 0.000000 37.241392
1 1.485400 4.000000 1.443759 0.004040 0.017033 0.009725 29.000000 5.000000 1.000000 12.000000 0.000000 0.000000 38.126748
1 1.903657 4.000000 1.746792 0.014585 0.070721 0.028874 64.000000 5.000000 42.000000 48.000000 0.000000 0.000000 40.964122
1 2.177119 4.000000 2.098935 0.006215 0.030738 0.021736 57.000000 5.000000 19.000000 27.000000 0.000000 0.000000 35.304476
1 2.869454 4.000000 2.212127 0.076163 0.338903 0.040618 58.000000 5.000000 43.000000 143.000000 0.000000 0.000000 44.040756
1 2.756709 4.000000 2.662854 0.009023 0.047778 0.012423 27.000000 5.000000 17.000000 34.000000 0.000000 0.000000 36.969811
1 2.206666 4.000000 2.165127 0.003453 0.014569 0.014174 34.000000 5.000000 0.000000 9.000000 0.000000 0.000000 34.312449
1 3.014674 4.000000 2.835031 0.017696 0.084128 0.030156 42.000000 5.000000 12.000000 47.000000 0.000000 0.000000 41.357702
1 2.830034 4.000000 2.639984 0.020672 0.090462 0.019799 43.000000 5.000000 9.000000 45.000000 0.000000 0.000000 33.963641
1 1.763867 4.000000 1.728624 0.003000 0.013355 0.010663 27.000000 5.000000 8.000000 6.000000 0.000000 0.000000 34.425033
1 1.805256 4.000000 1.697701 0.011094 0.054737 0.011709 32.000000 5.000000 6.000000 103.000000 0.000000 0.000000 32.887741
1 1.954315 4.000000 1.781894 0.014654 0.086328 0.023541 62.000000 5.000000 17.000000 152.000000 0.000000 0.000000 40.573505
1 1.606796 4.000000 1.521728 0.008120 0.039365 0.015039 42.000000 5.000000 4.000000 65.000000 0.000000 0.000000 45.645208
1 2.063611 4.000000 1.763503 0.035210 0.138839 0.038990 106.000000 5.000000 23.000000 149.000000 0.000000 0.000000 54.788169
1 1.820256 4.000000 1.764450 0.005364 0.023171 0.012998 32.000000 5.000000 5.000000 3.000000 0.000000 0.000000 40.516077
1 3.077714 4.000000 2.987529 0.006347 0.033179 0.028959 63.000000 5.000000 16.000000 35.000000 0.000000 0.000000 37.410706
1 2.537469 4.000000 2.172072 0.039962 0.189766 0.034061 49.000000 5.000000 28.000000 99.000000 0.000000 0.000000 41.075016
1 10.366208 4.000000 10.263246 0.006948 0.036941 0.036775 64.000000 5.000000 4.000000 34.000000 0.000000 0.000000 33.205372
1 2.059124 4.000000 1.749479 0.036427 0.157621 0.023923 65.000000 5.000000 147.000000 88.000000 0.000000 0.000000 46.726100
1 1.831807 4.000000 1.695143 0.013294 0.066136 0.020018 61.000000 5.000000 63.000000 78.000000 0.000000 0.000000 34.204400
1 1.455085 4.000000 1.237972 0.023399 0.109471 0.019121 58.000000 5.000000 83.000000 58.000000 0.000000 0.000000 36.424643
1 2.372570 6.000000 1.540823 0.091950 0.404123 0.103554 163.000000 5.000000 78.000000 273.000000 0.000000 0.000000 57.640322
1 3.864146 6.000000 3.331284 0.049686 0.239541 0.118216 86.000000 5.000000 21.000000 84.000000 0.000000 0.000000 51.827228
1 3.830484 6.000000 2.939088 0.063764 0.335576 0.278485 284.000000 5.000000 33.000000 201.000000 0.000000 0.000000 77.587020
1 2.078131 6.000000 1.881969 0.016867 0.078547 0.050505 81.000000 5.000000 0.000000 62.000000 0.000000 0.000000 51.600583
1 2.119339 6.000000 1.798518 0.031344 0.147076 0.053102 83.000000 5.000000 37.000000 110.000000 0.000000 0.000000 42.435279
1 1.810708 6.000000 1.687413 0.011365 0.051473 0.027789 42.000000 5.000000 0.000000 18.000000 0.000000 0.000000 42.089291
1 3.294769 6.000000 1.686559 0.137731 0.737383 0.298080 438.000000 5.000000 355.000000 547.000000 0.000000 0.000000 70.800757
1 2.074587 6.000000 1.532050 0.058460 0.257045 0.078132 120.000000 5.000000 4.000000 225.000000 0.000000 0.000000 52.761823
1 3.996351 6.000000 1.538556 0.291746 1.256196 0.166673 210.000000 5.000000 196.000000 548.000000 0.000000 0.000000 53.942908
1 2.781226 6.000000 2.507922 0.027713 0.131099 0.043931 57.000000 5.000000 43.000000 94.000000 0.000000 0.000000 39.297627
0 76.756157 6.000000 1.752068 15.619832 18.082101 0.110488 168.000000 5.000000 216.000000 1551691.000000 0.000000 0.000000 -1.000000
1 2.077421 6.000000 1.736489 0.029046 0.153849 0.075534 120.000000 5.000000 8.000000 129.000000 0.000000 0.000000 55.723023
1 2.178853 6.000000 1.961148 0.013806 0.069057 0.092089 117.000000 5.000000 2.000000 50.000000 0.000000 0.000000 47.550957
1 1.995941 6.000000 1.695634 0.025975 0.123852 0.072922 112.000000 5.000000 25.000000 167.000000 0.000000 0.000000 47.907971
1 1.754865 6.000000 1.483660 0.024685 0.121744 0.053742 86.000000 5.000000 40.000000 126.000000 0.000000 0.000000 51.441602
1 1.965757 6.000000 1.741641 0.018461 0.092930 0.057342 92.000000 5.000000 3.000000 66.000000 0.000000 0.000000 53.573416
1 1.720224 6.000000 1.510781 0.021210 0.099862 0.035392 65.000000 5.000000 32.000000 76.000000 0.000000 0.000000 41.041469
1 1.890814 6.000000 1.590006 0.030985 0.137827 0.055449 84.000000 5.000000 52.000000 113.000000 0.000000 0.000000 41.107193
1 3.684265 6.000000 2.276683 0.153750 0.683804 0.147205 119.000000 5.000000 13.000000 236.000000 0.000000 0.000000 43.994642
1 2.750430 6.000000 2.581004 0.015345 0.073375 0.039061 52.000000 5.000000 10.000000 82.000000 0.000000 0.000000 45.359268
1 1.919290 6.000000 1.454524 0.050988 0.224173 0.062649 104.000000 5.000000 29.000000 100.000000 0.000000 0.000000 58.134020
1 1.669858 6.000000 1.478798 0.018968 0.096563 0.024281 47.000000 5.000000 38.000000 100.000000 0.000000 0.000000 38.334985
1 2.440949 6.000000 2.041036 0.032068 0.154024 0.116731 156.000000 5.000000 59.000000 108.000000 0.000000 0.000000 59.154945
1 1.766366 6.000000 1.505719 0.025766 0.118166 0.047766 84.000000 5.000000 12.000000 98.000000 0.000000 0.000000 57.221457
1 1.838302 6.000000 1.519127 0.031561 0.150840 0.056028 93.000000 5.000000 84.000000 108.000000 0.000000 0.000000 48.693394
1 2.867458 6.000000 1.804438 0.111124 0.504442 0.137601 196.000000 5.000000 127.000000 324.000000 0.000000 0.000000 57.432784
1 1.996988 6.000000 1.758722 0.018590 0.092829 0.071980 105.000000 5.000000 5.000000 57.000000 0.000000 0.000000 57.554616
1 2.361137 6.000000 2.182623 0.009644 0.055420 0.080307 104.000000 5.000000 4.000000 30.000000 0.000000 0.000000 54.421695
1 2.451989 6.000000 1.549120 0.102330 0.450627 0.060651 103.000000 5.000000 115.000000 185.000000 0.000000 0.000000 43.033319
1 3.317720 6.000000 2.897008 0.033147 0.194371 0.096071 74.000000 5.000000 0.000000 71.000000 0.000000 0.000000 48.289213
1 3.113657 6.000000 2.448596 0.076165 0.318986 0.074514 110.000000 5.000000 41.000000 189.000000 0.000000 0.000000 59.022524
1 2.218760 6.000000 1.727886 0.055112 0.240449 0.053947 87.000000 5.000000 29.000000 160.000000 0.000000 0.000000 43.060464
0 76.591984 6.000000 1.534395 0.677539 2.345238 0.042016 70.000000 5.000000 10.000000 33157.000000 0.000000 0.000000 -1.000000
1 3.312601 6.000000 1.757993 0.168996 0.773310 0.153607 210.000000 5.000000 232.000000 415.000000 0.000000 0.000000 63.229751
1 6.825057 6.000000 4.875768 0.154066 0.737973 0.591320 346.000000 5.000000 26.000000 248.000000 0.000000 0.000000 58.520722
1 3.748067 6.000000 2.468687 0.139490 0.649559 0.106358 157.000000 5.000000 256.000000 313.000000 0.000000 0.000000 50.744126
1 1.922559 6.000000 1.741213 0.016491 0.075859 0.044929 74.000000 5.000000 42.000000 68.000000 0.000000 0.000000 42.913505
1 2.149365 6.000000 1.815788 0.029413 0.146756 0.075265 114.000000 5.000000 25.000000 77.000000 0.000000 0.000000 41.397479
1 2.835802 6.000000 1.871395 0.088648 0.441407 0.163532 210.000000 5.000000 160.000000 280.000000 0.000000 0.000000 57.195141
1 3.612987 6.000000 1.744778 0.208829 0.932201 0.136514 189.000000 5.000000 117.000000 403.000000 0.000000 0.000000 42.709963
1 2.322490 6.000000 1.835569 0.046217 0.212199 0.093467 143.000000 5.000000 17.000000 189.000000 0.000000 0.000000 54.486331
1 2.145710 6.000000 1.952595 0.016732 0.082900 0.046765 61.000000 5.000000 9.000000 55.000000 0.000000 0.000000 47.134312
0 77.092483 6.000000 2.031265 0.736875 3.218715 0.136415 180.000000 5.000000 211.000000 37451.000000 0.000000 0.000000 -1.000000
1 2.454668 6.000000 2.043332 0.042801 0.187321 0.065314 94.000000 5.000000 50.000000 135.000000 0.000000 0.000000 44.054799
1 5.201943 6.000000 3.612884 0.159910 0.735096 0.269532 170.000000 5.000000 76.000000 178.000000 0.000000 0.000000 69.311408
1 4.295456 6.000000 3.549821 0.064643 0.332101 0.156353 190.000000 5.000000 88.000000 255.000000 0.000000 0.000000 61.901602
1 2.555439 6.000000 2.045757 0.047331 0.233525 0.095693 131.000000 5.000000 17.000000 177.000000 0.000000 0.000000 48.234526
1 1.426879 6.000000 1.323057 0.008488 0.043484 0.029330 50.000000 5.000000 36.000000 20.000000 0.000000 0.000000 42.538903
1 2.340278 6.000000 2.077221 0.017066 0.093151 0.097278 133.000000 5.000000 13.000000 150.000000 0.000000 0.000000 42.712136
1 1.974046 6.000000 1.670194 0.033749 0.151061 0.038686 56.000000 5.000000 10.000000 154.000000 0.000000 0.000000 48.976454
1 1.881817 6.000000 1.728705 0.014076 0.068951 0.033969 55.000000 5.000000 31.000000 77.000000 0.000000 0.000000 39.830371
1 3.854293 6.000000 3.292732 0.043743 0.225184 0.168642 106.000000 5.000000 16.000000 112.000000 0.000000 0.000000 47.723378
1 4.082805 6.000000 3.272248 0.086573 0.394438 0.097949 85.000000 5.000000 72.000000 150.000000 0.000000 0.000000 54.108128
1 2.924747 6.000000 2.479855 0.037852 0.187451 0.107357 129.000000 5.000000 33.000000 113.000000 0.000000 0.000000 52.759359
1 2.249756 6.000000 1.774239 0.053847 0.236514 0.049258 61.000000 5.000000 7.000000 160.000000 0.000000 0.000000 40.102874
1 5.546297 6.000000 3.063923 0.271873 1.265365 0.223930 240.000000 5.000000 446.000000 640.000000 0.000000 0.000000 69.893730
1 2.415375 6.000000 1.744590 0.073812 0.339265 0.051873 82.000000 5.000000 42.000000 167.000000 0.000000 0.000000 39.879838
1 1.953036 8.000000 1.610667 0.031237 0.163716 0.061235 80.000000 5.000000 2.000000 93.000000 0.000000 0.000000 47.090600
0 76.587854 8.000000 1.558761 4.698985 17.190888 0.191995 216.000000 5.000000 67.000000 306063.000000 0.000000 0.000000 -1.000000
1 2.051286 8.000000 1.502909 0.051314 0.267203 0.080302 98.000000 5.000000 88.000000 214.000000 0.000000 0.000000 44.456690
1 2.998799 8.000000 2.060390 0.068522 0.398933 0.259950 260.000000 5.000000 80.000000 414.000000 0.000000 0.000000 54.334965
1 6.389093 8.000000 3.015957 0.379113 1.764174 0.200446 163.000000 5.000000 143.000000 411.000000 0.000000 0.000000 39.884314
1 2.470889 8.000000 2.021995 0.036775 0.189802 0.115451 122.000000 5.000000 12.000000 86.000000 0.000000 0.000000 49.976913
1 3.503218 8.000000 2.033911 0.100646 0.584298 0.475158 389.000000 5.000000 83.000000 577.000000 0.000000 0.000000 53.612124
1 4.661182 8.000000 1.760511 0.291312 1.539834 0.210546 233.000000 5.000000 193.000000 1102.000000 0.000000 0.000000 42.713794
1 3.240768 8.000000 2.301906 0.052489 0.292590 0.411568 312.000000 5.000000 25.000000 244.000000 0.000000 0.000000 55.262927
1 5.585973 8.000000 2.550681 0.191046 1.040114 1.164937 521.000000 5.000000 79.000000 357.000000 0.000000 0.000000 59.725861
1 4.067867 8.000000 3.383859 0.064128 0.326332 0.119972 76.000000 5.000000 0.000000 168.000000 0.000000 0.000000 42.233217
1 5.333311 8.000000 3.361512 0.148700 0.853902 0.518829 435.000000 5.000000 55.000000 788.000000 0.000000 0.000000 65.743412
1 2.294340 8.000000 1.955299 0.025192 0.135470 0.102406 106.000000 5.000000 69.000000 104.000000 0.000000 0.000000 41.666555
1 2.188932 8.000000 1.815670 0.029296 0.152813 0.104259 103.000000 5.000000 1.000000 106.000000 0.000000 0.000000 49.791567
1 2.947569 8.000000 1.764000 0.117791 0.605576 0.140295 151.000000 5.000000 95.000000 393.000000 0.000000 0.000000 46.219872
1 5.143740 8.000000 2.871086 0.182883 1.093555 0.470140 214.000000 5.000000 61.000000 376.000000 0.000000 0.000000 55.644004
1 5.182915 8.000000 4.313453 0.048761 0.289563 0.365444 223.000000 5.000000 49.000000 155.000000 0.000000 0.000000 53.878698
1 2.394908 8.000000 1.774081 0.060363 0.293849 0.103606 113.000000 5.000000 9.000000 377.000000 0.000000 0.000000 52.872725
1 2.036598 8.000000 1.606559 0.035496 0.198290 0.094292 119.000000 5.000000 27.000000 131.000000 0.000000 0.000000 49.467878
1 2.492765 8.000000 2.074379 0.023926 0.129828 0.186093 167.000000 5.000000 5.000000 100.000000 0.000000 0.000000 44.282546
1 3.321972 8.000000 2.289269 0.080707 0.425639 0.290948 249.000000 5.000000 71.000000 349.000000 0.000000 0.000000 50.074452
1 2.310128 8.000000 1.939606 0.030130 0.163969 0.089034 103.000000 5.000000 51.000000 79.000000 0.000000 0.000000 53.068266
1 3.268926 8.000000 1.806720 0.127888 0.678358 0.291047 267.000000 5.000000 53.000000 516.000000 0.000000 0.000000 47.288165
1 2.128155 8.000000 1.741868 0.031929 0.182117 0.085243 90.000000 5.000000 19.000000 94.000000 0.000000 0.000000 51.120966
1 5.921525 8.000000 3.947041 0.137446 0.746854 0.671884 289.000000 5.000000 55.000000 231.000000 0.000000 0.000000 55.991258
1 5.982351 8.000000 3.951069 0.126890 0.757894 0.734419 469.000000 5.000000 25.000000 408.000000 0.000000 0.000000 66.369191
1 2.831212 8.000000 2.186505 0.047880 0.264947 0.187016 173.000000 5.000000 39.000000 319.000000 0.000000 0.000000 43.084095
1 1.805497 8.000000 1.526530 0.024390 0.126195 0.057371 73.000000 5.000000 17.000000 74.000000 0.000000 0.000000 43.936248
1 3.195603 8.000000 1.730920 0.154219 0.739466 0.175013 182.000000 5.000000 98.000000 343.000000 0.000000 0.000000 56.845307
1 3.425004 8.000000 2.182542 0.090784 0.482750 0.399894 371.000000 5.000000 71.000000 325.000000 0.000000 0.000000 60.508722
1 2.413074 8.000000 1.549626 0.084688 0.415444 0.140015 158.000000 5.000000 132.000000 229.000000 0.000000 0.000000 43.575247
1 2.773098 8.000000 1.733475 0.096913 0.498710 0.186397 208.000000 5.000000 70.000000 488.000000 0.000000 0.000000 43.075560
1 7.679036 8.000000 1.624092 0.635306 3.199593 0.411641 459.000000 5.000000 463.000000 1705.000000 0.000000 0.000000 46.636892
0 77.084511 8.000000 1.913607 0.764312 3.347819 0.106550 120.000000 5.000000 6.000000 40682.000000 0.000000 0.000000 -1.000000
1 2.701821 8.000000 1.987122 0.057083 0.303768 0.178505 184.000000 5.000000 15.000000 248.000000 0.000000 0.000000 51.348475
1 1.797205 8.000000 1.505614 0.027308 0.132222 0.060293 79.000000 5.000000 61.000000 100.000000 0.000000 0.000000 46.717274
1 3.229841 8.000000 1.541888 0.173506 0.876874 0.156357 195.000000 5.000000 63.000000 488.000000 0.000000 0.000000 58.701077
1 3.517054 8.000000 3.144807 0.034742 0.167111 0.078705 53.000000 5.000000 15.000000 76.000000 0.000000 0.000000 38.179977
1 3.780151 8.000000 2.566704 0.075137 0.434965 0.456012 279.000000 5.000000 12.000000 302.000000 0.000000 0.000000 64.549908
1 2.578337 8.000000 1.614727 0.095936 0.490233 0.093225 116.000000 5.000000 44.000000 390.000000 0.000000 0.000000 41.589130
1 2.085745 8.000000 1.826104 0.016487 0.098240 0.094960 89.000000 5.000000 27.000000 36.000000 0.000000 0.000000 40.626596
1 2.042677 8.000000 1.510508 0.050333 0.257983 0.090997 110.000000 5.000000 79.000000 183.000000 0.000000 0.000000 48.533864
1 5.811276 8.000000 1.808903 0.393585 2.017400 0.447384 406.000000 5.000000 132.000000 929.000000 0.000000 0.000000 63.742036
1 2.960331 8.000000 2.722771 0.017541 0.094078 0.077534 83.000000 5.000000 12.000000 42.000000 0.000000 0.000000 47.119242
1 2.914450 8.000000 1.771033 0.111649 0.570179 0.142687 155.000000 5.000000 69.000000 351.000000 0.000000 0.000000 40.601096
1 2.230901 8.000000 1.810473 0.031374 0.177762 0.117057 126.000000 5.000000 21.000000 132.000000 0.000000 0.000000 52.474863
1 2.580854 8.000000 1.596106 0.094867 0.497419 0.137859 146.000000 5.000000 67.000000 261.000000 0.000000 0.000000 42.433540
1 2.202630 8.000000 1.740939 0.038347 0.216079 0.097622 114.000000 5.000000 35.000000 209.000000 0.000000 0.000000 41.576316
1 5.900567 8.000000 3.864899 0.175969 0.948903 0.412707 197.000000 5.000000 198.000000 261.000000 0.000000 0.000000 55.988129
1 5.392317 8.000000 3.254398 0.181238 1.042218 0.342936 277.000000 5.000000 88.000000 466.000000 0.000000 0.000000 52.896190
1 2.430901 8.000000 1.689192 0.075448 0.373576 0.102626 128.000000 5.000000 117.000000 247.000000 0.000000 0.000000 44.815532
1 2.752568 8.000000 1.847111 0.081171 0.410019 0.178832 198.000000 5.000000 37.000000 335.000000 0.000000 0.000000 48.253209
1 6.267122 8.000000 1.755310 0.487609 2.345693 0.414404 352.000000 5.000000 225.000000 780.000000 0.000000 0.000000 42.982840
1 5.241127 8.000000 3.267831 0.179336 0.968072 0.303278 190.000000 5.000000 151.000000 474.000000 0.000000 0.000000 44.662285
1 3.226575 8.000000 2.268018 0.083133 0.452265 0.184954 168.000000 5.000000 24.000000 247.000000 0.000000 0.000000 50.646258
1 2.389233 8.000000 1.936223 0.039003 0.209714 0.094883 119.000000 5.000000 11.000000 220.000000 0.000000 0.000000 37.692997
1 2.270608 8.000000 1.820678 0.038910 0.208059 0.094317 111.000000 5.000000 21.000000 183.000000 0.000000 0.000000 46.782305
1 3.922587 8.000000 1.992052 0.191679 0.996614 0.240966 228.000000 5.000000 49.000000 494.000000 0.000000 0.000000 56.771468
1 2.909237 8.000000 1.882745 0.090080 0.485723 0.194077 212.000000 5.000000 61.000000 273.000000 0.000000 0.000000 67.438899
1 4.153587 10.000000 1.554648 0.255844 1.367402 0.262552 239.000000 5.000000 43.000000 786.000000 0.000000 0.000000 44.638269
1 3.933542 10.000000 2.711288 0.083638 0.490253 0.387151 149.000000 5.000000 37.000000 148.000000 0.000000 0.000000 42.887150
0 78.862092 10.000000 3.854153 7.513652 27.250224 0.672840 434.000000 5.000000 95.000000 412241.000000 0.000000 0.000000 -1.000000
1 3.242727 10.000000 2.357059 0.059696 0.339083 0.305510 214.000000 5.000000 5.000000 233.000000 0.000000 0.000000 50.449998
1 5.977247 10.000000 1.798374 0.423762 2.235192 0.286655 286.000000 5.000000 87.000000 1335.000000 0.000000 0.000000 44.386726
1 5.353994 10.000000 2.541394 0.221656 1.285513 0.631585 403.000000 5.000000 103.000000 692.000000 0.000000 0.000000 68.300512
1 6.482376 10.000000 1.755022 0.415082 2.371199 0.520228 502.000000 5.000000 104.000000 1375.000000 0.000000 0.000000 43.657837
1 8.631588 10.000000 1.781707 0.648757 3.485200 0.793463 764.000000 5.000000 144.000000 1942.000000 0.000000 0.000000 54.742006
1 3.696839 10.000000 1.768091 0.179603 1.021350 0.212623 216.000000 5.000000 39.000000 539.000000 0.000000 0.000000 46.946525
1 2.182577 10.000000 1.550687 0.053458 0.304518 0.117496 111.000000 5.000000 12.000000 277.000000 0.000000 0.000000 43.026253
1 2.340112 10.000000 1.863865 0.039741 0.204418 0.125026 120.000000 5.000000 30.000000 155.000000 0.000000 0.000000 38.787619
1 7.104116 10.000000 1.560994 0.526305 2.975745 0.553334 342.000000 5.000000 230.000000 1077.000000 0.000000 0.000000 44.661828
1 3.538409 10.000000 2.096458 0.123509 0.700835 0.244349 218.000000 5.000000 71.000000 543.000000 0.000000 0.000000 44.175647
1 2.354313 10.000000 1.830610 0.041758 0.232376 0.123637 122.000000 5.000000 21.000000 159.000000 0.000000 0.000000 48.540602
1 5.744569 10.000000 2.861846 0.277088 1.455604 0.268942 221.000000 5.000000 378.000000 2060.000000 0.000000 0.000000 40.800362
1 3.447934 10.000000 1.624189 0.175605 0.939029 0.236802 248.000000 5.000000 213.000000 660.000000 0.000000 0.000000 42.041220
1 2.578000 10.000000 1.600488 0.100920 0.510157 0.107285 104.000000 5.000000 13.000000 412.000000 0.000000 0.000000 41.781531
1 10.934161 10.000000 1.804586 0.917773 5.044123 0.487516 299.000000 5.000000 53.000000 1182.000000 0.000000 0.000000 49.539280
1 4.370394 10.000000 2.154374 0.206402 1.133914 0.328718 296.000000 5.000000 49.000000 714.000000 0.000000 0.000000 62.984478
1 13.525715 10.000000 2.064537 0.927688 5.597115 1.882610 1383.000000 5.000000 173.000000 5056.000000 0.000000 0.000000 87.293659
1 2.474994 10.000000 1.818245 0.057582 0.304167 0.137551 131.000000 5.000000 22.000000 166.000000 0.000000 0.000000 44.987943
1 4.844132 10.000000 2.811598 0.175683 0.933363 0.433667 189.000000 5.000000 137.000000 205.000000 0.000000 0.000000 42.593173
1 6.656276 10.000000 3.083140 0.340866 1.776578 0.482127 352.000000 5.000000 66.000000 1736.000000 0.000000 0.000000 46.197007
1 2.656816 10.000000 1.977011 0.053688 0.314011 0.146180 136.000000 5.000000 64.000000 202.000000 0.000000 0.000000 44.412791
1 6.243722 10.000000 1.799570 0.385867 2.255685 0.571097 570.000000 5.000000 101.000000 1495.000000 0.000000 0.000000 51.968000
1 2.227446 10.000000 1.861684 0.027362 0.150502 0.107091 103.000000 5.000000 15.000000 109.000000 0.000000 0.000000 39.895931
1 3.937151 10.000000 2.205818 0.131359 0.713735 0.518410 213.000000 5.000000 65.000000 230.000000 0.000000 0.000000 44.550276
1 4.877885 10.000000 3.148399 0.143545 0.777682 0.412426 306.000000 5.000000 75.000000 593.000000 0.000000 0.000000 53.406192
1 3.335643 10.000000 2.042361 0.113129 0.601930 0.251482 221.000000 5.000000 83.000000 487.000000 0.000000 0.000000 46.266815
1 5.627826 10.000000 1.623439 0.419446 2.096882 0.343543 371.000000 5.000000 225.000000 872.000000 0.000000 0.000000 38.292738
1 8.106998 10.000000 1.581207 0.650587 3.527565 0.542506 407.000000 5.000000 149.000000 1478.000000 0.000000 0.000000 40.583993
1 6.553649 10.000000 5.126454 0.060095 0.359050 0.801876 410.000000 5.000000 30.000000 340.000000 0.000000 0.000000 48.342537
1 4.645546 10.000000 1.919662 0.243822 1.312956 0.494670 333.000000 5.000000 171.000000 939.000000 0.000000 0.000000 44.238885
1 6.057575 10.000000 1.868462 0.383795 2.074229 0.628073 376.000000 5.000000 132.000000 747.000000 0.000000 0.000000 51.984764
0 77.279139 10.000000 2.271789 9.553498 32.325558 0.549300 524.000000 5.000000 83.000000 532165.000000 0.000000 0.000000 -1.000000
0 76.975013 10.000000 1.773700 1.483458 8.724585 0.517885 345.000000 5.000000 38.000000 49556.000000 0.000000 0.000000 -1.000000
1 9.077426 10.000000 2.074654 0.600278 3.461342 1.223597 510.000000 5.000000 298.000000 1091.000000 0.000000 0.000000 51.548345
1 13.422955 10.000000 3.239369 0.692295 4.209690 2.911724 1474.000000 5.000000 279.000000 2441.000000 0.000000 0.000000 74.163832
1 12.540718 10.000000 3.080977 0.950860 5.038992 0.910424 761.000000 5.000000 550.000000 2763.000000 0.000000 0.000000 43.330291
1 2.274527 10.000000 1.716951 0.042435 0.245553 0.141844 139.000000 5.000000 40.000000 186.000000 0.000000 0.000000 43.989667
1 4.279310 10.000000 1.807708 0.228391 1.201543 0.447229 288.000000 5.000000 188.000000 916.000000 0.000000 0.000000 47.247360
1 5.698361 10.000000 3.122161 0.218313 1.209258 0.505265 275.000000 5.000000 76.000000 673.000000 0.000000 0.000000 42.922662
1 4.145859 10.000000 2.089365 0.175237 0.981961 0.386329 330.000000 5.000000 74.000000 587.000000 0.000000 0.000000 58.072085
1 2.544419 10.000000 1.567198 0.094833 0.486289 0.136810 140.000000 5.000000 30.000000 244.000000 0.000000 0.000000 46.560367
1 3.793905 10.000000 1.751609 0.195275 1.071234 0.217499 196.000000 5.000000 90.000000 463.000000 0.000000 0.000000 39.675922
1 5.852397 10.000000 1.848693 0.368090 2.026679 0.484761 446.000000 5.000000 119.000000 1154.000000 0.000000 0.000000 59.938931
1 3.504887 10.000000 1.757040 0.160102 0.859019 0.258292 254.000000 5.000000 188.000000 585.000000 0.000000 0.000000 41.276773
1 3.270974 10.000000 1.866809 0.117466 0.674740 0.285372 257.000000 5.000000 148.000000 655.000000 0.000000 0.000000 40.038298
1 3.009268 10.000000 2.333870 0.042673 0.254852 0.251082 181.000000 5.000000 45.000000 184.000000 0.000000 0.000000 41.498239
1 14.771748 10.000000 1.621231 1.463410 7.163018 0.683139 675.000000 5.000000 211.000000 2802.000000 0.000000 0.000000 43.471965
1 3.748709 10.000000 1.839014 0.175563 0.981731 0.266893 120.000000 5.000000 34.000000 313.000000 0.000000 0.000000 43.553044
1 9.365191 10.000000 3.337584 0.607757 3.146400 0.618279 389.000000 5.000000 60.000000 779.000000 0.000000 0.000000 41.717275
1 4.230544 10.000000 1.884264 0.204070 1.163924 0.371406 326.000000 5.000000 119.000000 775.000000 0.000000 0.000000 45.859561
1 4.520194 10.000000 2.009539 0.224269 1.224985 0.420450 347.000000 5.000000 58.000000 1348.000000 0.000000 0.000000 45.992951
1 3.845478 10.000000 1.531503 0.227717 1.166406 0.324058 339.000000 5.000000 88.000000 881.000000 0.000000 0.000000 47.881217
1 2.131261 10.000000 1.747106 0.030510 0.164142 0.105294 101.000000 5.000000 5.000000 109.000000 0.000000 0.000000 43.010153
