1 2.877754 1.000000 0.000000 0.765635 0.394727 0.000000 0.000000 0.000000 0.000000 13920.000000 -1.000000 1.000000 40.6825521
1 3.479968 1.000000 0.000000 0.797007 0.354140 0.000000 0.000000 0.000000 0.000000 16523.000000 -1.000000 1.000000 43.824728
1 0.730544 1.000000 0.000000 0.519369 0.099836 -1.000000 -1.000000 -1.000000 0.000000 7709.000000 0.000000 1.000000 37.518565
1 0.175746 1.000000 0.000000 0.207505 0.021460 -1.000000 -1.000000 -1.000000 0.000000 2829.000000 0.000000 1.000000 28.167500
1 1.038320 1.000000 0.000000 0.705607 0.160845 -1.000000 -1.000000 -1.000000 0.000000 12328.000000 0.000000 1.000000 27.141193
1 3.735621 1.000000 0.000000 0.869901 0.424790 0.000000 0.000000 0.000000 0.000000 17725.000000 -1.000000 1.000000 50.335388
1 0.149274 1.000000 0.000000 0.066859 0.029914 0.000000 0.000000 0.000000 0.000000 1577.000000 -1.000000 1.000000 43.259894
1 1.137815 1.000000 0.000000 0.356318 0.177149 0.000000 0.000000 0.000000 0.000000 6585.000000 -1.000000 1.000000 40.198031
1 1.169640 1.000000 0.000000 0.340515 0.140823 0.000000 0.000000 0.000000 0.000000 7676.000000 -1.000000 1.000000 43.050509
1 2.877754 1.000000 0.000000 0.765635 0.394727 0.000000 0.000000 0.000000 0.000000 13920.000000 -1.000000 1.000000 40.6825521
1 3.735621 1.000000 0.000000 0.869901 0.424790 0.000000 0.000000 0.000000 0.000000 17725.000000 -1.000000 1.000000 50.335388
1 0.169803 1.000000 0.000000 0.186679 0.031987 -1.000000 -1.000000 -1.000000 0.000000 3361.000000 0.000000 1.000000 26.093228
1 0.149274 1.000000 0.000000 0.066859 0.029914 0.000000 0.000000 0.000000 0.000000 1577.000000 -1.000000 1.000000 43.259894
1 1.137815 1.000000 0.000000 0.356318 0.177149 0.000000 0.000000 0.000000 0.000000 6585.000000 -1.000000 1.000000 40.198031
1 1.169640 1.000000 0.000000 0.340515 0.140823 0.000000 0.000000 0.000000 0.000000 7676.000000 -1.000000 1.000000 43.050509
1 2.877754 1.000000 0.000000 0.765635 0.394727 0.000000 0.000000 0.000000 0.000000 13920.000000 -1.000000 1.000000 40.682552
1 3.479968 1.000000 0.000000 0.797007 0.354140 0.000000 0.000000 0.000000 0.000000 16523.000000 -1.000000 1.000000 43.824728
1 0.102923 1.000000 0.000000 0.122980 0.018214 -1.000000 -1.000000 -1.000000 0.000000 1192.000000 0.000000 1.000000 32.539496
1 27.606012 1.000000 0.000000 4.481970 0.641639 -1.000000 -1.000000 -1.000000 0.000000 57215.000000 0.000000 1.000000 26.014575
1 0.114642 1.000000 0.000000 0.147018 0.020657 -1.000000 -1.000000 -1.000000 0.000000 1699.000000 0.000000 1.000000 18.718993
1 0.011137 1.000000 0.000000 0.014484 0.002448 -1.000000 -1.000000 -1.000000 0.000000 31.000000 0.000000 1.000000 15.319737
1 2.877754 1.000000 0.000000 0.765635 0.394727 0.000000 0.000000 0.000000 0.000000 13920.000000 -1.000000 1.000000 40.6825521
1 2.001747 1.000000 0.000000 0.481631 0.197439 0.000000 0.000000 0.000000 0.000000 18239.000000 -1.000000 1.000000 39.338845
1 0.016662 1.000000 0.000000 0.022024 0.003360 -1.000000 -1.000000 -1.000000 0.000000 81.000000 0.000000 1.000000 15.735553
1 0.022624 1.000000 0.000000 0.029631 0.004485 -1.000000 -1.000000 -1.000000 0.000000 65.000000 0.000000 1.000000 11.847476
1 0.001297 1.000000 0.000000 0.001693 0.000242 -1.000000 -1.000000 -1.000000 0.000000 0.000000 0.000000 1.000000 8.328471
1 27.551693 1.000000 0.000000 12.329246 1.971925 -1.000000 -1.000000 -1.000000 0.000000 184751.000000 0.000000 1.000000 39.187841
1 0.002157 1.000000 0.000000 0.002821 0.000433 -1.000000 -1.000000 -1.000000 0.000000 3.000000 0.000000 1.000000 7.455025
1 0.666253 1.000000 0.000000 0.633378 0.116070 -1.000000 -1.000000 -1.000000 0.000000 9136.000000 0.000000 1.000000 13.152707
1 0.028788 1.000000 0.000000 0.036530 0.005628 -1.000000 -1.000000 -1.000000 0.000000 98.000000 0.000000 1.000000 15.939742
1 3.735621 1.000000 0.000000 0.869901 0.424790 0.000000 0.000000 0.000000 0.000000 17725.000000 -1.000000 1.000000 50.335388
1 1.270354 1.000000 0.000000 0.986106 0.130584 -1.000000 -1.000000 -1.000000 0.000000 11034.000000 0.000000 1.000000 24.964796
1 2.451766 1.000000 0.000000 0.625241 0.290858 0.000000 0.000000 0.000000 0.000000 18906.000000 -1.000000 1.000000 43.046384
1 2.877754 1.000000 0.000000 0.765635 0.394727 0.000000 0.000000 0.000000 0.000000 13920.000000 -1.000000 1.000000 40.682552
1 0.234879 1.000000 0.000000 0.246905 0.041025 -1.000000 -1.000000 -1.000000 0.000000 2817.000000 0.000000 1.000000 13.969366
1 0.015157 1.000000 0.000000 0.020206 0.002928 -1.000000 -1.000000 -1.000000 0.000000 49.000000 0.000000 1.000000 8.869824
1 0.002088 1.000000 0.000000 0.002522 0.000457 -1.000000 -1.000000 -1.000000 0.000000 0.000000 0.000000 1.000000 12.432357
0 90.127298 1.000000 0.000000 8.611614 1.269668 -1.000000 -1.000000 -1.000000 -1.000000 -1.000000 0.000000 1.000000 -1.000000
1 0.118312 1.000000 0.000000 0.058687 0.026169 0.000000 0.000000 0.000000 0.000000 995.000000 -1.000000 1.000000 41.739499
1 0.374091 1.000000 0.000000 0.153440 0.076851 0.000000 0.000000 0.000000 0.000000 3411.000000 -1.000000 1.000000 44.743857
1 2.001747 1.000000 0.000000 0.481631 0.197439 0.000000 0.000000 0.000000 0.000000 18239.000000 -1.000000 1.000000 39.338845
1 0.866187 1.000000 0.000000 0.397176 0.161967 0.000000 0.000000 0.000000 0.000000 8886.000000 -1.000000 1.000000 48.982834
1 3.479968 1.000000 0.000000 0.797007 0.354140 0.000000 0.000000 0.000000 0.000000 16523.000000 -1.000000 1.000000 43.824728
1 0.084242 1.000000 0.000000 0.106024 0.012352 -1.000000 -1.000000 -1.000000 0.000000 736.000000 0.000000 1.000000 39.507934
1 2.877754 1.000000 0.000000 0.765635 0.394727 0.000000 0.000000 0.000000 0.000000 13920.000000 -1.000000 1.000000 40.682552
0 90.127298 1.000000 0.000000 8.611614 1.269668 -1.000000 -1.000000 -1.000000 -1.000000 -1.000000 0.000000 1.000000 -1.000000
1 0.014208 1.000000 0.000000 0.018377 0.002808 -1.000000 -1.000000 -1.000000 0.000000 60.000000 0.000000 1.000000 14.254638
1 0.024110 1.000000 0.000000 0.032021 0.004818 -1.000000 -1.000000 -1.000000 0.000000 79.000000 0.000000 1.000000 9.054075
1 2.451766 1.000000 0.000000 0.625241 0.290858 0.000000 0.000000 0.000000 0.000000 18906.000000 -1.000000 1.000000 43.046384
1 2.063610 1.000000 0.000000 1.046459 0.181679 -1.000000 -1.000000 -1.000000 0.000000 9707.000000 0.000000 1.000000 25.769650
1 0.175160 1.000000 0.000000 0.223096 0.024359 -1.000000 -1.000000 -1.000000 0.000000 2641.000000 0.000000 1.000000 30.936817
1 2.877754 1.000000 0.000000 0.765635 0.394727 0.000000 0.000000 0.000000 0.000000 13920.000000 -1.000000 1.000000 40.682552
1 0.014480 1.000000 0.000000 0.018122 0.003284 -1.000000 -1.000000 -1.000000 0.000000 55.000000 0.000000 1.000000 10.443439
1 2.451766 1.000000 0.000000 0.625241 0.290858 0.000000 0.000000 0.000000 0.000000 18906.000000 -1.000000 1.000000 43.046384
1 2.396612 1.000000 0.000000 1.224292 0.166454 -1.000000 -1.000000 -1.000000 0.000000 2889.000000 0.000000 1.000000 11.796127
0 90.127298 1.000000 0.000000 8.611614 1.269668 -1.000000 -1.000000 -1.000000 -1.000000 -1.000000 0.000000 1.000000 -1.000000
1 3.735621 1.000000 0.000000 0.869901 0.424790 0.000000 0.000000 0.000000 0.000000 17725.000000 -1.000000 1.000000 50.335388
1 0.001623 1.000000 0.000000 0.002168 0.000284 -1.000000 -1.000000 -1.000000 0.000000 0.000000 0.000000 1.000000 8.493597
1 2.877754 1.000000 0.000000 0.765635 0.394727 0.000000 0.000000 0.000000 0.000000 13920.000000 -1.000000 1.000000 40.682552
0 90.427611 2.000000 0.000000 12.055643 2.009440 -1.000000 -1.000000 -1.000000 -1.000000 -1.000000 0.000000 1.000000 -1.000000
0 90.281926 2.000000 0.000000 25.262929 3.339685 -1.000000 -1.000000 -1.000000 -1.000000 -1.000000 0.000000 1.000000 -1.000000
1 1.420230 2.000000 0.000000 1.495081 0.229252 -1.000000 -1.000000 -1.000000 182.000000 3882.000000 0.000000 1.000000 45.672721
1 16.752089 2.000000 0.000000 11.845736 1.587998 -1.000000 -1.000000 -1.000000 23170.000000 66129.000000 0.000000 1.000000 62.233192
1 7.202733 2.000000 0.000000 3.553025 0.560893 -1.000000 -1.000000 -1.000000 102.000000 18279.000000 0.000000 1.000000 49.602383
0 90.352091 2.000000 0.000000 13.343157 2.096204 -1.000000 -1.000000 -1.000000 -1.000000 -1.000000 0.000000 1.000000 -1.000000
0 90.433078 2.000000 0.000000 17.442637 2.603593 -1.000000 -1.000000 -1.000000 -1.000000 -1.000000 0.000000 1.000000 -1.000000
0 90.289152 2.000000 0.000000 24.439111 3.086834 -1.000000 -1.000000 -1.000000 -1.000000 -1.000000 0.000000 1.000000 -1.000000
0 90.357727 2.000000 0.000000 15.073033 2.213550 -1.000000 -1.000000 -1.000000 -1.000000 -1.000000 0.000000 1.000000 -1.000000
0 90.012982 2.000000 0.000000 16.834872 2.674676 -1.000000 -1.000000 -1.000000 -1.000000 -1.000000 0.000000 1.000000 -1.000000
0 90.128960 2.000000 0.000000 16.623322 2.293808 -1.000000 -1.000000 -1.000000 -1.000000 -1.000000 0.000000 1.000000 -1.000000
0 90.129849 2.000000 0.000000 20.475897 2.755814 -1.000000 -1.000000 -1.000000 -1.000000 -1.000000 0.000000 1.000000 -1.000000
0 90.074695 2.000000 0.000000 31.220863 5.129511 -1.000000 -1.000000 -1.000000 -1.000000 -1.000000 0.000000 1.000000 -1.000000
0 90.045256 2.000000 0.000000 30.728509 3.529461 -1.000000 -1.000000 -1.000000 -1.000000 -1.000000 0.000000 1.000000 -1.000000
1 44.271327 2.000000 0.000000 8.712778 1.459954 -1.000000 -1.000000 -1.000000 2345.000000 37664.000000 0.000000 1.000000 138.988262
1 10.349019 2.000000 0.000000 7.062663 1.286517 -1.000000 -1.000000 -1.000000 2528.000000 42740.000000 0.000000 1.000000 75.584362
1 14.913818 2.000000 0.000000 4.710225 0.832394 -1.000000 -1.000000 -1.000000 117.000000 20919.000000 0.000000 1.000000 81.189161
0 90.304444 2.000000 0.000000 13.578047 2.310306 -1.000000 -1.000000 -1.000000 -1.000000 -1.000000 0.000000 1.000000 -1.000000
1 42.870231 2.000000 0.000000 15.529902 1.749389 -1.000000 -1.000000 -1.000000 1895.000000 123968.000000 0.000000 1.000000 60.668498
0 90.114935 2.000000 0.000000 32.376882 3.388012 -1.000000 -1.000000 -1.000000 -1.000000 -1.000000 0.000000 1.000000 -1.000000
0 90.142333 2.000000 0.000000 17.906895 2.708290 -1.000000 -1.000000 -1.000000 -1.000000 -1.000000 0.000000 1.000000 -1.000000
1 17.193181 2.000000 0.000000 6.931096 1.048072 -1.000000 -1.000000 -1.000000 290.000000 39216.000000 0.000000 1.000000 70.885464
0 90.341688 2.000000 0.000000 15.016414 2.285308 -1.000000 -1.000000 -1.000000 -1.000000 -1.000000 0.000000 1.000000 -1.000000
1 21.171078 2.000000 0.000000 6.372855 1.074522 -1.000000 -1.000000 -1.000000 2486.000000 35149.000000 0.000000 1.000000 117.154839
0 90.461907 2.000000 0.000000 11.699579 1.880663 -1.000000 -1.000000 -1.000000 -1.000000 -1.000000 0.000000 1.000000 -1.000000
1 7.912705 2.000000 0.000000 5.463761 0.801461 -1.000000 -1.000000 -1.000000 921.000000 36464.000000 0.000000 1.000000 49.107721
0 90.473532 2.000000 0.000000 10.924059 1.758377 -1.000000 -1.000000 -1.000000 -1.000000 -1.000000 0.000000 1.000000 -1.000000
1 7.356981 2.000000 0.000000 5.376214 0.941434 -1.000000 -1.000000 -1.000000 10.000000 28359.000000 0.000000 1.000000 93.870623
1 3.356280 2.000000 0.000000 2.254261 0.397622 -1.000000 -1.000000 -1.000000 792.000000 12121.000000 0.000000 1.000000 86.147929
1 26.602797 2.000000 0.000000 22.993517 3.289352 -1.000000 -1.000000 -1.000000 2291.000000 184148.000000 0.000000 1.000000 80.940441
0 90.269552 2.000000 0.000000 13.161635 2.215546 -1.000000 -1.000000 -1.000000 -1.000000 -1.000000 0.000000 1.000000 -1.000000
0 90.383243 2.000000 0.000000 15.692265 2.068574 -1.000000 -1.000000 -1.000000 -1.000000 -1.000000 0.000000 1.000000 -1.000000
0 90.014139 2.000000 0.000000 16.284579 2.570863 -1.000000 -1.000000 -1.000000 -1.000000 -1.000000 0.000000 1.000000 -1.000000
0 90.501286 2.000000 0.000000 11.057914 1.731190 -1.000000 -1.000000 -1.000000 -1.000000 -1.000000 0.000000 1.000000 -1.000000
1 20.823663 2.000000 0.000000 5.236299 0.855884 -1.000000 -1.000000 -1.000000 3206.000000 23198.000000 0.000000 1.000000 79.529915
1 1.139258 2.000000 0.000000 0.974116 0.160897 -1.000000 -1.000000 -1.000000 940.000000 6309.000000 0.000000 1.000000 66.532840
1 10.090806 2.000000 0.000000 4.017594 0.654534 -1.000000 -1.000000 -1.000000 345.000000 25835.000000 0.000000 1.000000 61.802143
0 90.001997 2.000000 0.000000 24.513113 4.354333 -1.000000 -1.000000 -1.000000 -1.000000 -1.000000 0.000000 1.000000 -1.000000
0 90.265524 2.000000 0.000000 10.143468 1.660486 -1.000000 -1.000000 -1.000000 -1.000000 -1.000000 0.000000 1.000000 -1.000000
0 90.030691 2.000000 0.000000 12.325101 1.766827 -1.000000 -1.000000 -1.000000 -1.000000 -1.000000 0.000000 1.000000 -1.000000
1 9.786504 2.000000 0.000000 4.483255 0.684877 -1.000000 -1.000000 -1.000000 1909.000000 33470.000000 0.000000 1.000000 60.273746
0 90.264271 2.000000 0.000000 40.219999 7.173347 -1.000000 -1.000000 -1.000000 -1.000000 -1.000000 0.000000 1.000000 -1.000000
0 90.169460 2.000000 0.000000 10.270972 1.622007 -1.000000 -1.000000 -1.000000 -1.000000 -1.000000 0.000000 1.000000 -1.000000
0 90.373880 2.000000 0.000000 22.262789 3.008751 -1.000000 -1.000000 -1.000000 -1.000000 -1.000000 0.000000 1.000000 -1.000000
0 90.063860 2.000000 0.000000 13.638258 2.222815 -1.000000 -1.000000 -1.000000 -1.000000 -1.000000 0.000000 1.000000 -1.000000
1 49.457685 2.000000 0.000000 7.721508 1.296639 -1.000000 -1.000000 -1.000000 4252.000000 42054.000000 0.000000 1.000000 119.618257
1 78.129419 2.000000 0.000000 9.813525 1.620804 -1.000000 -1.000000 -1.000000 0.000000 50509.000000 0.000000 1.000000 133.374043
0 90.195302 2.000000 0.000000 11.236217 1.787173 -1.000000 -1.000000 -1.000000 -1.000000 -1.000000 0.000000 1.000000 -1.000000
0 90.154501 2.000000 0.000000 11.145066 2.078729 -1.000000 -1.000000 -1.000000 -1.000000 -1.000000 0.000000 1.000000 -1.000000
1 46.299819 2.000000 0.000000 18.811132 3.222426 -1.000000 -1.000000 -1.000000 2014.000000 150701.000000 0.000000 1.000000 65.804754
1 6.542201 2.000000 0.000000 2.986087 0.502778 -1.000000 -1.000000 -1.000000 195.000000 13159.000000 0.000000 1.000000 60.680118
1 8.748973 2.000000 0.000000 5.056413 1.002771 -1.000000 -1.000000 -1.000000 21912.000000 30114.000000 0.000000 1.000000 128.034946
1 4.632679 2.000000 0.000000 2.479648 0.392381 -1.000000 -1.000000 -1.000000 1704.000000 17971.000000 0.000000 1.000000 78.152261
1 6.742998 2.000000 0.000000 3.758178 0.615000 -1.000000 -1.000000 -1.000000 122.000000 25485.000000 0.000000 1.000000 106.139748
0 90.695992 2.000000 0.000000 18.825566 2.532873 -1.000000 -1.000000 -1.000000 -1.000000 -1.000000 0.000000 1.000000 -1.000000
0 90.135027 2.000000 0.000000 15.000237 2.186547 -1.000000 -1.000000 -1.000000 -1.000000 -1.000000 0.000000 1.000000 -1.000000
0 90.171036 2.000000 0.000000 32.195394 4.712074 -1.000000 -1.000000 -1.000000 -1.000000 -1.000000 0.000000 1.000000 -1.000000
0 90.316089 2.000000 0.000000 10.790714 1.748270 -1.000000 -1.000000 -1.000000 -1.000000 -1.000000 0.000000 1.000000 -1.000000
0 90.152714 2.000000 0.000000 18.017758 2.840123 -1.000000 -1.000000 -1.000000 -1.000000 -1.000000 0.000000 1.000000 -1.000000
0 90.012300 4.000000 0.000000 41.144758 4.972778 -1.000000 -1.000000 -1.000000 -1.000000 -1.000000 0.000000 1.000000 -1.000000
0 90.013134 4.000000 0.000000 110.832600 15.190091 -1.000000 -1.000000 -1.000000 -1.000000 -1.000000 0.000000 1.000000 -1.000000
0 90.010004 4.000000 0.000000 82.470764 8.891889 -1.000000 -1.000000 -1.000000 -1.000000 -1.000000 0.000000 1.000000 -1.000000
0 90.004656 4.000000 0.000000 119.892265 9.247061 -1.000000 -1.000000 -1.000000 -1.000000 -1.000000 0.000000 1.000000 -1.000000
0 90.019806 4.000000 0.000000 97.848690 9.480945 -1.000000 -1.000000 -1.000000 -1.000000 -1.000000 0.000000 1.000000 -1.000000
0 90.004088 4.000000 0.000000 113.797013 9.861497 -1.000000 -1.000000 -1.000000 -1.000000 -1.000000 0.000000 1.000000 -1.000000
0 90.014953 4.000000 0.000000 109.802911 17.514565 -1.000000 -1.000000 -1.000000 -1.000000 -1.000000 0.000000 1.000000 -1.000000
0 90.011560 4.000000 0.000000 101.740839 6.169022 -1.000000 -1.000000 -1.000000 -1.000000 -1.000000 0.000000 1.000000 -1.000000
0 90.014007 4.000000 0.000000 99.656093 12.976958 -1.000000 -1.000000 -1.000000 -1.000000 -1.000000 0.000000 1.000000 -1.000000
0 90.013175 4.000000 0.000000 114.942317 9.075639 -1.000000 -1.000000 -1.000000 -1.000000 -1.000000 0.000000 1.000000 -1.000000
0 90.024076 4.000000 0.000000 84.518621 10.717576 -1.000000 -1.000000 -1.000000 -1.000000 -1.000000 0.000000 1.000000 -1.000000
0 90.042398 4.000000 0.000000 59.218276 8.691002 -1.000000 -1.000000 -1.000000 -1.000000 -1.000000 0.000000 1.000000 -1.000000
0 90.031191 4.000000 0.000000 71.567622 7.583439 -1.000000 -1.000000 -1.000000 -1.000000 -1.000000 0.000000 1.000000 -1.000000
0 90.069854 4.000000 0.000000 64.852021 5.938979 -1.000000 -1.000000 -1.000000 -1.000000 -1.000000 0.000000 1.000000 -1.000000
0 90.010084 4.000000 0.000000 96.827065 5.844519 -1.000000 -1.000000 -1.000000 -1.000000 -1.000000 0.000000 1.000000 -1.000000
0 90.013735 4.000000 0.000000 94.612869 11.069916 -1.000000 -1.000000 -1.000000 -1.000000 -1.000000 0.000000 1.000000 -1.000000
0 90.061787 4.000000 0.000000 53.831923 6.515052 -1.000000 -1.000000 -1.000000 -1.000000 -1.000000 0.000000 1.000000 -1.000000
0 90.005297 4.000000 0.000000 110.977958 17.093054 -1.000000 -1.000000 -1.000000 -1.000000 -1.000000 0.000000 1.000000 -1.000000
0 90.002355 4.000000 0.000000 101.549512 5.001951 -1.000000 -1.000000 -1.000000 -1.000000 -1.000000 0.000000 1.000000 -1.000000
0 90.010169 4.000000 0.000000 107.034760 13.072837 -1.000000 -1.000000 -1.000000 -1.000000 -1.000000 0.000000 1.000000 -1.000000
0 90.022396 4.000000 0.000000 112.741597 10.313870 -1.000000 -1.000000 -1.000000 -1.000000 -1.000000 0.000000 1.000000 -1.000000
0 90.024338 4.000000 0.000000 38.710785 5.507400 -1.000000 -1.000000 -1.000000 -1.000000 -1.000000 0.000000 1.000000 -1.000000
0 90.105658 4.000000 0.000000 39.606759 4.145683 -1.000000 -1.000000 -1.000000 -1.000000 -1.000000 0.000000 1.000000 -1.000000
0 90.001295 4.000000 0.000000 121.023518 15.332329 -1.000000 -1.000000 -1.000000 -1.000000 -1.000000 0.000000 1.000000 -1.000000
0 90.007764 4.000000 0.000000 107.586462 19.760353 -1.000000 -1.000000 -1.000000 -1.000000 -1.000000 0.000000 1.000000 -1.000000
0 90.037058 4.000000 0.000000 74.520532 10.536435 -1.000000 -1.000000 -1.000000 -1.000000 -1.000000 0.000000 1.000000 -1.000000
0 90.002811 4.000000 0.000000 105.446631 15.606986 -1.000000 -1.000000 -1.000000 -1.000000 -1.000000 0.000000 1.000000 -1.000000
0 90.016585 4.000000 0.000000 94.508710 10.392262 -1.000000 -1.000000 -1.000000 -1.000000 -1.000000 0.000000 1.000000 -1.000000
0 90.041816 4.000000 0.000000 51.174410 6.478822 -1.000000 -1.000000 -1.000000 -1.000000 -1.000000 0.000000 1.000000 -1.000000
0 90.005602 4.000000 0.000000 107.692844 6.533348 -1.000000 -1.000000 -1.000000 -1.000000 -1.000000 0.000000 1.000000 -1.000000
0 90.026480 4.000000 0.000000 58.281804 6.692561 -1.000000 -1.000000 -1.000000 -1.000000 -1.000000 0.000000 1.000000 -1.000000
0 90.016587 4.000000 0.000000 109.074826 10.401764 -1.000000 -1.000000 -1.000000 -1.000000 -1.000000 0.000000 1.000000 -1.000000
0 90.013037 4.000000 0.000000 111.042476 12.957670 -1.000000 -1.000000 -1.000000 -1.000000 -1.000000 0.000000 1.000000 -1.000000
0 90.090876 4.000000 0.000000 57.794447 6.353064 -1.000000 -1.000000 -1.000000 -1.000000 -1.000000 0.000000 1.000000 -1.000000
0 90.028697 4.000000 0.000000 88.862242 9.151784 -1.000000 -1.000000 -1.000000 -1.000000 -1.000000 0.000000 1.000000 -1.000000
0 90.002941 4.000000 0.000000 121.812491 9.586574 -1.000000 -1.000000 -1.000000 -1.000000 -1.000000 0.000000 1.000000 -1.000000
0 90.001882 4.000000 0.000000 76.800432 10.334457 -1.000000 -1.000000 -1.000000 -1.000000 -1.000000 0.000000 1.000000 -1.000000
0 90.006343 4.000000 0.000000 117.645648 5.399648 -1.000000 -1.000000 -1.000000 -1.000000 -1.000000 0.000000 1.000000 -1.000000
0 90.001682 4.000000 0.000000 104.974874 18.244662 -1.000000 -1.000000 -1.000000 -1.000000 -1.000000 0.000000 1.000000 -1.000000
0 90.003568 4.000000 0.000000 121.362712 15.501171 -1.000000 -1.000000 -1.000000 -1.000000 -1.000000 0.000000 1.000000 -1.000000
0 90.031739 4.000000 0.000000 97.080157 5.928588 -1.000000 -1.000000 -1.000000 -1.000000 -1.000000 0.000000 1.000000 -1.000000
0 90.006074 4.000000 0.000000 109.022110 14.875517 -1.000000 -1.000000 -1.000000 -1.000000 -1.000000 0.000000 1.000000 -1.000000
0 90.054177 4.000000 0.000000 92.187334 10.507213 -1.000000 -1.000000 -1.000000 -1.000000 -1.000000 0.000000 1.000000 -1.000000
0 90.025216 4.000000 0.000000 64.870630 6.915601 -1.000000 -1.000000 -1.000000 -1.000000 -1.000000 0.000000 1.000000 -1.000000
0 90.018980 4.000000 0.000000 103.076027 17.488478 -1.000000 -1.000000 -1.000000 -1.000000 -1.000000 0.000000 1.000000 -1.000000
0 90.012300 6.000000 0.000000 41.144758 4.972778 -1.000000 -1.000000 -1.000000 -1.000000 -1.000000 0.000000 1.000000 -1.000000
0 90.013134 6.000000 0.000000 110.832600 15.190091 -1.000000 -1.000000 -1.000000 -1.000000 -1.000000 0.000000 1.000000 -1.000000
0 90.010004 6.000000 0.000000 82.470764 8.891889 -1.000000 -1.000000 -1.000000 -1.000000 -1.000000 0.000000 1.000000 -1.000000
0 90.004656 6.000000 0.000000 119.892265 9.247061 -1.000000 -1.000000 -1.000000 -1.000000 -1.000000 0.000000 1.000000 -1.000000
0 90.019806 6.000000 0.000000 97.848690 9.480945 -1.000000 -1.000000 -1.000000 -1.000000 -1.000000 0.000000 1.000000 -1.000000
0 90.004088 6.000000 0.000000 113.797013 9.861497 -1.000000 -1.000000 -1.000000 -1.000000 -1.000000 0.000000 1.000000 -1.000000
0 90.014953 6.000000 0.000000 109.802911 17.514565 -1.000000 -1.000000 -1.000000 -1.000000 -1.000000 0.000000 1.000000 -1.000000
0 90.011560 6.000000 0.000000 101.740839 6.169022 -1.000000 -1.000000 -1.000000 -1.000000 -1.000000 0.000000 1.000000 -1.000000
0 90.014007 6.000000 0.000000 99.656093 12.976958 -1.000000 -1.000000 -1.000000 -1.000000 -1.000000 0.000000 1.000000 -1.000000
0 90.013175 6.000000 0.000000 114.942317 9.075639 -1.000000 -1.000000 -1.000000 -1.000000 -1.000000 0.000000 1.000000 -1.000000
0 90.024076 6.000000 0.000000 84.518621 10.717576 -1.000000 -1.000000 -1.000000 -1.000000 -1.000000 0.000000 1.000000 -1.000000
0 90.042398 6.000000 0.000000 59.218276 8.691002 -1.000000 -1.000000 -1.000000 -1.000000 -1.000000 0.000000 1.000000 -1.000000
0 90.031191 6.000000 0.000000 71.567622 7.583439 -1.000000 -1.000000 -1.000000 -1.000000 -1.000000 0.000000 1.000000 -1.000000
0 90.069854 6.000000 0.000000 64.852021 5.938979 -1.000000 -1.000000 -1.000000 -1.000000 -1.000000 0.000000 1.000000 -1.000000
0 90.010084 6.000000 0.000000 96.827065 5.844519 -1.000000 -1.000000 -1.000000 -1.000000 -1.000000 0.000000 1.000000 -1.000000
0 90.013735 6.000000 0.000000 94.612869 11.069916 -1.000000 -1.000000 -1.000000 -1.000000 -1.000000 0.000000 1.000000 -1.000000
0 90.061787 6.000000 0.000000 53.831923 6.515052 -1.000000 -1.000000 -1.000000 -1.000000 -1.000000 0.000000 1.000000 -1.000000
0 90.005297 6.000000 0.000000 110.977958 17.093054 -1.000000 -1.000000 -1.000000 -1.000000 -1.000000 0.000000 1.000000 -1.000000
0 90.002355 6.000000 0.000000 101.549512 5.001951 -1.000000 -1.000000 -1.000000 -1.000000 -1.000000 0.000000 1.000000 -1.000000
0 90.010169 6.000000 0.000000 107.034760 13.072837 -1.000000 -1.000000 -1.000000 -1.000000 -1.000000 0.000000 1.000000 -1.000000
0 90.022396 6.000000 0.000000 112.741597 10.313870 -1.000000 -1.000000 -1.000000 -1.000000 -1.000000 0.000000 1.000000 -1.000000
0 90.024338 6.000000 0.000000 38.710785 5.507400 -1.000000 -1.000000 -1.000000 -1.000000 -1.000000 0.000000 1.000000 -1.000000
0 90.105658 6.000000 0.000000 39.606759 4.145683 -1.000000 -1.000000 -1.000000 -1.000000 -1.000000 0.000000 1.000000 -1.000000
0 90.001295 6.000000 0.000000 121.023518 15.332329 -1.000000 -1.000000 -1.000000 -1.000000 -1.000000 0.000000 1.000000 -1.000000
0 90.007764 6.000000 0.000000 107.586462 19.760353 -1.000000 -1.000000 -1.000000 -1.000000 -1.000000 0.000000 1.000000 -1.000000
0 90.037058 6.000000 0.000000 74.520532 10.536435 -1.000000 -1.000000 -1.000000 -1.000000 -1.000000 0.000000 1.000000 -1.000000
0 90.002811 6.000000 0.000000 105.446631 15.606986 -1.000000 -1.000000 -1.000000 -1.000000 -1.000000 0.000000 1.000000 -1.000000
0 90.016585 6.000000 0.000000 94.508710 10.392262 -1.000000 -1.000000 -1.000000 -1.000000 -1.000000 0.000000 1.000000 -1.000000
0 90.041816 6.000000 0.000000 51.174410 6.478822 -1.000000 -1.000000 -1.000000 -1.000000 -1.000000 0.000000 1.000000 -1.000000
0 90.005602 6.000000 0.000000 107.692844 6.533348 -1.000000 -1.000000 -1.000000 -1.000000 -1.000000 0.000000 1.000000 -1.000000
0 90.026480 6.000000 0.000000 58.281804 6.692561 -1.000000 -1.000000 -1.000000 -1.000000 -1.000000 0.000000 1.000000 -1.000000
0 90.016587 6.000000 0.000000 109.074826 10.401764 -1.000000 -1.000000 -1.000000 -1.000000 -1.000000 0.000000 1.000000 -1.000000
0 90.013037 6.000000 0.000000 111.042476 12.957670 -1.000000 -1.000000 -1.000000 -1.000000 -1.000000 0.000000 1.000000 -1.000000
0 90.090876 6.000000 0.000000 57.794447 6.353064 -1.000000 -1.000000 -1.000000 -1.000000 -1.000000 0.000000 1.000000 -1.000000
0 90.028697 6.000000 0.000000 88.862242 9.151784 -1.000000 -1.000000 -1.000000 -1.000000 -1.000000 0.000000 1.000000 -1.000000
0 90.002941 6.000000 0.000000 121.812491 9.586574 -1.000000 -1.000000 -1.000000 -1.000000 -1.000000 0.000000 1.000000 -1.000000
0 90.001882 6.000000 0.000000 76.800432 10.334457 -1.000000 -1.000000 -1.000000 -1.000000 -1.000000 0.000000 1.000000 -1.000000
0 90.006343 6.000000 0.000000 117.645648 5.399648 -1.000000 -1.000000 -1.000000 -1.000000 -1.000000 0.000000 1.000000 -1.000000
0 90.001682 6.000000 0.000000 104.974874 18.244662 -1.000000 -1.000000 -1.000000 -1.000000 -1.000000 0.000000 1.000000 -1.000000
0 90.003568 6.000000 0.000000 121.362712 15.501171 -1.000000 -1.000000 -1.000000 -1.000000 -1.000000 0.000000 1.000000 -1.000000
0 90.031739 6.000000 0.000000 97.080157 5.928588 -1.000000 -1.000000 -1.000000 -1.000000 -1.000000 0.000000 1.000000 -1.000000
0 90.006074 6.000000 0.000000 109.022110 14.875517 -1.000000 -1.000000 -1.000000 -1.000000 -1.000000 0.000000 1.000000 -1.000000
0 90.054177 6.000000 0.000000 92.187334 10.507213 -1.000000 -1.000000 -1.000000 -1.000000 -1.000000 0.000000 1.000000 -1.000000
0 90.025216 6.000000 0.000000 64.870630 6.915601 -1.000000 -1.000000 -1.000000 -1.000000 -1.000000 0.000000 1.000000 -1.000000
0 90.018980 6.000000 0.000000 103.076027 17.488478 -1.000000 -1.000000 -1.000000 -1.000000 -1.000000 0.000000 1.000000 -1.000000
0 90.012300 8.000000 0.000000 41.144758 4.972778 -1.000000 -1.000000 -1.000000 -1.000000 -1.000000 0.000000 1.000000 -1.000000
0 90.013134 8.000000 0.000000 110.832600 15.190091 -1.000000 -1.000000 -1.000000 -1.000000 -1.000000 0.000000 1.000000 -1.000000
0 90.010004 8.000000 0.000000 82.470764 8.891889 -1.000000 -1.000000 -1.000000 -1.000000 -1.000000 0.000000 1.000000 -1.000000
0 90.004656 8.000000 0.000000 119.892265 9.247061 -1.000000 -1.000000 -1.000000 -1.000000 -1.000000 0.000000 1.000000 -1.000000
0 90.019806 8.000000 0.000000 97.848690 9.480945 -1.000000 -1.000000 -1.000000 -1.000000 -1.000000 0.000000 1.000000 -1.000000
0 90.004088 8.000000 0.000000 113.797013 9.861497 -1.000000 -1.000000 -1.000000 -1.000000 -1.000000 0.000000 1.000000 -1.000000
0 90.014953 8.000000 0.000000 109.802911 17.514565 -1.000000 -1.000000 -1.000000 -1.000000 -1.000000 0.000000 1.000000 -1.000000
0 90.011560 8.000000 0.000000 101.740839 6.169022 -1.000000 -1.000000 -1.000000 -1.000000 -1.000000 0.000000 1.000000 -1.000000
0 90.014007 8.000000 0.000000 99.656093 12.976958 -1.000000 -1.000000 -1.000000 -1.000000 -1.000000 0.000000 1.000000 -1.000000
0 90.013175 8.000000 0.000000 114.942317 9.075639 -1.000000 -1.000000 -1.000000 -1.000000 -1.000000 0.000000 1.000000 -1.000000
0 90.024076 8.000000 0.000000 84.518621 10.717576 -1.000000 -1.000000 -1.000000 -1.000000 -1.000000 0.000000 1.000000 -1.000000
0 90.042398 8.000000 0.000000 59.218276 8.691002 -1.000000 -1.000000 -1.000000 -1.000000 -1.000000 0.000000 1.000000 -1.000000
0 90.031191 8.000000 0.000000 71.567622 7.583439 -1.000000 -1.000000 -1.000000 -1.000000 -1.000000 0.000000 1.000000 -1.000000
0 90.069854 8.000000 0.000000 64.852021 5.938979 -1.000000 -1.000000 -1.000000 -1.000000 -1.000000 0.000000 1.000000 -1.000000
0 90.010084 8.000000 0.000000 96.827065 5.844519 -1.000000 -1.000000 -1.000000 -1.000000 -1.000000 0.000000 1.000000 -1.000000
0 90.013735 8.000000 0.000000 94.612869 11.069916 -1.000000 -1.000000 -1.000000 -1.000000 -1.000000 0.000000 1.000000 -1.000000
0 90.061787 8.000000 0.000000 53.831923 6.515052 -1.000000 -1.000000 -1.000000 -1.000000 -1.000000 0.000000 1.000000 -1.000000
0 90.005297 8.000000 0.000000 110.977958 17.093054 -1.000000 -1.000000 -1.000000 -1.000000 -1.000000 0.000000 1.000000 -1.000000
0 90.002355 8.000000 0.000000 101.549512 5.001951 -1.000000 -1.000000 -1.000000 -1.000000 -1.000000 0.000000 1.000000 -1.000000
0 90.010169 8.000000 0.000000 107.034760 13.072837 -1.000000 -1.000000 -1.000000 -1.000000 -1.000000 0.000000 1.000000 -1.000000
0 90.022396 8.000000 0.000000 112.741597 10.313870 -1.000000 -1.000000 -1.000000 -1.000000 -1.000000 0.000000 1.000000 -1.000000
0 90.024338 8.000000 0.000000 38.710785 5.507400 -1.000000 -1.000000 -1.000000 -1.000000 -1.000000 0.000000 1.000000 -1.000000
0 90.105658 8.000000 0.000000 39.606759 4.145683 -1.000000 -1.000000 -1.000000 -1.000000 -1.000000 0.000000 1.000000 -1.000000
0 90.001295 8.000000 0.000000 121.023518 15.332329 -1.000000 -1.000000 -1.000000 -1.000000 -1.000000 0.000000 1.000000 -1.000000
0 90.007764 8.000000 0.000000 107.586462 19.760353 -1.000000 -1.000000 -1.000000 -1.000000 -1.000000 0.000000 1.000000 -1.000000
0 90.037058 8.000000 0.000000 74.520532 10.536435 -1.000000 -1.000000 -1.000000 -1.000000 -1.000000 0.000000 1.000000 -1.000000
0 90.002811 8.000000 0.000000 105.446631 15.606986 -1.000000 -1.000000 -1.000000 -1.000000 -1.000000 0.000000 1.000000 -1.000000
0 90.016585 8.000000 0.000000 94.508710 10.392262 -1.000000 -1.000000 -1.000000 -1.000000 -1.000000 0.000000 1.000000 -1.000000
0 90.041816 8.000000 0.000000 51.174410 6.478822 -1.000000 -1.000000 -1.000000 -1.000000 -1.000000 0.000000 1.000000 -1.000000
0 90.005602 8.000000 0.000000 107.692844 6.533348 -1.000000 -1.000000 -1.000000 -1.000000 -1.000000 0.000000 1.000000 -1.000000
0 90.026480 8.000000 0.000000 58.281804 6.692561 -1.000000 -1.000000 -1.000000 -1.000000 -1.000000 0.000000 1.000000 -1.000000
0 90.016587 8.000000 0.000000 109.074826 10.401764 -1.000000 -1.000000 -1.000000 -1.000000 -1.000000 0.000000 1.000000 -1.000000
0 90.013037 8.000000 0.000000 111.042476 12.957670 -1.000000 -1.000000 -1.000000 -1.000000 -1.000000 0.000000 1.000000 -1.000000
0 90.090876 8.000000 0.000000 57.794447 6.353064 -1.000000 -1.000000 -1.000000 -1.000000 -1.000000 0.000000 1.000000 -1.000000
0 90.028697 8.000000 0.000000 88.862242 9.151784 -1.000000 -1.000000 -1.000000 -1.000000 -1.000000 0.000000 1.000000 -1.000000
0 90.002941 8.000000 0.000000 121.812491 9.586574 -1.000000 -1.000000 -1.000000 -1.000000 -1.000000 0.000000 1.000000 -1.000000
0 90.001882 8.000000 0.000000 76.800432 10.334457 -1.000000 -1.000000 -1.000000 -1.000000 -1.000000 0.000000 1.000000 -1.000000
0 90.006343 8.000000 0.000000 117.645648 5.399648 -1.000000 -1.000000 -1.000000 -1.000000 -1.000000 0.000000 1.000000 -1.000000
0 90.001682 8.000000 0.000000 104.974874 18.244662 -1.000000 -1.000000 -1.000000 -1.000000 -1.000000 0.000000 1.000000 -1.000000
0 90.003568 8.000000 0.000000 121.362712 15.501171 -1.000000 -1.000000 -1.000000 -1.000000 -1.000000 0.000000 1.000000 -1.000000
0 90.031739 8.000000 0.000000 97.080157 5.928588 -1.000000 -1.000000 -1.000000 -1.000000 -1.000000 0.000000 1.000000 -1.000000
0 90.006074 8.000000 0.000000 109.022110 14.875517 -1.000000 -1.000000 -1.000000 -1.000000 -1.000000 0.000000 1.000000 -1.000000
0 90.054177 8.000000 0.000000 92.187334 10.507213 -1.000000 -1.000000 -1.000000 -1.000000 -1.000000 0.000000 1.000000 -1.000000
0 90.025216 8.000000 0.000000 64.870630 6.915601 -1.000000 -1.000000 -1.000000 -1.000000 -1.000000 0.000000 1.000000 -1.000000
0 90.018980 8.000000 0.000000 103.076027 17.488478 -1.000000 -1.000000 -1.000000 -1.000000 -1.000000 0.000000 1.000000 -1.000000
0 90.012300 10.000000 0.000000 41.144758 4.972778 -1.000000 -1.000000 -1.000000 -1.000000 -1.000000 0.000000 1.000000 -1.000000
0 90.013134 10.000000 0.000000 110.832600 15.190091 -1.000000 -1.000000 -1.000000 -1.000000 -1.000000 0.000000 1.000000 -1.000000
0 90.010004 10.000000 0.000000 82.470764 8.891889 -1.000000 -1.000000 -1.000000 -1.000000 -1.000000 0.000000 1.000000 -1.000000
0 90.004656 10.000000 0.000000 119.892265 9.247061 -1.000000 -1.000000 -1.000000 -1.000000 -1.000000 0.000000 1.000000 -1.000000
0 90.019806 10.000000 0.000000 97.848690 9.480945 -1.000000 -1.000000 -1.000000 -1.000000 -1.000000 0.000000 1.000000 -1.000000
0 90.004088 10.000000 0.000000 113.797013 9.861497 -1.000000 -1.000000 -1.000000 -1.000000 -1.000000 0.000000 1.000000 -1.000000
0 90.014953 10.000000 0.000000 109.802911 17.514565 -1.000000 -1.000000 -1.000000 -1.000000 -1.000000 0.000000 1.000000 -1.000000
0 90.011560 10.000000 0.000000 101.740839 6.169022 -1.000000 -1.000000 -1.000000 -1.000000 -1.000000 0.000000 1.000000 -1.000000
0 90.014007 10.000000 0.000000 99.656093 12.976958 -1.000000 -1.000000 -1.000000 -1.000000 -1.000000 0.000000 1.000000 -1.000000
0 90.013175 10.000000 0.000000 114.942317 9.075639 -1.000000 -1.000000 -1.000000 -1.000000 -1.000000 0.000000 1.000000 -1.000000
0 90.024076 10.000000 0.000000 84.518621 10.717576 -1.000000 -1.000000 -1.000000 -1.000000 -1.000000 0.000000 1.000000 -1.000000
0 90.042398 10.000000 0.000000 59.218276 8.691002 -1.000000 -1.000000 -1.000000 -1.000000 -1.000000 0.000000 1.000000 -1.000000
0 90.031191 10.000000 0.000000 71.567622 7.583439 -1.000000 -1.000000 -1.000000 -1.000000 -1.000000 0.000000 1.000000 -1.000000
0 90.069854 10.000000 0.000000 64.852021 5.938979 -1.000000 -1.000000 -1.000000 -1.000000 -1.000000 0.000000 1.000000 -1.000000
0 90.010084 10.000000 0.000000 96.827065 5.844519 -1.000000 -1.000000 -1.000000 -1.000000 -1.000000 0.000000 1.000000 -1.000000
0 90.013735 10.000000 0.000000 94.612869 11.069916 -1.000000 -1.000000 -1.000000 -1.000000 -1.000000 0.000000 1.000000 -1.000000
0 90.061787 10.000000 0.000000 53.831923 6.515052 -1.000000 -1.000000 -1.000000 -1.000000 -1.000000 0.000000 1.000000 -1.000000
0 90.005297 10.000000 0.000000 110.977958 17.093054 -1.000000 -1.000000 -1.000000 -1.000000 -1.000000 0.000000 1.000000 -1.000000
0 90.002355 10.000000 0.000000 101.549512 5.001951 -1.000000 -1.000000 -1.000000 -1.000000 -1.000000 0.000000 1.000000 -1.000000
0 90.010169 10.000000 0.000000 107.034760 13.072837 -1.000000 -1.000000 -1.000000 -1.000000 -1.000000 0.000000 1.000000 -1.000000
0 90.022396 10.000000 0.000000 112.741597 10.313870 -1.000000 -1.000000 -1.000000 -1.000000 -1.000000 0.000000 1.000000 -1.000000
0 90.024338 10.000000 0.000000 38.710785 5.507400 -1.000000 -1.000000 -1.000000 -1.000000 -1.000000 0.000000 1.000000 -1.000000
0 90.105658 10.000000 0.000000 39.606759 4.145683 -1.000000 -1.000000 -1.000000 -1.000000 -1.000000 0.000000 1.000000 -1.000000
0 90.001295 10.000000 0.000000 121.023518 15.332329 -1.000000 -1.000000 -1.000000 -1.000000 -1.000000 0.000000 1.000000 -1.000000
0 90.007764 10.000000 0.000000 107.586462 19.760353 -1.000000 -1.000000 -1.000000 -1.000000 -1.000000 0.000000 1.000000 -1.000000
0 90.037058 10.000000 0.000000 74.520532 10.536435 -1.000000 -1.000000 -1.000000 -1.000000 -1.000000 0.000000 1.000000 -1.000000
0 90.002811 10.000000 0.000000 105.446631 15.606986 -1.000000 -1.000000 -1.000000 -1.000000 -1.000000 0.000000 1.000000 -1.000000
0 90.016585 10.000000 0.000000 94.508710 10.392262 -1.000000 -1.000000 -1.000000 -1.000000 -1.000000 0.000000 1.000000 -1.000000
0 90.041816 10.000000 0.000000 51.174410 6.478822 -1.000000 -1.000000 -1.000000 -1.000000 -1.000000 0.000000 1.000000 -1.000000
0 90.005602 10.000000 0.000000 107.692844 6.533348 -1.000000 -1.000000 -1.000000 -1.000000 -1.000000 0.000000 1.000000 -1.000000
0 90.026480 10.000000 0.000000 58.281804 6.692561 -1.000000 -1.000000 -1.000000 -1.000000 -1.000000 0.000000 1.000000 -1.000000
0 90.016587 10.000000 0.000000 109.074826 10.401764 -1.000000 -1.000000 -1.000000 -1.000000 -1.000000 0.000000 1.000000 -1.000000
0 90.013037 10.000000 0.000000 111.042476 12.957670 -1.000000 -1.000000 -1.000000 -1.000000 -1.000000 0.000000 1.000000 -1.000000
0 90.090876 10.000000 0.000000 57.794447 6.353064 -1.000000 -1.000000 -1.000000 -1.000000 -1.000000 0.000000 1.000000 -1.000000
0 90.028697 10.000000 0.000000 88.862242 9.151784 -1.000000 -1.000000 -1.000000 -1.000000 -1.000000 0.000000 1.000000 -1.000000
0 90.002941 10.000000 0.000000 121.812491 9.586574 -1.000000 -1.000000 -1.000000 -1.000000 -1.000000 0.000000 1.000000 -1.000000
0 90.001882 10.000000 0.000000 76.800432 10.334457 -1.000000 -1.000000 -1.000000 -1.000000 -1.000000 0.000000 1.000000 -1.000000
0 90.006343 10.000000 0.000000 117.645648 5.399648 -1.000000 -1.000000 -1.000000 -1.000000 -1.000000 0.000000 1.000000 -1.000000
0 90.001682 10.000000 0.000000 104.974874 18.244662 -1.000000 -1.000000 -1.000000 -1.000000 -1.000000 0.000000 1.000000 -1.000000
0 90.003568 10.000000 0.000000 121.362712 15.501171 -1.000000 -1.000000 -1.000000 -1.000000 -1.000000 0.000000 1.000000 -1.000000
0 90.031739 10.000000 0.000000 97.080157 5.928588 -1.000000 -1.000000 -1.000000 -1.000000 -1.000000 0.000000 1.000000 -1.000000
0 90.006074 10.000000 0.000000 109.022110 14.875517 -1.000000 -1.000000 -1.000000 -1.000000 -1.000000 0.000000 1.000000 -1.000000
0 90.054177 10.000000 0.000000 92.187334 10.507213 -1.000000 -1.000000 -1.000000 -1.000000 -1.000000 0.000000 1.000000 -1.000000
0 90.025216 10.000000 0.000000 64.870630 6.915601 -1.000000 -1.000000 -1.000000 -1.000000 -1.000000 0.000000 1.000000 -1.000000
0 90.018980 10.000000 0.000000 103.076027 17.488478 -1.000000 -1.000000 -1.000000 -1.000000 -1.000000 0.000000 1.000000 -1.000000
