1 1.240970 1.000000 1.239325 0.000198 0.000885 -1.000000 -1.000000 -1.000000 0.000000 9.000000 -1.000000 0.000000 15.962717
1 2.215531 1.000000 2.211005 0.000583 0.002251 -1.000000 -1.000000 -1.000000 0.000000 9.000000 -1.000000 0.000000 18.886562
1 1.259997 1.000000 1.258664 0.000117 0.000910 -1.000000 -1.000000 -1.000000 0.000000 3.000000 -1.000000 0.000000 11.288670
1 1.217571 1.000000 1.214728 0.000281 0.001936 -1.000000 -1.000000 -1.000000 0.000000 31.000000 -1.000000 0.000000 18.708309
1 1.276878 1.000000 1.275508 0.000156 0.000762 -1.000000 -1.000000 -1.000000 0.000000 4.000000 -1.000000 0.000000 16.551497
1 1.265937 1.000000 1.264868 0.000150 0.000546 -1.000000 -1.000000 -1.000000 0.000000 3.000000 -1.000000 0.000000 14.323233
1 1.205639 1.000000 1.203427 0.000314 0.001190 -1.000000 -1.000000 -1.000000 0.000000 33.000000 -1.000000 0.000000 17.426052
1 1.211395 1.000000 1.210033 0.000153 0.000771 -1.000000 -1.000000 -1.000000 0.000000 2.000000 -1.000000 0.000000 18.903713
1 1.226366 1.000000 1.224143 0.000268 0.001231 -1.000000 -1.000000 -1.000000 0.000000 19.000000 -1.000000 0.000000 19.339743
1 1.194788 1.000000 1.190668 0.000528 0.002438 -1.000000 -1.000000 -1.000000 0.000000 108.000000 -1.000000 0.000000 12.934481
1 1.214908 1.000000 1.213624 0.000188 0.000605 -1.000000 -1.000000 -1.000000 0.000000 6.000000 -1.000000 0.000000 18.011828
1 1.234927 1.000000 1.234015 0.000134 0.000473 -1.000000 -1.000000 -1.000000 0.000000 4.000000 -1.000000 0.000000 13.381481
1 1.544567 1.000000 1.543093 0.000163 0.000697 -1.000000 -1.000000 -1.000000 0.000000 2.000000 -1.000000 0.000000 11.843173
1 3.024805 1.000000 3.022696 0.000239 0.000864 -1.000000 -1.000000 -1.000000 0.000000 3.000000 -1.000000 0.000000 19.531061
1 1.234475 1.000000 1.231956 0.000325 0.001426 -1.000000 -1.000000 -1.000000 0.000000 17.000000 -1.000000 0.000000 17.982111
1 1.202859 1.000000 1.201769 0.000152 0.000495 -1.000000 -1.000000 -1.000000 0.000000 3.000000 -1.000000 0.000000 18.061988
1 1.222190 1.000000 1.217376 0.000480 0.002865 -1.000000 -1.000000 -1.000000 0.000000 26.000000 -1.000000 0.000000 30.623110
1 1.227161 1.000000 1.225991 0.000156 0.000505 -1.000000 -1.000000 -1.000000 0.000000 1.000000 -1.000000 0.000000 16.187725
1 1.290014 1.000000 1.284262 0.000758 0.003408 -1.000000 -1.000000 -1.000000 0.000000 250.000000 -1.000000 0.000000 21.106245
1 1.257438 1.000000 1.256176 0.000205 0.000583 -1.000000 -1.000000 -1.000000 0.000000 0.000000 -1.000000 0.000000 14.374337
1 1.317941 1.000000 1.317003 0.000139 0.000429 -1.000000 -1.000000 -1.000000 0.000000 0.000000 -1.000000 0.000000 14.072756
1 1.365781 1.000000 1.363759 0.000183 0.001398 -1.000000 -1.000000 -1.000000 0.000000 8.000000 -1.000000 0.000000 11.663084
1 1.328998 1.000000 1.325870 0.000399 0.001511 -1.000000 -1.000000 -1.000000 0.000000 12.000000 -1.000000 0.000000 14.183031
1 1.307180 1.000000 1.306239 0.000139 0.000466 -1.000000 -1.000000 -1.000000 0.000000 0.000000 -1.000000 0.000000 13.543245
1 1.321984 1.000000 1.320121 0.000175 0.001262 -1.000000 -1.000000 -1.000000 0.000000 7.000000 -1.000000 0.000000 16.300391
1 1.318771 1.000000 1.317127 0.000132 0.001080 -1.000000 -1.000000 -1.000000 0.000000 1.000000 -1.000000 0.000000 12.322415
1 1.308716 1.000000 1.307358 0.000203 0.000678 -1.000000 -1.000000 -1.000000 0.000000 8.000000 -1.000000 0.000000 17.256065
1 1.884450 1.000000 1.880206 0.000568 0.002063 -1.000000 -1.000000 -1.000000 0.000000 11.000000 -1.000000 0.000000 17.389175
1 1.644252 1.000000 1.640656 0.000450 0.001910 -1.000000 -1.000000 -1.000000 0.000000 6.000000 -1.000000 0.000000 14.139534
1 1.346562 1.000000 1.345838 0.000108 0.000304 -1.000000 -1.000000 -1.000000 0.000000 0.000000 -1.000000 0.000000 11.688875
1 1.322485 1.000000 1.320782 0.000243 0.000753 -1.000000 -1.000000 -1.000000 0.000000 11.000000 -1.000000 0.000000 15.791669
1 1.299440 1.000000 1.295807 0.000487 0.002123 -1.000000 -1.000000 -1.000000 0.000000 60.000000 -1.000000 0.000000 16.362713
1 1.301195 1.000000 1.296165 0.000651 0.002934 -1.000000 -1.000000 -1.000000 0.000000 173.000000 -1.000000 0.000000 23.809027
1 1.276791 1.000000 1.275980 0.000120 0.000372 -1.000000 -1.000000 -1.000000 0.000000 0.000000 -1.000000 0.000000 14.842510
1 1.305993 1.000000 1.304973 0.000136 0.000486 -1.000000 -1.000000 -1.000000 0.000000 0.000000 -1.000000 0.000000 17.385093
1 1.243709 1.000000 1.241921 0.000229 0.000862 -1.000000 -1.000000 -1.000000 0.000000 1.000000 -1.000000 0.000000 18.320289
1 1.251148 1.000000 1.249210 0.000190 0.001080 -1.000000 -1.000000 -1.000000 0.000000 6.000000 -1.000000 0.000000 15.137808
1 1.308852 1.000000 1.308013 0.000120 0.000377 -1.000000 -1.000000 -1.000000 0.000000 0.000000 -1.000000 0.000000 13.652598
1 1.903922 1.000000 1.902813 0.000115 0.000674 -1.000000 -1.000000 -1.000000 0.000000 0.000000 -1.000000 0.000000 12.802988
1 1.312795 1.000000 1.312009 0.000109 0.000340 -1.000000 -1.000000 -1.000000 0.000000 0.000000 -1.000000 0.000000 13.481299
1 1.309029 1.000000 1.307486 0.000198 0.000670 -1.000000 -1.000000 -1.000000 0.000000 2.000000 -1.000000 0.000000 15.313936
1 1.376217 1.000000 1.374773 0.000206 0.000694 -1.000000 -1.000000 -1.000000 0.000000 7.000000 -1.000000 0.000000 17.094977
1 1.361830 1.000000 1.359968 0.000182 0.001153 -1.000000 -1.000000 -1.000000 0.000000 13.000000 -1.000000 0.000000 13.189775
1 1.361921 1.000000 1.360824 0.000146 0.000505 -1.000000 -1.000000 -1.000000 0.000000 1.000000 -1.000000 0.000000 16.181085
1 1.407015 1.000000 1.406046 0.000141 0.000420 -1.000000 -1.000000 -1.000000 0.000000 0.000000 -1.000000 0.000000 16.475646
1 1.708297 1.000000 1.707395 0.000117 0.000362 -1.000000 -1.000000 -1.000000 0.000000 0.000000 -1.000000 0.000000 11.697950
1 1.409354 1.000000 1.408312 0.000142 0.000492 -1.000000 -1.000000 -1.000000 0.000000 0.000000 -1.000000 0.000000 15.462549
1 1.691384 1.000000 1.689943 0.000135 0.000931 -1.000000 -1.000000 -1.000000 0.000000 11.000000 -1.000000 0.000000 12.211113
1 1.393930 1.000000 1.392398 0.000163 0.000902 -1.000000 -1.000000 -1.000000 0.000000 5.000000 -1.000000 0.000000 12.090393
1 1.718697 1.000000 1.717731 0.000099 0.000566 -1.000000 -1.000000 -1.000000 0.000000 0.000000 -1.000000 0.000000 10.469971
1 1.398136 1.000000 1.396341 0.000226 0.000832 -1.000000 -1.000000 -1.000000 0.000000 3.000000 -1.000000 0.000000 18.850030
1 1.437178 1.000000 1.433593 0.000533 0.001802 -1.000000 -1.000000 -1.000000 0.000000 46.000000 -1.000000 0.000000 15.697163
1 1.434246 1.000000 1.431045 0.000496 0.001573 -1.000000 -1.000000 -1.000000 0.000000 23.000000 -1.000000 0.000000 19.440801
1 1.738181 1.000000 1.737272 0.000112 0.000519 -1.000000 -1.000000 -1.000000 0.000000 0.000000 -1.000000 0.000000 11.810201
1 1.389175 1.000000 1.387597 0.000172 0.000930 -1.000000 -1.000000 -1.000000 0.000000 1.000000 -1.000000 0.000000 17.020504
1 1.971923 1.000000 1.970074 0.000283 0.000913 -1.000000 -1.000000 -1.000000 0.000000 15.000000 -1.000000 0.000000 17.429209
1 1.366790 1.000000 1.365778 0.000149 0.000496 -1.000000 -1.000000 -1.000000 0.000000 1.000000 -1.000000 0.000000 16.177490
1 1.451058 1.000000 1.449019 0.000248 0.001111 -1.000000 -1.000000 -1.000000 0.000000 6.000000 -1.000000 0.000000 18.446270
1 1.433714 1.000000 1.430440 0.000464 0.001645 -1.000000 -1.000000 -1.000000 0.000000 5.000000 -1.000000 0.000000 12.939851
1 4.208037 1.000000 4.207210 0.000120 0.000354 -1.000000 -1.000000 -1.000000 0.000000 0.000000 -1.000000 0.000000 12.557505
0 46.713027 2.000000 1.548935 0.638579 4.382313 -1.000000 -1.000000 -1.000000 11121.000000 14502.000000 -1.000000 0.000000 -1.000000
1 1.643092 2.000000 1.493418 0.014393 0.079401 -1.000000 -1.000000 -1.000000 553.000000 207.000000 -1.000000 0.000000 27.888489
0 46.803150 2.000000 1.770748 2.104184 10.852101 -1.000000 -1.000000 -1.000000 3134.000000 66990.000000 -1.000000 0.000000 -1.000000
0 48.529911 2.000000 3.262449 0.622441 4.040991 -1.000000 -1.000000 -1.000000 15774.000000 20135.000000 -1.000000 0.000000 -1.000000
0 51.677486 2.000000 6.626199 1.020117 6.168132 -1.000000 -1.000000 -1.000000 9685.000000 24465.000000 -1.000000 0.000000 -1.000000
0 47.566259 2.000000 2.408344 0.640175 4.148521 -1.000000 -1.000000 -1.000000 16848.000000 16430.000000 -1.000000 0.000000 -1.000000
1 2.093747 2.000000 2.072519 0.002520 0.011761 -1.000000 -1.000000 -1.000000 6.000000 39.000000 -1.000000 0.000000 32.143031
0 48.331844 2.000000 3.217852 0.728907 5.117116 -1.000000 -1.000000 -1.000000 12490.000000 17513.000000 -1.000000 0.000000 -1.000000
1 1.777481 2.000000 1.766266 0.001218 0.006306 -1.000000 -1.000000 -1.000000 14.000000 52.000000 -1.000000 0.000000 28.933970
1 2.864381 2.000000 2.805712 0.006105 0.029808 -1.000000 -1.000000 -1.000000 154.000000 122.000000 -1.000000 0.000000 43.401272
1 2.594919 2.000000 2.544618 0.005086 0.026816 -1.000000 -1.000000 -1.000000 33.000000 181.000000 -1.000000 0.000000 43.610451
1 1.564327 2.000000 1.462902 0.010777 0.052879 -1.000000 -1.000000 -1.000000 160.000000 423.000000 -1.000000 0.000000 58.375607
1 2.168244 2.000000 2.147361 0.002542 0.010330 -1.000000 -1.000000 -1.000000 28.000000 9.000000 -1.000000 0.000000 28.649971
1 3.904475 2.000000 3.163440 0.053720 0.344412 -1.000000 -1.000000 -1.000000 1233.000000 1886.000000 -1.000000 0.000000 34.504259
1 2.531411 2.000000 2.074145 0.036455 0.222346 -1.000000 -1.000000 -1.000000 1257.000000 1202.000000 -1.000000 0.000000 34.632351
1 2.908355 2.000000 2.773709 0.012322 0.066633 -1.000000 -1.000000 -1.000000 32.000000 242.000000 -1.000000 0.000000 38.666381
0 48.141294 2.000000 2.917888 0.659899 5.523292 -1.000000 -1.000000 -1.000000 13699.000000 20482.000000 -1.000000 0.000000 -1.000000
1 2.602453 2.000000 2.591063 0.001217 0.006391 -1.000000 -1.000000 -1.000000 0.000000 41.000000 -1.000000 0.000000 37.045418
0 46.470992 2.000000 1.458887 2.193447 10.970443 -1.000000 -1.000000 -1.000000 4805.000000 65413.000000 -1.000000 0.000000 -1.000000
1 1.797526 2.000000 1.781784 0.001621 0.008389 -1.000000 -1.000000 -1.000000 3.000000 43.000000 -1.000000 0.000000 41.828433
1 1.467873 2.000000 1.448567 0.001809 0.010991 -1.000000 -1.000000 -1.000000 20.000000 82.000000 -1.000000 0.000000 27.039255
1 2.489371 2.000000 2.422569 0.007752 0.035395 -1.000000 -1.000000 -1.000000 170.000000 218.000000 -1.000000 0.000000 37.121699
1 3.509227 2.000000 3.487350 0.002243 0.010600 -1.000000 -1.000000 -1.000000 12.000000 24.000000 -1.000000 0.000000 34.368351
1 3.223151 2.000000 2.567408 0.060286 0.359045 -1.000000 -1.000000 -1.000000 388.000000 1425.000000 -1.000000 0.000000 51.068273
1 2.155150 2.000000 2.106567 0.006052 0.024735 -1.000000 -1.000000 -1.000000 88.000000 128.000000 -1.000000 0.000000 30.370629
1 1.658826 2.000000 1.641945 0.002084 0.008555 -1.000000 -1.000000 -1.000000 64.000000 45.000000 -1.000000 0.000000 40.628295
1 1.661889 2.000000 1.529272 0.012623 0.072709 -1.000000 -1.000000 -1.000000 237.000000 141.000000 -1.000000 0.000000 31.244890
1 3.091244 2.000000 2.502406 0.048483 0.321167 -1.000000 -1.000000 -1.000000 509.000000 1507.000000 -1.000000 0.000000 27.147465
1 2.477040 2.000000 2.234683 0.022540 0.129360 -1.000000 -1.000000 -1.000000 114.000000 692.000000 -1.000000 0.000000 36.123847
1 1.509144 2.000000 1.471830 0.003737 0.019221 -1.000000 -1.000000 -1.000000 50.000000 113.000000 -1.000000 0.000000 35.832419
0 48.177991 2.000000 3.157353 0.709130 4.618187 -1.000000 -1.000000 -1.000000 12477.000000 24668.000000 -1.000000 0.000000 -1.000000
0 47.665370 2.000000 2.570712 0.700777 4.567793 -1.000000 -1.000000 -1.000000 10724.000000 19477.000000 -1.000000 0.000000 -1.000000
1 2.935226 2.000000 2.863715 0.007706 0.037737 -1.000000 -1.000000 -1.000000 65.000000 99.000000 -1.000000 0.000000 39.964118
1 2.863716 2.000000 2.823093 0.004016 0.022053 -1.000000 -1.000000 -1.000000 9.000000 115.000000 -1.000000 0.000000 36.277399
1 3.149105 2.000000 3.076394 0.007206 0.038561 -1.000000 -1.000000 -1.000000 60.000000 135.000000 -1.000000 0.000000 44.813254
1 4.832183 2.000000 4.601346 0.019919 0.118175 -1.000000 -1.000000 -1.000000 288.000000 216.000000 -1.000000 0.000000 41.183473
1 2.708537 2.000000 2.601991 0.010183 0.049445 -1.000000 -1.000000 -1.000000 19.000000 212.000000 -1.000000 0.000000 33.895775
0 46.986730 2.000000 1.923728 2.134314 10.954845 -1.000000 -1.000000 -1.000000 3346.000000 59052.000000 -1.000000 0.000000 -1.000000
0 47.413032 2.000000 2.385947 2.051966 11.710509 -1.000000 -1.000000 -1.000000 4529.000000 77819.000000 -1.000000 0.000000 -1.000000
1 3.066208 2.000000 2.972402 0.009524 0.047942 -1.000000 -1.000000 -1.000000 55.000000 209.000000 -1.000000 0.000000 50.359952
1 1.739982 2.000000 1.390770 0.030451 0.177988 -1.000000 -1.000000 -1.000000 1065.000000 828.000000 -1.000000 0.000000 35.578156
1 2.995185 2.000000 2.925728 0.006561 0.037781 -1.000000 -1.000000 -1.000000 58.000000 72.000000 -1.000000 0.000000 34.007941
0 47.823708 2.000000 2.693549 0.775291 5.118743 -1.000000 -1.000000 -1.000000 17181.000000 12280.000000 -1.000000 0.000000 -1.000000
1 1.984041 2.000000 1.975599 0.000924 0.004699 -1.000000 -1.000000 -1.000000 1.000000 22.000000 -1.000000 0.000000 35.433408
1 1.744869 2.000000 1.685174 0.005296 0.030745 -1.000000 -1.000000 -1.000000 43.000000 118.000000 -1.000000 0.000000 40.878291
0 46.461271 2.000000 1.409198 0.644564 4.720583 -1.000000 -1.000000 -1.000000 17481.000000 18422.000000 -1.000000 0.000000 -1.000000
1 2.037060 2.000000 2.030160 0.000757 0.003590 -1.000000 -1.000000 -1.000000 0.000000 23.000000 -1.000000 0.000000 28.685605
1 6.183821 2.000000 6.173050 0.001115 0.005149 -1.000000 -1.000000 -1.000000 2.000000 19.000000 -1.000000 0.000000 37.689241
1 1.852923 2.000000 1.843560 0.001003 0.004957 -1.000000 -1.000000 -1.000000 0.000000 69.000000 -1.000000 0.000000 29.563325
1 1.866693 2.000000 1.796974 0.007070 0.034622 -1.000000 -1.000000 -1.000000 72.000000 167.000000 -1.000000 0.000000 38.164393
1 11.823431 2.000000 3.663303 0.328374 1.860578 -1.000000 -1.000000 -1.000000 3885.000000 5727.000000 -1.000000 0.000000 30.974302
0 47.232085 2.000000 2.180543 0.663422 4.718429 -1.000000 -1.000000 -1.000000 15829.000000 20364.000000 -1.000000 0.000000 -1.000000
1 2.201677 2.000000 2.171247 0.003030 0.015520 -1.000000 -1.000000 -1.000000 21.000000 72.000000 -1.000000 0.000000 31.964619
1 16.326208 2.000000 1.500493 0.371268 2.820786 -1.000000 -1.000000 -1.000000 7446.000000 11700.000000 -1.000000 0.000000 52.464048
0 46.823103 2.000000 1.814024 1.913746 10.304921 -1.000000 -1.000000 -1.000000 8174.000000 48863.000000 -1.000000 0.000000 -1.000000
1 1.772143 2.000000 1.728448 0.004202 0.023900 -1.000000 -1.000000 -1.000000 42.000000 153.000000 -1.000000 0.000000 44.419720
1 1.508207 2.000000 1.482319 0.002636 0.014407 -1.000000 -1.000000 -1.000000 26.000000 73.000000 -1.000000 0.000000 28.086630
1 6.482726 2.000000 3.451321 0.187312 1.123542 -1.000000 -1.000000 -1.000000 3286.000000 5657.000000 -1.000000 0.000000 45.334093
0 47.128957 2.000000 1.954581 0.699000 4.567289 -1.000000 -1.000000 -1.000000 8410.000000 20069.000000 -1.000000 0.000000 -1.000000
0 46.796385 4.000000 1.669378 0.536592 3.661518 -1.000000 -1.000000 -1.000000 15629.000000 27867.000000 -1.000000 0.000000 -1.000000
0 46.744039 4.000000 1.741124 1.924320 9.695394 -1.000000 -1.000000 -1.000000 7188.000000 54918.000000 -1.000000 0.000000 -1.000000
1 2.140177 4.000000 2.068144 0.007804 0.031689 -1.000000 -1.000000 -1.000000 178.000000 192.000000 -1.000000 0.000000 33.830826
0 46.859110 4.000000 1.816037 2.221746 11.360196 -1.000000 -1.000000 -1.000000 4744.000000 56582.000000 -1.000000 0.000000 -1.000000
1 2.339839 4.000000 2.005492 0.035399 0.160343 -1.000000 -1.000000 -1.000000 704.000000 751.000000 -1.000000 0.000000 32.115031
0 46.472185 4.000000 1.392281 1.016088 5.389506 -1.000000 -1.000000 -1.000000 14130.000000 22006.000000 -1.000000 0.000000 -1.000000
0 48.376751 4.000000 3.353348 1.252413 6.211658 -1.000000 -1.000000 -1.000000 14864.000000 34358.000000 -1.000000 0.000000 -1.000000
0 46.995193 4.000000 1.809982 0.670629 4.236646 -1.000000 -1.000000 -1.000000 13173.000000 18143.000000 -1.000000 0.000000 -1.000000
0 46.983863 4.000000 1.796567 0.755290 4.662332 -1.000000 -1.000000 -1.000000 23547.000000 7610.000000 -1.000000 0.000000 -1.000000
0 46.955052 4.000000 1.797407 1.093802 6.038881 -1.000000 -1.000000 -1.000000 14632.000000 24836.000000 -1.000000 0.000000 -1.000000
0 46.955767 4.000000 1.777386 1.203069 6.393577 -1.000000 -1.000000 -1.000000 11133.000000 21766.000000 -1.000000 0.000000 -1.000000
0 47.483426 4.000000 2.360043 1.090005 6.029847 -1.000000 -1.000000 -1.000000 16533.000000 26726.000000 -1.000000 0.000000 -1.000000
0 47.504076 4.000000 2.477330 1.321497 7.497349 -1.000000 -1.000000 -1.000000 13767.000000 32421.000000 -1.000000 0.000000 -1.000000
0 47.377419 4.000000 2.277569 1.644727 8.926794 -1.000000 -1.000000 -1.000000 10246.000000 50186.000000 -1.000000 0.000000 -1.000000
0 47.211738 4.000000 2.209621 0.977479 5.070453 -1.000000 -1.000000 -1.000000 12185.000000 31199.000000 -1.000000 0.000000 -1.000000
0 48.134632 4.000000 2.942744 0.657144 5.030097 -1.000000 -1.000000 -1.000000 10494.000000 16070.000000 -1.000000 0.000000 -1.000000
1 2.473868 4.000000 2.367207 0.010433 0.056560 -1.000000 -1.000000 -1.000000 181.000000 318.000000 -1.000000 0.000000 32.816263
1 12.200755 4.000000 1.513412 0.643122 3.215093 -1.000000 -1.000000 -1.000000 4239.000000 15891.000000 -1.000000 0.000000 30.209418
1 2.070673 4.000000 2.053058 0.001797 0.009522 -1.000000 -1.000000 -1.000000 3.000000 95.000000 -1.000000 0.000000 27.147350
1 1.896766 4.000000 1.871723 0.002892 0.013253 -1.000000 -1.000000 -1.000000 0.000000 101.000000 -1.000000 0.000000 27.849709
0 47.629597 4.000000 2.507310 1.162897 5.895280 -1.000000 -1.000000 -1.000000 13321.000000 34025.000000 -1.000000 0.000000 -1.000000
1 3.656177 4.000000 3.633326 0.002451 0.012750 -1.000000 -1.000000 -1.000000 5.000000 38.000000 -1.000000 0.000000 28.921266
1 3.812810 4.000000 2.154850 0.125820 0.629553 -1.000000 -1.000000 -1.000000 1370.000000 3840.000000 -1.000000 0.000000 36.447546
1 2.199885 4.000000 2.152229 0.005525 0.024115 -1.000000 -1.000000 -1.000000 99.000000 103.000000 -1.000000 0.000000 33.254586
0 47.144810 4.000000 2.018147 1.278416 6.519650 -1.000000 -1.000000 -1.000000 15154.000000 28255.000000 -1.000000 0.000000 -1.000000
0 47.230102 4.000000 2.092552 0.874760 5.354351 -1.000000 -1.000000 -1.000000 9312.000000 14645.000000 -1.000000 0.000000 -1.000000
0 47.506422 4.000000 2.371454 1.171170 5.869283 -1.000000 -1.000000 -1.000000 16372.000000 28239.000000 -1.000000 0.000000 -1.000000
0 48.695213 4.000000 3.436434 0.711548 3.903896 -1.000000 -1.000000 -1.000000 15947.000000 13765.000000 -1.000000 0.000000 -1.000000
0 49.213467 4.000000 4.005083 0.767395 4.893454 -1.000000 -1.000000 -1.000000 14905.000000 18343.000000 -1.000000 0.000000 -1.000000
1 2.398092 4.000000 2.294615 0.010788 0.047787 -1.000000 -1.000000 -1.000000 447.000000 261.000000 -1.000000 0.000000 34.374799
1 2.013718 4.000000 1.777598 0.022635 0.102813 -1.000000 -1.000000 -1.000000 616.000000 411.000000 -1.000000 0.000000 26.489825
0 47.175886 4.000000 2.148094 0.747500 4.528728 -1.000000 -1.000000 -1.000000 10714.000000 20720.000000 -1.000000 0.000000 -1.000000
0 47.146806 4.000000 2.135272 0.854708 5.404931 -1.000000 -1.000000 -1.000000 11078.000000 23667.000000 -1.000000 0.000000 -1.000000
1 3.830423 4.000000 3.765974 0.007022 0.032668 -1.000000 -1.000000 -1.000000 72.000000 121.000000 -1.000000 0.000000 33.360730
0 47.606647 4.000000 2.380266 0.618816 3.995943 -1.000000 -1.000000 -1.000000 12488.000000 16840.000000 -1.000000 0.000000 -1.000000
1 6.113688 4.000000 1.816993 0.297657 1.422420 -1.000000 -1.000000 -1.000000 4115.000000 10815.000000 -1.000000 0.000000 39.756649
1 3.712663 4.000000 3.080097 0.066761 0.285705 -1.000000 -1.000000 -1.000000 608.000000 1393.000000 -1.000000 0.000000 32.498588
0 47.211733 4.000000 2.061913 0.610161 4.307027 -1.000000 -1.000000 -1.000000 11559.000000 15891.000000 -1.000000 0.000000 -1.000000
1 2.695510 4.000000 2.624707 0.007381 0.035955 -1.000000 -1.000000 -1.000000 220.000000 161.000000 -1.000000 0.000000 36.100362
1 2.348374 4.000000 2.275817 0.007992 0.037537 -1.000000 -1.000000 -1.000000 82.000000 163.000000 -1.000000 0.000000 31.246640
1 3.815623 4.000000 3.586297 0.025032 0.103477 -1.000000 -1.000000 -1.000000 73.000000 596.000000 -1.000000 0.000000 35.920510
1 2.333001 4.000000 2.082357 0.024143 0.106898 -1.000000 -1.000000 -1.000000 553.000000 511.000000 -1.000000 0.000000 33.345501
1 5.223477 4.000000 2.208689 0.260332 1.254304 -1.000000 -1.000000 -1.000000 935.000000 4488.000000 -1.000000 0.000000 45.447521
0 47.191944 4.000000 2.176026 0.697077 5.523723 -1.000000 -1.000000 -1.000000 18848.000000 12116.000000 -1.000000 0.000000 -1.000000
0 47.451554 4.000000 2.322153 1.258462 6.594551 -1.000000 -1.000000 -1.000000 15234.000000 29627.000000 -1.000000 0.000000 -1.000000
1 1.701280 4.000000 1.642809 0.006738 0.028262 -1.000000 -1.000000 -1.000000 187.000000 216.000000 -1.000000 0.000000 29.972987
1 2.961532 4.000000 1.729540 0.096917 0.537769 -1.000000 -1.000000 -1.000000 668.000000 4517.000000 -1.000000 0.000000 33.558773
0 46.934949 4.000000 1.689690 0.647436 3.704469 -1.000000 -1.000000 -1.000000 14782.000000 20392.000000 -1.000000 0.000000 -1.000000
1 7.159415 4.000000 1.724901 0.446592 2.073995 -1.000000 -1.000000 -1.000000 2410.000000 11028.000000 -1.000000 0.000000 33.384271
0 46.798344 4.000000 1.793341 2.073313 11.124433 -1.000000 -1.000000 -1.000000 5008.000000 58652.000000 -1.000000 0.000000 -1.000000
1 3.166281 4.000000 3.136571 0.003449 0.014922 -1.000000 -1.000000 -1.000000 0.000000 82.000000 -1.000000 0.000000 34.736178
0 47.184162 4.000000 2.124779 2.021956 10.971208 -1.000000 -1.000000 -1.000000 6106.000000 62192.000000 -1.000000 0.000000 -1.000000
1 20.770233 4.000000 1.749673 1.072619 5.416708 -1.000000 -1.000000 -1.000000 5362.000000 30859.000000 -1.000000 0.000000 35.323082
1 1.895422 4.000000 1.707577 0.019043 0.095623 -1.000000 -1.000000 -1.000000 769.000000 537.000000 -1.000000 0.000000 30.427821
1 2.177165 4.000000 1.810797 0.030728 0.138433 -1.000000 -1.000000 -1.000000 947.000000 1063.000000 -1.000000 0.000000 28.958769
0 48.371299 4.000000 3.226642 0.725963 5.291339 -1.000000 -1.000000 -1.000000 15461.000000 16048.000000 -1.000000 0.000000 -1.000000
1 1.772832 6.000000 1.683692 0.010480 0.043592 -1.000000 -1.000000 -1.000000 253.000000 349.000000 -1.000000 0.000000 34.890674
0 46.399842 6.000000 1.393142 0.812165 4.950733 -1.000000 -1.000000 -1.000000 6823.000000 36052.000000 -1.000000 0.000000 -1.000000
1 3.304823 6.000000 3.195256 0.011702 0.058195 -1.000000 -1.000000 -1.000000 51.000000 202.000000 -1.000000 0.000000 35.962221
0 47.095157 6.000000 2.053922 0.676009 4.648687 -1.000000 -1.000000 -1.000000 12008.000000 11691.000000 -1.000000 0.000000 -1.000000
1 3.627466 6.000000 1.980235 0.132964 0.705700 -1.000000 -1.000000 -1.000000 2227.000000 4510.000000 -1.000000 0.000000 39.849268
1 2.488813 6.000000 2.184468 0.033239 0.130893 -1.000000 -1.000000 -1.000000 917.000000 553.000000 -1.000000 0.000000 34.842176
0 48.636500 6.000000 3.583863 1.442248 7.664392 -1.000000 -1.000000 -1.000000 17345.000000 36772.000000 -1.000000 0.000000 -1.000000
0 46.929551 6.000000 1.786591 1.026384 6.631528 -1.000000 -1.000000 -1.000000 9689.000000 37216.000000 -1.000000 0.000000 -1.000000
1 3.595464 6.000000 3.110732 0.051930 0.214928 -1.000000 -1.000000 -1.000000 258.000000 862.000000 -1.000000 0.000000 45.283274
1 1.976270 6.000000 1.861622 0.013106 0.056816 -1.000000 -1.000000 -1.000000 232.000000 276.000000 -1.000000 0.000000 35.092909
0 47.050144 6.000000 1.783443 0.650864 4.309291 -1.000000 -1.000000 -1.000000 11579.000000 17586.000000 -1.000000 0.000000 -1.000000
0 48.215512 6.000000 3.072852 1.069076 6.256256 -1.000000 -1.000000 -1.000000 10839.000000 26745.000000 -1.000000 0.000000 -1.000000
1 3.812086 6.000000 2.642648 0.068226 0.371462 -1.000000 -1.000000 -1.000000 1445.000000 1357.000000 -1.000000 0.000000 38.039040
0 49.729541 6.000000 4.654786 2.116878 11.107112 -1.000000 -1.000000 -1.000000 6670.000000 47694.000000 -1.000000 0.000000 -1.000000
0 48.297634 6.000000 3.294301 0.910637 5.860904 -1.000000 -1.000000 -1.000000 12711.000000 22617.000000 -1.000000 0.000000 -1.000000
0 48.697146 6.000000 3.664912 0.927130 6.497867 -1.000000 -1.000000 -1.000000 13541.000000 18596.000000 -1.000000 0.000000 -1.000000
1 1.822111 6.000000 1.771730 0.005786 0.023953 -1.000000 -1.000000 -1.000000 56.000000 159.000000 -1.000000 0.000000 36.897153
0 46.450754 6.000000 1.448323 0.981355 6.065523 -1.000000 -1.000000 -1.000000 13477.000000 26958.000000 -1.000000 0.000000 -1.000000
1 2.148171 6.000000 1.950113 0.020716 0.093882 -1.000000 -1.000000 -1.000000 254.000000 532.000000 -1.000000 0.000000 41.239425
1 2.122329 6.000000 2.036769 0.008930 0.045319 -1.000000 -1.000000 -1.000000 140.000000 245.000000 -1.000000 0.000000 40.695252
0 46.865015 6.000000 1.802388 0.687498 4.679782 -1.000000 -1.000000 -1.000000 11235.000000 17328.000000 -1.000000 0.000000 -1.000000
1 4.124910 6.000000 3.530354 0.059130 0.307704 -1.000000 -1.000000 -1.000000 673.000000 959.000000 -1.000000 0.000000 34.846653
1 11.385129 6.000000 2.739985 0.638559 3.195386 -1.000000 -1.000000 -1.000000 3935.000000 17640.000000 -1.000000 0.000000 37.478741
0 47.122259 6.000000 2.118536 1.498754 8.136638 -1.000000 -1.000000 -1.000000 10195.000000 36799.000000 -1.000000 0.000000 -1.000000
0 48.154753 6.000000 3.137286 1.099718 5.881459 -1.000000 -1.000000 -1.000000 9391.000000 28776.000000 -1.000000 0.000000 -1.000000
0 46.927755 6.000000 1.758485 0.576235 4.768715 -1.000000 -1.000000 -1.000000 18423.000000 17102.000000 -1.000000 0.000000 -1.000000
1 2.241648 6.000000 2.182441 0.006607 0.031332 -1.000000 -1.000000 -1.000000 108.000000 145.000000 -1.000000 0.000000 32.199692
0 49.550024 6.000000 4.484827 1.432224 8.167921 -1.000000 -1.000000 -1.000000 9627.000000 33330.000000 -1.000000 0.000000 -1.000000
0 46.785662 6.000000 1.758530 1.002482 5.769923 -1.000000 -1.000000 -1.000000 15333.000000 41410.000000 -1.000000 0.000000 -1.000000
0 46.890501 6.000000 1.775279 0.651017 4.679862 -1.000000 -1.000000 -1.000000 14032.000000 15488.000000 -1.000000 0.000000 -1.000000
0 48.104106 6.000000 3.072817 0.583009 4.239045 -1.000000 -1.000000 -1.000000 15728.000000 16654.000000 -1.000000 0.000000 -1.000000
1 3.567006 6.000000 2.129899 0.136520 0.620624 -1.000000 -1.000000 -1.000000 988.000000 3299.000000 -1.000000 0.000000 37.528674
0 48.345907 6.000000 3.192319 1.182988 6.075696 -1.000000 -1.000000 -1.000000 15208.000000 24273.000000 -1.000000 0.000000 -1.000000
0 46.551182 6.000000 1.485997 0.874474 5.885219 -1.000000 -1.000000 -1.000000 20524.000000 20304.000000 -1.000000 0.000000 -1.000000
1 2.478229 6.000000 2.317356 0.017686 0.080879 -1.000000 -1.000000 -1.000000 351.000000 277.000000 -1.000000 0.000000 34.077367
0 47.174933 6.000000 2.143198 1.154292 6.089221 -1.000000 -1.000000 -1.000000 11181.000000 33655.000000 -1.000000 0.000000 -1.000000
0 46.901817 6.000000 1.769265 0.917435 5.474368 -1.000000 -1.000000 -1.000000 10669.000000 28912.000000 -1.000000 0.000000 -1.000000
1 1.950320 6.000000 1.600696 0.031438 0.150696 -1.000000 -1.000000 -1.000000 1440.000000 675.000000 -1.000000 0.000000 37.932684
0 46.732112 6.000000 1.717771 1.055720 5.681782 -1.000000 -1.000000 -1.000000 11512.000000 30922.000000 -1.000000 0.000000 -1.000000
1 1.684915 6.000000 1.614899 0.007375 0.037813 -1.000000 -1.000000 -1.000000 36.000000 283.000000 -1.000000 0.000000 39.237139
1 2.116067 6.000000 2.000813 0.012277 0.056273 -1.000000 -1.000000 -1.000000 414.000000 288.000000 -1.000000 0.000000 34.961102
0 46.982038 6.000000 1.790929 0.962655 6.021708 -1.000000 -1.000000 -1.000000 10313.000000 30126.000000 -1.000000 0.000000 -1.000000
0 47.563409 6.000000 2.421575 0.654842 4.780794 -1.000000 -1.000000 -1.000000 11588.000000 19816.000000 -1.000000 0.000000 -1.000000
1 2.229726 6.000000 1.731074 0.046384 0.240412 -1.000000 -1.000000 -1.000000 929.000000 1701.000000 -1.000000 0.000000 40.597291
0 47.414476 6.000000 2.344954 1.347818 7.802197 -1.000000 -1.000000 -1.000000 10547.000000 32263.000000 -1.000000 0.000000 -1.000000
0 47.029364 6.000000 1.942911 1.199446 5.855458 -1.000000 -1.000000 -1.000000 11486.000000 26805.000000 -1.000000 0.000000 -1.000000
0 46.708749 6.000000 1.676362 1.952649 10.906737 -1.000000 -1.000000 -1.000000 5749.000000 64245.000000 -1.000000 0.000000 -1.000000
0 47.292711 6.000000 2.258979 1.214562 7.292633 -1.000000 -1.000000 -1.000000 13252.000000 39235.000000 -1.000000 0.000000 -1.000000
0 47.208020 6.000000 2.187525 1.169012 7.130013 -1.000000 -1.000000 -1.000000 11847.000000 35997.000000 -1.000000 0.000000 -1.000000
0 49.984038 6.000000 4.956918 1.356055 7.531366 -1.000000 -1.000000 -1.000000 11236.000000 35702.000000 -1.000000 0.000000 -1.000000
1 2.251608 6.000000 2.177832 0.008290 0.038166 -1.000000 -1.000000 -1.000000 29.000000 311.000000 -1.000000 0.000000 39.254430
1 8.225059 6.000000 2.160052 0.487436 2.491388 -1.000000 -1.000000 -1.000000 1883.000000 11217.000000 -1.000000 0.000000 34.894966
0 47.717913 6.000000 2.679706 1.229308 7.054931 -1.000000 -1.000000 -1.000000 10844.000000 32572.000000 -1.000000 0.000000 -1.000000
1 5.545317 6.000000 3.224611 0.207608 1.022169 -1.000000 -1.000000 -1.000000 1169.000000 6146.000000 -1.000000 0.000000 42.177995
0 47.087241 6.000000 1.995737 0.637850 4.855132 -1.000000 -1.000000 -1.000000 11475.000000 15371.000000 -1.000000 0.000000 -1.000000
0 47.449416 6.000000 2.324462 1.377703 6.974656 -1.000000 -1.000000 -1.000000 14109.000000 31650.000000 -1.000000 0.000000 -1.000000
1 2.079768 6.000000 2.038748 0.004819 0.019573 -1.000000 -1.000000 -1.000000 22.000000 116.000000 -1.000000 0.000000 36.971364
0 47.739757 6.000000 2.500286 0.718581 4.200535 -1.000000 -1.000000 -1.000000 15217.000000 17981.000000 -1.000000 0.000000 -1.000000
0 47.382714 6.000000 2.371346 0.601498 5.212740 -1.000000 -1.000000 -1.000000 17912.000000 19143.000000 -1.000000 0.000000 -1.000000
0 48.736734 8.000000 3.659555 1.437392 7.980198 -1.000000 -1.000000 -1.000000 11026.000000 40748.000000 -1.000000 0.000000 -1.000000
0 47.259029 8.000000 2.193292 1.152403 6.722213 -1.000000 -1.000000 -1.000000 17707.000000 33574.000000 -1.000000 0.000000 -1.000000
1 3.455459 8.000000 2.597404 0.076048 0.411602 -1.000000 -1.000000 -1.000000 1046.000000 2350.000000 -1.000000 0.000000 48.875482
0 47.077957 8.000000 2.017626 1.368548 6.484351 -1.000000 -1.000000 -1.000000 9782.000000 27167.000000 -1.000000 0.000000 -1.000000
0 47.530208 8.000000 2.360057 0.597298 4.644134 -1.000000 -1.000000 -1.000000 16655.000000 18358.000000 -1.000000 0.000000 -1.000000
0 47.309665 8.000000 2.292953 1.709751 9.906672 -1.000000 -1.000000 -1.000000 10935.000000 43770.000000 -1.000000 0.000000 -1.000000
1 2.489714 8.000000 2.328025 0.015910 0.076245 -1.000000 -1.000000 -1.000000 296.000000 408.000000 -1.000000 0.000000 34.078196
0 47.707547 8.000000 2.593907 1.035891 5.350033 -1.000000 -1.000000 -1.000000 17395.000000 16775.000000 -1.000000 0.000000 -1.000000
0 46.773750 8.000000 1.742639 1.441454 8.498501 -1.000000 -1.000000 -1.000000 7818.000000 49583.000000 -1.000000 0.000000 -1.000000
0 51.305799 8.000000 6.302689 2.405182 11.923014 -1.000000 -1.000000 -1.000000 4779.000000 57424.000000 -1.000000 0.000000 -1.000000
0 48.110489 8.000000 2.998137 0.611096 3.860059 -1.000000 -1.000000 -1.000000 13893.000000 19352.000000 -1.000000 0.000000 -1.000000
1 1.889714 8.000000 1.770701 0.013764 0.060303 -1.000000 -1.000000 -1.000000 230.000000 264.000000 -1.000000 0.000000 35.117929
1 2.480372 8.000000 2.134737 0.034385 0.179528 -1.000000 -1.000000 -1.000000 545.000000 310.000000 -1.000000 0.000000 31.093468
1 1.773560 8.000000 1.620619 0.017213 0.076832 -1.000000 -1.000000 -1.000000 224.000000 532.000000 -1.000000 0.000000 33.152561
0 47.034359 8.000000 1.754868 0.558522 3.988860 -1.000000 -1.000000 -1.000000 10963.000000 17031.000000 -1.000000 0.000000 -1.000000
0 48.356604 8.000000 3.241023 1.013103 6.181248 -1.000000 -1.000000 -1.000000 10152.000000 34068.000000 -1.000000 0.000000 -1.000000
0 47.576082 8.000000 2.356014 0.821589 5.181532 -1.000000 -1.000000 -1.000000 9619.000000 17135.000000 -1.000000 0.000000 -1.000000
0 47.123244 8.000000 2.089461 0.914946 5.715185 -1.000000 -1.000000 -1.000000 9958.000000 33936.000000 -1.000000 0.000000 -1.000000
0 47.814282 8.000000 2.653624 0.863540 5.593224 -1.000000 -1.000000 -1.000000 11425.000000 21705.000000 -1.000000 0.000000 -1.000000
0 47.365454 8.000000 2.220131 0.725115 4.620166 -1.000000 -1.000000 -1.000000 11710.000000 13129.000000 -1.000000 0.000000 -1.000000
0 46.854555 8.000000 1.729980 0.913193 5.618103 -1.000000 -1.000000 -1.000000 13476.000000 28117.000000 -1.000000 0.000000 -1.000000
0 47.541150 8.000000 2.479393 0.976427 5.058750 -1.000000 -1.000000 -1.000000 11720.000000 32791.000000 -1.000000 0.000000 -1.000000
1 2.228922 8.000000 1.732314 0.044751 0.224083 -1.000000 -1.000000 -1.000000 843.000000 1433.000000 -1.000000 0.000000 37.202188
0 47.610994 8.000000 2.588249 2.541031 12.287402 -1.000000 -1.000000 -1.000000 5084.000000 64288.000000 -1.000000 0.000000 -1.000000
0 47.465845 8.000000 2.432290 1.081281 6.972338 -1.000000 -1.000000 -1.000000 10743.000000 33705.000000 -1.000000 0.000000 -1.000000
1 1.842109 8.000000 1.756677 0.008498 0.046290 -1.000000 -1.000000 -1.000000 21.000000 250.000000 -1.000000 0.000000 35.625647
0 47.356907 8.000000 2.197157 1.140942 5.952087 -1.000000 -1.000000 -1.000000 11450.000000 34481.000000 -1.000000 0.000000 -1.000000
1 6.377977 8.000000 4.203540 0.156360 0.834643 -1.000000 -1.000000 -1.000000 1785.000000 3982.000000 -1.000000 0.000000 35.883618
0 48.477017 8.000000 3.318821 1.087004 6.951294 -1.000000 -1.000000 -1.000000 11355.000000 26915.000000 -1.000000 0.000000 -1.000000
0 46.822356 8.000000 1.797836 1.253448 7.019937 -1.000000 -1.000000 -1.000000 10065.000000 43355.000000 -1.000000 0.000000 -1.000000
1 1.822850 8.000000 1.734328 0.009819 0.044339 -1.000000 -1.000000 -1.000000 103.000000 293.000000 -1.000000 0.000000 39.824701
0 47.419373 8.000000 2.319742 1.383949 8.405688 -1.000000 -1.000000 -1.000000 9176.000000 28849.000000 -1.000000 0.000000 -1.000000
0 48.348196 8.000000 3.141269 0.739829 5.569520 -1.000000 -1.000000 -1.000000 15618.000000 15593.000000 -1.000000 0.000000 -1.000000
1 6.557176 8.000000 4.103443 0.219185 1.100970 -1.000000 -1.000000 -1.000000 1772.000000 4151.000000 -1.000000 0.000000 36.432999
0 48.297861 8.000000 3.150924 0.764658 4.685880 -1.000000 -1.000000 -1.000000 14299.000000 15785.000000 -1.000000 0.000000 -1.000000
1 3.638419 8.000000 3.203942 0.042383 0.215870 -1.000000 -1.000000 -1.000000 419.000000 992.000000 -1.000000 0.000000 36.412280
0 48.836300 8.000000 3.709661 0.731955 5.184847 -1.000000 -1.000000 -1.000000 15248.000000 15144.000000 -1.000000 0.000000 -1.000000
0 47.406951 8.000000 2.222234 1.124267 6.224574 -1.000000 -1.000000 -1.000000 13453.000000 34699.000000 -1.000000 0.000000 -1.000000
0 47.213650 8.000000 2.082051 0.959650 5.490008 -1.000000 -1.000000 -1.000000 12103.000000 29012.000000 -1.000000 0.000000 -1.000000
0 46.917562 8.000000 1.831576 0.627696 3.903939 -1.000000 -1.000000 -1.000000 12232.000000 14981.000000 -1.000000 0.000000 -1.000000
1 2.593259 8.000000 2.133923 0.035113 0.207000 -1.000000 -1.000000 -1.000000 1627.000000 1157.000000 -1.000000 0.000000 36.870022
1 3.377775 8.000000 3.060915 0.034907 0.162658 -1.000000 -1.000000 -1.000000 305.000000 758.000000 -1.000000 0.000000 37.810446
0 47.500504 8.000000 2.346699 1.041510 6.030743 -1.000000 -1.000000 -1.000000 8602.000000 25599.000000 -1.000000 0.000000 -1.000000
0 47.507785 8.000000 2.335986 0.635759 4.689597 -1.000000 -1.000000 -1.000000 17019.000000 21598.000000 -1.000000 0.000000 -1.000000
0 47.137779 8.000000 2.074379 1.016721 6.085544 -1.000000 -1.000000 -1.000000 10419.000000 33962.000000 -1.000000 0.000000 -1.000000
0 48.041733 8.000000 2.959573 0.542872 3.805939 -1.000000 -1.000000 -1.000000 11487.000000 18188.000000 -1.000000 0.000000 -1.000000
0 46.866017 8.000000 1.736039 0.962673 5.343159 -1.000000 -1.000000 -1.000000 14449.000000 31765.000000 -1.000000 0.000000 -1.000000
1 16.590098 8.000000 2.853400 0.757343 3.837907 -1.000000 -1.000000 -1.000000 7651.000000 20923.000000 -1.000000 0.000000 34.486390
0 46.609214 8.000000 1.466331 0.896907 5.816630 -1.000000 -1.000000 -1.000000 11620.000000 27359.000000 -1.000000 0.000000 -1.000000
1 1.931866 8.000000 1.785827 0.015511 0.072742 -1.000000 -1.000000 -1.000000 249.000000 465.000000 -1.000000 0.000000 34.022420
0 47.092263 8.000000 2.075089 1.107459 6.499330 -1.000000 -1.000000 -1.000000 7891.000000 36908.000000 -1.000000 0.000000 -1.000000
0 48.205545 8.000000 3.087378 1.105242 5.490614 -1.000000 -1.000000 -1.000000 12569.000000 26709.000000 -1.000000 0.000000 -1.000000
0 47.047538 8.000000 1.993901 1.653337 8.601922 -1.000000 -1.000000 -1.000000 5231.000000 55205.000000 -1.000000 0.000000 -1.000000
1 4.444545 8.000000 1.972318 0.216192 1.104869 -1.000000 -1.000000 -1.000000 1372.000000 3922.000000 -1.000000 0.000000 40.401011
0 48.333745 8.000000 3.293568 0.663069 5.102075 -1.000000 -1.000000 -1.000000 14884.000000 21797.000000 -1.000000 0.000000 -1.000000
0 48.288029 8.000000 3.118984 0.558444 4.406732 -1.000000 -1.000000 -1.000000 14682.000000 24374.000000 -1.000000 0.000000 -1.000000
0 47.296177 8.000000 2.024364 0.814832 4.802127 -1.000000 -1.000000 -1.000000 11113.000000 14228.000000 -1.000000 0.000000 -1.000000
1 1.793311 8.000000 1.699361 0.009483 0.050683 -1.000000 -1.000000 -1.000000 107.000000 435.000000 -1.000000 0.000000 34.669380
1 2.057197 10.000000 1.867401 0.019655 0.100206 -1.000000 -1.000000 -1.000000 172.000000 791.000000 -1.000000 0.000000 34.164262
0 47.958341 10.000000 2.904078 2.330669 12.017097 -1.000000 -1.000000 -1.000000 7577.000000 61915.000000 -1.000000 0.000000 -1.000000
0 48.404510 10.000000 3.378961 1.493123 7.619685 -1.000000 -1.000000 -1.000000 14502.000000 28934.000000 -1.000000 0.000000 -1.000000
0 47.297207 10.000000 2.239390 1.000107 5.817844 -1.000000 -1.000000 -1.000000 9383.000000 28893.000000 -1.000000 0.000000 -1.000000
0 47.095426 10.000000 1.988489 1.005649 6.334987 -1.000000 -1.000000 -1.000000 10471.000000 34642.000000 -1.000000 0.000000 -1.000000
0 47.467948 10.000000 2.410329 0.945068 6.249483 -1.000000 -1.000000 -1.000000 11176.000000 36988.000000 -1.000000 0.000000 -1.000000
0 47.603465 10.000000 2.555953 1.093572 7.356554 -1.000000 -1.000000 -1.000000 11822.000000 29657.000000 -1.000000 0.000000 -1.000000
0 47.316055 10.000000 2.169404 0.725268 4.759487 -1.000000 -1.000000 -1.000000 10727.000000 17099.000000 -1.000000 0.000000 -1.000000
0 55.092972 10.000000 10.053691 1.417490 7.741861 -1.000000 -1.000000 -1.000000 12221.000000 39576.000000 -1.000000 0.000000 -1.000000
0 46.747737 10.000000 1.710573 0.580416 4.064370 -1.000000 -1.000000 -1.000000 11997.000000 13967.000000 -1.000000 0.000000 -1.000000
0 47.075862 10.000000 1.905037 0.590504 4.245780 -1.000000 -1.000000 -1.000000 15971.000000 21346.000000 -1.000000 0.000000 -1.000000
0 47.421268 10.000000 2.380049 2.525916 12.232021 -1.000000 -1.000000 -1.000000 4550.000000 69070.000000 -1.000000 0.000000 -1.000000
0 48.658890 10.000000 3.501189 1.244135 6.896951 -1.000000 -1.000000 -1.000000 13357.000000 29110.000000 -1.000000 0.000000 -1.000000
0 47.065406 10.000000 1.958147 0.688519 5.154676 -1.000000 -1.000000 -1.000000 14949.000000 16266.000000 -1.000000 0.000000 -1.000000
1 19.082265 10.000000 5.202746 0.727353 3.969991 -1.000000 -1.000000 -1.000000 4469.000000 17469.000000 -1.000000 0.000000 35.336637
0 46.865015 10.000000 1.636467 0.619414 4.484065 -1.000000 -1.000000 -1.000000 12275.000000 16944.000000 -1.000000 0.000000 -1.000000
1 2.648783 10.000000 2.511815 0.014251 0.062707 -1.000000 -1.000000 -1.000000 307.000000 311.000000 -1.000000 0.000000 32.437877
1 2.614642 10.000000 2.122183 0.040490 0.228714 -1.000000 -1.000000 -1.000000 909.000000 1388.000000 -1.000000 0.000000 35.928144
0 47.852352 10.000000 2.848614 2.409045 12.658589 -1.000000 -1.000000 -1.000000 4092.000000 61552.000000 -1.000000 0.000000 -1.000000
0 47.762008 10.000000 2.685427 1.065326 7.061116 -1.000000 -1.000000 -1.000000 11119.000000 31167.000000 -1.000000 0.000000 -1.000000
0 47.185816 10.000000 1.990968 0.516606 3.403958 -1.000000 -1.000000 -1.000000 10364.000000 17228.000000 -1.000000 0.000000 -1.000000
0 47.124596 10.000000 1.951831 0.621427 4.528839 -1.000000 -1.000000 -1.000000 10306.000000 13108.000000 -1.000000 0.000000 -1.000000
0 47.125002 10.000000 2.089898 0.941724 6.348052 -1.000000 -1.000000 -1.000000 14549.000000 28294.000000 -1.000000 0.000000 -1.000000
0 49.063605 10.000000 3.972463 1.825037 10.424106 -1.000000 -1.000000 -1.000000 9997.000000 54343.000000 -1.000000 0.000000 -1.000000
0 47.034512 10.000000 1.969455 1.019505 6.001470 -1.000000 -1.000000 -1.000000 12256.000000 33622.000000 -1.000000 0.000000 -1.000000
0 47.976976 10.000000 2.956145 1.025796 5.724711 -1.000000 -1.000000 -1.000000 10725.000000 32201.000000 -1.000000 0.000000 -1.000000
0 46.736428 10.000000 1.707141 0.566266 3.701835 -1.000000 -1.000000 -1.000000 13410.000000 22086.000000 -1.000000 0.000000 -1.000000
0 47.676968 10.000000 2.666256 0.836814 5.292924 -1.000000 -1.000000 -1.000000 24713.000000 15533.000000 -1.000000 0.000000 -1.000000
1 2.153040 10.000000 2.040638 0.012680 0.055746 -1.000000 -1.000000 -1.000000 122.000000 385.000000 -1.000000 0.000000 35.027912
1 3.514178 10.000000 3.440962 0.007166 0.035103 -1.000000 -1.000000 -1.000000 34.000000 200.000000 -1.000000 0.000000 34.992480
0 46.998281 10.000000 1.973975 1.067728 7.198556 -1.000000 -1.000000 -1.000000 9330.000000 31322.000000 -1.000000 0.000000 -1.000000
0 46.956101 10.000000 1.810791 0.872778 5.777479 -1.000000 -1.000000 -1.000000 8037.000000 30025.000000 -1.000000 0.000000 -1.000000
0 47.508232 10.000000 2.456833 1.011158 6.593648 -1.000000 -1.000000 -1.000000 9455.000000 34361.000000 -1.000000 0.000000 -1.000000
0 47.694573 10.000000 2.517834 0.912058 5.369730 -1.000000 -1.000000 -1.000000 12463.000000 29652.000000 -1.000000 0.000000 -1.000000
0 48.105129 10.000000 2.983108 1.215470 6.480022 -1.000000 -1.000000 -1.000000 13556.000000 26583.000000 -1.000000 0.000000 -1.000000
0 47.684056 10.000000 2.544446 0.590723 3.797880 -1.000000 -1.000000 -1.000000 11680.000000 17186.000000 -1.000000 0.000000 -1.000000
0 46.722118 10.000000 1.617520 0.865474 5.644985 -1.000000 -1.000000 -1.000000 13907.000000 27600.000000 -1.000000 0.000000 -1.000000
0 48.657569 10.000000 3.544343 1.345400 7.484136 -1.000000 -1.000000 -1.000000 14010.000000 44900.000000 -1.000000 0.000000 -1.000000
1 5.569510 10.000000 3.290946 0.172597 0.945132 -1.000000 -1.000000 -1.000000 1785.000000 5576.000000 -1.000000 0.000000 41.884318
1 2.733813 10.000000 2.521043 0.025239 0.103160 -1.000000 -1.000000 -1.000000 217.000000 481.000000 -1.000000 0.000000 35.834211
0 48.000907 10.000000 2.836846 0.605431 4.068922 -1.000000 -1.000000 -1.000000 12833.000000 18787.000000 -1.000000 0.000000 -1.000000
0 48.216401 10.000000 3.209473 1.340640 6.966208 -1.000000 -1.000000 -1.000000 14381.000000 31271.000000 -1.000000 0.000000 -1.000000
0 47.319606 10.000000 2.242138 1.146304 7.239512 -1.000000 -1.000000 -1.000000 7688.000000 32985.000000 -1.000000 0.000000 -1.000000
0 46.739580 10.000000 1.673686 0.925668 6.229151 -1.000000 -1.000000 -1.000000 10261.000000 33491.000000 -1.000000 0.000000 -1.000000
1 2.080442 10.000000 1.923372 0.016801 0.082152 -1.000000 -1.000000 -1.000000 212.000000 505.000000 -1.000000 0.000000 34.767689
0 47.009418 10.000000 1.935566 1.086569 6.650171 -1.000000 -1.000000 -1.000000 12890.000000 29881.000000 -1.000000 0.000000 -1.000000
0 47.337022 10.000000 2.282810 1.764932 10.132581 -1.000000 -1.000000 -1.000000 5979.000000 60226.000000 -1.000000 0.000000 -1.000000
0 48.196939 10.000000 3.190002 1.241166 6.231144 -1.000000 -1.000000 -1.000000 11990.000000 34307.000000 -1.000000 0.000000 -1.000000
1 1.846573 10.000000 1.752263 0.009735 0.048223 -1.000000 -1.000000 -1.000000 93.000000 292.000000 -1.000000 0.000000 34.615678
0 47.046608 10.000000 2.040035 2.113697 11.193712 -1.000000 -1.000000 -1.000000 6854.000000 64204.000000 -1.000000 0.000000 -1.000000
0 46.892387 10.000000 1.813042 0.889080 5.604614 -1.000000 -1.000000 -1.000000 12058.000000 26697.000000 -1.000000 0.000000 -1.000000
0 46.655234 10.000000 1.602160 0.776042 5.070607 -1.000000 -1.000000 -1.000000 12675.000000 26280.000000 -1.000000 0.000000 -1.000000
0 46.826335 10.000000 1.804023 0.573665 4.024654 -1.000000 -1.000000 -1.000000 9580.000000 20824.000000 -1.000000 0.000000 -1.000000
1 1.788505 10.000000 1.691117 0.010876 0.047825 -1.000000 -1.000000 -1.000000 148.000000 379.000000 -1.000000 0.000000 36.440248
