Grid2 -40 -40 40 40 128 128
SceneView
eye 0.000000 -120.632690 195.066678
center 0.000000 0.000000 0.000000
right 1.000000 -0.000000 0.000000
forward 0.000000 0.515038 -0.857167
GroundFile none
ObstaclesFile none
Obstacles 81
4
-24.711171 -0.277260
-31.202123 -0.163384
-31.443220 -1.197950
-24.597294 -1.416024
0
4
-24.787356 15.900735
-24.787356 8.556333
-23.572407 8.491220
-23.295524 15.785979
0
4
8.262452 15.212197
8.085222 8.605096
8.882356 8.605096
9.180502 15.097441
0
4
16.180635 16.704029
23.066011 16.589273
23.066011 15.556466
16.180635 15.441710
0
4
31.999258 -16.903209
33.394076 -16.919560
33.394076 -23.690180
31.941939 -23.549850
0
4
31.999258 -23.735791
31.902245 -32.067388
32.820295 -32.067388
33.279320 -23.919692
0
4
31.943417 -0.734216
24.328330 -0.738925
24.443087 0.408638
31.943417 0.406620
0
4
16.983929 24.736968
23.942826 24.579989
24.328330 23.130380
16.180635 23.245137
0
4
-32.568640 24.206158
-39.927278 24.089378
-39.854177 24.915968
-32.975619 25.483075
0
4
-31.999600 -16.700000 -24.000400 -16.700000 -24.000400 -15.300000 -31.999600 -15.300000
0
4
8.000400 7.300000 15.999600 7.300000 15.999600 8.700000 8.000400 8.700000
0
4
-39.999600 -32.700000 -32.000400 -32.700000 -32.000400 -31.300000 -39.999600 -31.300000
0
4
-7.999600 7.300000 -0.000400 7.300000 -0.000400 8.700000 -7.999600 8.700000
0
4
16.000400 -24.700000 23.999600 -24.700000 23.999600 -23.300000 16.000400 -23.300000
0
4
8.000400 31.300000 15.999600 31.300000 15.999600 32.700000 8.000400 32.700000
0
4
-16.700000 8.000400 -15.300000 8.000400 -15.300000 15.999600 -16.700000 15.999600
0
4
-39.999600 -16.700000 -32.000400 -16.700000 -32.000400 -15.300000 -39.999600 -15.300000
0
4
-39.999600 -24.700000 -32.000400 -24.700000 -32.000400 -23.300000 -39.999600 -23.300000
0
4
-16.700000 0.000400 -15.300000 0.000400 -15.300000 7.999600 -16.700000 7.999600
0
4
-16.700000 -31.999600 -15.300000 -31.999600 -15.300000 -24.000400 -16.700000 -24.000400
0
4
-24.700000 24.000400 -23.300000 24.000400 -23.300000 31.999600 -24.700000 31.999600
0
4
23.300000 -23.999600 24.700000 -23.999600 24.700000 -16.000400 23.300000 -16.000400
0
4
-16.700000 -15.999600 -15.300000 -15.999600 -15.300000 -8.000400 -16.700000 -8.000400
0

4
31.300000 8.000400 32.700000 8.000400 32.700000 15.999600 31.300000 15.999600
0
4
-16.700000 -7.999600 -15.300000 -7.999600 -15.300000 -0.000400 -16.700000 -0.000400
0
4
-15.999600 31.300000 -8.000400 31.300000 -8.000400 32.700000 -15.999600 32.700000
0
4
-24.700000 -7.999600 -23.300000 -7.999600 -23.300000 -0.000400 -24.700000 -0.000400
0

4
-7.999600 -24.700000 -0.000400 -24.700000 -0.000400 -23.300000 -7.999600 -23.300000
0
4
-15.999600 23.300000 -8.000400 23.300000 -8.000400 24.700000 -15.999600 24.700000
0
4
-8.700000 16.000400 -7.300000 16.000400 -7.300000 23.999600 -8.700000 23.999600
0
4
-16.700000 24.000400 -15.300000 24.000400 -15.300000 31.999600 -16.700000 31.999600
0
4
-23.999600 7.300000 -16.000400 7.300000 -16.000400 8.700000 -23.999600 8.700000
0
4
16.000400 -8.700000 23.999600 -8.700000 23.999600 -7.300000 16.000400 -7.300000
0
4
-31.999600 -8.700000 -24.000400 -8.700000 -24.000400 -7.300000 -31.999600 -7.300000
0
4
-24.700000 32.000400 -23.300000 32.000400 -23.300000 39.999600 -24.700000 39.999600
0
4
7.300000 16.000400 8.700000 16.000400 8.700000 23.999600 7.300000 23.999600
0
4
-0.700000 24.000400 0.700000 24.000400 0.700000 31.999600 -0.700000 31.999600
0
4
-8.700000 0.000400 -7.300000 0.000400 -7.300000 7.999600 -8.700000 7.999600
0
4
15.300000 -39.999600 16.700000 -39.999600 16.700000 -32.000400 15.300000 -32.000400
0
4
15.300000 24.000400 16.700000 24.000400 16.700000 31.999600 15.300000 31.999600
0
4
-7.999600 -0.700000 -0.000400 -0.700000 -0.000400 0.700000 -7.999600 0.700000
0
4
15.300000 -7.999600 16.700000 -7.999600 16.700000 -0.000400 15.300000 -0.000400
0
4
8.000400 -0.700000 15.999600 -0.700000 15.999600 0.700000 8.000400 0.700000
0
4
-8.700000 -15.999600 -7.300000 -15.999600 -7.300000 -8.000400 -8.700000 -8.000400
0
4
0.000400 15.300000 7.999600 15.300000 7.999600 16.700000 0.000400 16.700000
0
4
-0.700000 -31.999600 0.700000 -31.999600 0.700000 -24.000400 -0.700000 -24.000400
0
4
8.000400 -8.700000 15.999600 -8.700000 15.999600 -7.300000 8.000400 -7.300000
0
4
-32.700000 8.000400 -31.300000 8.000400 -31.300000 15.999600 -32.700000 15.999600
0

4
16.000400 -16.700000 23.999600 -16.700000 23.999600 -15.300000 16.000400 -15.300000
0
4
8.000400 15.300000 15.999600 15.300000 15.999600 16.700000 8.000400 16.700000
0
4
23.300000 -39.999600 24.700000 -39.999600 24.700000 -32.000400 23.300000 -32.000400
0
4
32.000400 -0.700000 39.999600 -0.700000 39.999600 0.700000 32.000400 0.700000
0
4
16.000400 31.300000 23.999600 31.300000 23.999600 32.700000 16.000400 32.700000
0
4
32.000400 23.300000 39.999600 23.300000 39.999600 24.700000 32.000400 24.700000
0
4
7.300000 -39.999600 8.700000 -39.999600 8.700000 -32.000400 7.300000 -32.000400
0
4
-0.700000 -15.999600 0.700000 -15.999600 0.700000 -8.000400 -0.700000 -8.000400
0
4
-8.700000 -7.999600 -7.300000 -7.999600 -7.300000 -0.000400 -8.700000 -0.000400
0
4
0.000400 -16.700000 7.999600 -16.700000 7.999600 -15.300000 0.000400 -15.300000
0
4
8.000400 23.300000 15.999600 23.300000 15.999600 24.700000 8.000400 24.700000
0
4
-39.999600 -8.700000 -32.000400 -8.700000 -32.000400 -7.300000 -39.999600 -7.300000
0
4
-7.999600 -32.700000 -0.000400 -32.700000 -0.000400 -31.300000 -7.999600 -31.300000
0
4
-32.700000 24.000400 -31.300000 24.000400 -31.300000 31.999600 -32.700000 31.999600
0
4
32.000400 -16.700000 39.999600 -16.700000 39.999600 -15.300000 32.000400 -15.300000
0
4
-23.999600 -32.700000 -16.000400 -32.700000 -16.000400 -31.300000 -23.999600 -31.300000
0
4
32.000400 -8.700000 39.999600 -8.700000 39.999600 -7.300000 32.000400 -7.300000
0
4
-15.999600 -0.700000 -8.000400 -0.700000 -8.000400 0.700000 -15.999600 0.700000
0
4
24.000400 23.300000 31.999600 23.300000 31.999600 24.700000 24.000400 24.700000
0
4
-23.999600 23.300000 -16.000400 23.300000 -16.000400 24.700000 -23.999600 24.700000
0
4
24.000400 -8.700000 31.999600 -8.700000 31.999600 -7.300000 24.000400 -7.300000
0
4
-24.700000 -23.999600 -23.300000 -23.999600 -23.300000 -16.000400 -24.700000 -16.000400
0
4
32.000400 15.300000 39.999600 15.300000 39.999600 16.700000 32.000400 16.700000
0
4
23.300000 -15.999600 24.700000 -15.999600 24.700000 -8.000400 23.300000 -8.000400
0
4
-8.700000 -23.999600 -7.300000 -23.999600 -7.300000 -16.000400 -8.700000 -16.000400
0
4
-16.700000 -39.999600 -15.300000 -39.999600 -15.300000 -32.000400 -16.700000 -32.000400
0
4
24.000400 7.300000 31.999600 7.300000 31.999600 8.700000 24.000400 8.700000
0
4
0.000400 -24.700000 7.999600 -24.700000 7.999600 -23.300000 0.000400 -23.300000
0
4
24.000400 31.300000 31.999600 31.300000 31.999600 32.700000 24.000400 32.700000
0
4
-32.700000 0.000400 -31.300000 0.000400 -31.300000 7.999600 -32.700000 7.999600
0
4
0.000400 -8.700000 7.999600 -8.700000 7.999600 -7.300000 0.000400 -7.300000
0
4
-15.999600 -32.700000 -8.000400 -32.700000 -8.000400 -31.300000 -15.999600 -31.300000
0
4
-0.700000 16.000400 0.700000 16.000400 0.700000 23.999600 -0.700000 23.999600
0
