Grid2 -45 -45 45 45 128 128
SceneView
eye 0.000000 -147.780466 189.571712
center 0.000000 0.000000 0.000000
right 1.000000 -0.000000 0.000000
forward 0.000000 0.601815 -0.798636
GroundFile none
ObstaclesFile none
Obstacles 54
4
-14.199822 -19.040846
-13.556505 -18.140081
-9.039879 -20.598213
-9.171423 -22.153725
0
4
-11.624326 -10.914161
-16.147717 -15.179076
-15.498560 -15.692500
-11.234102 -11.427988
0
4
-22.737008 -6.322431
-21.569959 -6.135380
-22.212275 -0.581337
-23.375688 -0.829783
0
4
-29.832644 -2.389398
-23.758896 -0.191103
-23.758896 0.703049
-30.094614 -1.485568
0
4
-20.009539 8.713654
-14.336919 7.297409
-14.726461 6.394163
-20.398957 7.681701
0
4
-11.236848 -10.785002
-10.204288 -10.269087
-6.587578 -12.852451
-6.973378 -14.011523
0
4
11.877252 18.525749
8.782364 13.496220
9.430761 13.112408
12.651855 18.138447
0
4
23.378219 6.651602
29.314526 6.908730
29.442123 6.262711
23.503276 6.133896
0
4
11.233317 8.715314
13.560293 4.326175
14.983511 4.585256
12.522099 9.746404
0
4
0.000000 15.392689
5.237176 14.626273
5.109440 13.604385
0.255980 14.015301
0
4
14.050960 -2.873559
12.012013 -8.331124
13.047355 -8.978353
15.753293 -3.551141
0
4
-32.294888 19.543825
-27.648272 16.989246
-27.129112 17.375326
-31.423055 20.502128
0
4
37.057682 9.490191
37.992709 3.774095
40.180433 3.940295
38.734901 9.877210
0
4
2.453553 -30.411342
8.708910 -29.008022
9.069256 -30.209062
2.581696 -31.948658
0
4
12.141387 -20.860148
15.724194 -25.841884
16.401211 -25.376879
13.176997 -20.347058
0
4
14.338421 -37.654721
15.111624 -44.624706
16.018256 -44.631731
15.752193 -37.250252
0
4
-30.338632 26.400883
-44.934838 43.707976
-44.020986 44.601730
-29.176727 27.820989
0
4
-5.425159 37.652971
-4.778055 31.831979
-4.002886 31.829206
-3.995283 37.955116
0
4
-2.554720 39.534792
-2.712816 44.761250
-1.808923 44.899829
-1.679216 40.236381
0
4
38.849775 10.389890
44.935623 10.007021
44.579863 10.666457
38.604158 11.388255
0
4
27.971855 15.919383
32.747528 19.532387
32.356797 20.174570
27.514268 16.857115
0
4
3.605627 29.939562
5.109440 23.056848
5.809931 23.304092
4.781060 29.784474
0
4
-38.123928 -2.132603
-32.170748 -2.002828
-32.162320 -2.777282
-37.610936 -3.166811
0
4
-4.004494 -31.971582
-4.776637 -38.148729
-5.677749 -37.873315
-5.169075 -31.854670
0
4
-44.922290 -11.037116
-38.320799 -10.665455
-37.809855 -11.687343
-44.926995 -11.941983
0
4
-17.445629 -36.377611
-17.566568 -44.885379
-16.795973 -44.897158
-16.477944 -36.212654
0
20
15.417380 -3.218442 15.568515 -2.385959 15.676191 -1.525939 15.736395 -0.661298 15.748945 0.205346 15.713803 1.071368 15.631076 1.934145 15.501013 2.791066 15.324009 3.639534 15.105920 4.457034 13.656607 4.070394 13.864053 3.292787 14.024193 2.525154 14.141865 1.749875 14.216711 0.969296 14.248505 0.185782 14.237150 -0.598294 14.182682 -1.380559 14.085264 -2.158643 13.941505 -2.950502
0
20
12.128858 10.047128 11.572228 10.684334 10.966972 11.304732 10.328505 11.890897 9.658761 12.441052 8.959767 12.953533 8.233641 13.426787 7.482580 13.859381 6.708861 14.250005 5.933738 14.589199 5.332393 13.215014 6.069691 12.892372 6.769697 12.538964 7.449202 12.147584 8.106148 11.719418 8.738547 11.255763 9.344483 10.758022 9.922122 10.227703 10.469713 9.666411 10.999181 9.060300
0
20
-0.292941 15.747005 -1.138183 15.709105 -2.000600 15.622709 -2.856960 15.489003 -3.704668 15.308393 -4.541157 15.081424 -5.363894 14.808784 -6.170388 14.491300 -6.958196 14.129931 -7.706670 13.735400 -7.007222 12.408459 -6.295271 12.783738 -5.582520 13.110678 -4.852863 13.397915 -4.108510 13.644580 -3.351715 13.849925 -2.584770 14.013328 -1.809998 14.134296 -1.029745 14.212460 -0.225750 14.248511
0
20
-12.494150 9.589066 -12.991518 8.904600 -13.461680 8.176468 -13.891076 7.423575 -14.278406 6.648201 -14.622497 5.852695 -14.922307 5.039465 -15.176928 4.210974 -15.385589 3.369732 -15.543799 2.538564 -14.070255 2.258081 -13.919767 3.048689 -13.730985 3.809784 -13.500622 4.559343 -13.229376 5.295094 -12.918067 6.014811 -12.567639 6.716312 -12.179153 7.397475 -11.753785 8.056237 -11.280687 8.707302
0
20
-15.287009 -3.789635 -15.061976 -4.605251 -14.785840 -5.426821 -14.464928 -6.231957 -14.100213 -7.018222 -13.692799 -7.783233 -13.243918 -8.524674 -12.754932 -9.240301 -12.227320 -9.927945 -11.676129 -10.569862 -10.538100 -9.592678 -11.062393 -8.982085 -11.539738 -8.359955 -11.982138 -7.712508 -12.388252 -7.041705 -12.756851 -6.349579 -13.086819 -5.638224 -13.377157 -4.909794 -13.626984 -4.166497 -13.841037 -3.390682
0
20
-6.568438 -14.314664 -5.790458 -14.647254 -4.975961 -14.943603 -4.146395 -15.194698 -3.304272 -15.399780 -2.452144 -15.558227 -1.592589 -15.669560 -0.728212 -15.733441 0.138370 -15.749676 0.983903 -15.718967 0.929460 -14.219955 0.125187 -14.249166 -0.658834 -14.234477 -1.440859 -14.176683 -2.218522 -14.075957 -2.989466 -13.932605 -3.751358 -13.747062 -4.501889 -13.519889 -5.238787 -13.251774 -5.978803 -12.935414
0
20
7.096300 -14.060459 7.841392 -13.659576 8.580918 -13.207547 9.294459 -12.715522 9.979853 -12.184990 10.635025 -11.617559 11.257992 -11.014947 11.846866 -10.378979 12.399865 -9.711580 12.903037 -9.031369 11.697117 -8.139316 11.218500 -8.786334 10.718186 -9.390148 10.185416 -9.965526 9.621800 -10.510726 9.029048 -11.024096 8.408953 -11.504083 7.763393 -11.949231 7.094324 -12.358195 6.385591 -12.739515
0
20
17.554433 15.996377 16.435126 17.145557 15.220445 18.232431 13.934078 19.233433 12.582084 20.143849 11.170831 20.959390 9.706964 21.676216 8.197380 22.290950 6.649186 22.800698 5.094631 23.196701 4.724350 21.743122 6.228998 21.359832 7.679355 20.882297 9.093543 20.306411 10.464902 19.634884 11.786973 18.870880 13.053529 18.017997 14.258605 17.080252 15.396526 16.062062 16.479898 14.949775
0
20
-1.561462 23.698186 -3.157803 23.539579 -4.764896 23.267558 -6.349548 22.885951 -7.904294 22.396554 -9.421812 21.801673 -10.894955 21.104110 -12.316784 20.307150 -13.680603 19.414546 -14.959461 18.446049 -14.053873 17.250260 -12.816072 18.187664 -11.538438 19.023861 -10.206460 19.770458 -8.826411 20.423940 -7.404790 20.981228 -5.948295 21.439697 -4.463784 21.797189 -2.958249 22.052020 -1.413157 22.205535
0
20
-19.501543 13.554778 -20.372842 12.207818 -21.162174 10.781739 -21.851835 9.304880 -22.438578 7.784197 -22.919638 6.226852 -23.292751 4.640179 -23.556158 3.031651 -23.708620 1.408845 -23.748773 -0.194854 -22.249243 -0.232399 -22.210379 1.319814 -22.067552 2.840069 -21.820790 4.346948 -21.471256 5.833352 -21.020596 7.292283 -20.470932 8.716868 -19.824853 10.100399 -19.085402 11.436358 -18.242076 12.740074
0
20
-22.756565 -6.795655 -22.246715 -8.316679 -21.623903 -9.822949 -20.899245 -11.282954 -20.076155 -12.689819 -19.158509 -14.036916 -18.150630 -15.317902 -17.057265 -16.526742 -15.883562 -17.657745 -14.654775 -18.689028 -13.690479 -17.540057 -14.879817 -16.541882 -15.979349 -15.482353 -17.003621 -14.349903 -17.947808 -13.149868 -18.807464 -11.887899 -19.578539 -10.569940 -20.257403 -9.202198 -20.840858 -7.791116 -21.334339 -6.318922
0
20
-8.875429 -22.028821 -7.368358 -22.578547 -5.802392 -23.030756 -4.209097 -23.374495 -2.595978 -23.608142 -0.970632 -23.730600 0.659285 -23.741290 2.286097 -23.640162 3.902142 -23.427693 5.474568 -23.109983 5.177495 -21.639694 3.655550 -21.947205 2.141630 -22.146247 0.617622 -22.240984 -0.909294 -22.230970 -2.431928 -22.116251 -3.943108 -21.897368 -5.435716 -21.575352 -6.902723 -21.151720 -8.361411 -20.619642
0
20
11.689086 -20.673835 13.058523 -19.838308 14.388438 -18.895934 15.650587 -17.864563 16.839023 -16.749053 17.948151 -15.554658 18.972745 -14.287002 19.907981 -12.952057 20.749453 -11.556110 21.481449 -10.128649 20.146709 -9.444200 19.438214 -10.825834 18.649917 -12.133566 17.773783 -13.384150 16.813936 -14.571698 15.774899 -15.690615 14.661565 -16.735631 13.479176 -17.701826 12.233303 -18.584648 10.907831 -19.393350
0
20
23.451481 -3.751030 23.652070 -2.159419 23.744481 -0.532088 23.725059 1.097748 23.593896 2.722415 23.351610 4.334259 22.999341 5.925689 22.538749 7.489211 21.972003 9.017459 21.312361 10.479764 19.945041 9.862969 20.583506 8.447610 21.114437 7.015938 21.545922 5.551222 21.875930 4.060360 22.102905 2.550374 22.225779 1.028377 22.243974 -0.498464 22.157402 -2.022957 21.963253 -3.563471
0
20
5.011949 31.351377 2.629273 31.641497 0.202711 31.749902 -2.225038 31.672489 -4.639764 31.409711 -7.027336 30.963106 -9.373780 30.335287 -11.665364 29.529928 -13.888675 28.551744 -16.005384 27.419995 -15.298122 26.097203 -13.232048 27.201878 -11.113850 28.133816 -8.930608 28.901099 -6.695099 29.499236 -4.420406 29.924727 -2.119843 30.175081 0.193127 30.248834 2.504967 30.145554 4.830645 29.862374
0
20
-21.386594 23.465763 -23.098993 21.783799 -24.696685 19.954226 -26.149838 18.007870 -27.449947 15.956121 -28.589403 13.810988 -29.561539 11.585025 -30.360663 9.291260 -30.982100 6.943118 -31.417009 4.582574 -29.941838 4.310787 -29.517332 6.614862 -28.925275 8.851989 -28.163932 11.037310 -27.237757 13.158034 -26.152172 15.201749 -24.913529 17.156496 -23.529078 19.010833 -22.006922 20.753907 -20.335487 22.395636
0
20
-31.680596 -2.090049 -31.433246 -4.477543 -30.998973 -6.867389 -30.383277 -9.217043 -29.589760 -11.512754 -28.623067 -13.741086 -27.488855 -15.888997 -26.193764 -17.943916 -24.745371 -19.893818 -23.170986 -21.705619 -22.038739 -20.721740 -23.575463 -18.953280 -24.955378 -17.095566 -26.189241 -15.137798 -27.269829 -13.091436 -28.190819 -10.968455 -28.946820 -8.781281 -29.533408 -6.542714 -29.947149 -4.265855 -30.188582 -1.935473
0
20
-18.118463 -26.072011 -16.097624 -27.367204 -13.958403 -28.517720 -11.737488 -29.501335 -9.447880 -30.312290 -7.102977 -30.945841 -4.716503 -31.398280 -2.302426 -31.666958 0.125126 -31.750303 2.523263 -31.649038 2.459979 -30.150374 0.119211 -30.249216 -2.193572 -30.169811 -4.493517 -29.913836 -6.767163 -29.482788 -9.001204 -28.879190 -11.182565 -28.106574 -13.298479 -27.169463 -15.336563 -26.073341 -17.309059 -24.809131
0
20
9.087243 -30.421218 11.359837 -29.648802 13.593130 -28.693626 15.746868 -27.570519 17.808446 -26.286054 19.765799 -24.847747 21.607472 -23.264018 23.322685 -21.544134 24.901401 -19.698162 26.317443 -17.760086 25.106283 -16.875161 23.724116 -18.766875 22.220038 -20.525573 20.585917 -22.164145 18.831314 -23.672999 16.966501 -25.043305 15.002389 -26.267044 12.950476 -27.337053 10.822768 -28.247070 8.604538 -29.001008
0
20
29.450069 -11.862627 30.263110 -9.604247 30.908758 -7.262647 31.373511 -4.878541 31.654649 -2.465883 31.750526 -0.038793 31.660580 2.388524 31.385339 4.801862 30.926413 7.187096 30.294052 9.502573 28.847044 9.107392 29.464278 6.847305 29.901507 4.574840 30.163735 2.275599 30.249428 -0.036959 30.158084 -2.349301 29.890238 -4.647893 29.447458 -6.919284 28.832334 -9.150179 28.038743 -11.354534
0
20
27.636393 15.628764 26.377643 17.672502 24.949461 19.637254 23.375261 21.487079 21.664255 23.211149 19.826458 24.799374 17.872626 26.242459 15.814192 27.531958 13.663205 28.660325 11.458622 29.609601 10.865392 28.231893 13.017238 27.305325 15.066531 26.230305 17.027646 25.001771 18.889106 23.626912 20.640015 22.113775 22.270128 20.471215 23.769904 18.708847 25.130564 16.836983 26.359202 14.842136
0
20
-18.527994 35.167126 -21.321274 33.548710 -23.997860 31.689358 -26.513135 29.616994 -28.850193 27.345549 -30.993323 24.890291 -32.928121 22.267723 -34.641581 19.495475 -36.122184 16.592181 -37.348292 13.605822 -35.960692 13.036116 -34.757958 15.965544 -33.333272 18.759190 -31.684525 21.426738 -29.822799 23.950259 -27.760608 26.312790 -25.511814 28.498449 -23.091532 30.492546 -20.516033 32.281676 -17.776003 33.869239
0
20
-39.046782 7.440575 -39.523034 4.247636 -39.738158 0.995709 -39.686168 -2.262910 -39.367412 -5.506318 -38.784034 -8.712714 -37.939955 -11.860544 -36.840848 -14.928649 -35.494103 -17.896405 -33.923739 -20.716979 -32.613170 -19.987316 -34.153597 -17.220512 -35.449480 -14.364838 -36.507077 -11.412607 -37.319277 -8.383661 -37.880623 -5.298361 -38.187340 -2.177447 -38.237367 0.958104 -38.030368 4.087215 -37.563194 7.219286
0
20
-30.162546 -25.888880 -27.963144 -28.251995 -25.554813 -30.447729 -22.974707 -32.438797 -20.240167 -34.211815 -17.369576 -35.754867 -14.382228 -37.057579 -11.298206 -38.111195 -8.138238 -38.908633 -4.953919 -39.439473 -4.707266 -37.959891 -7.830881 -37.439171 -10.871507 -36.671850 -13.839055 -35.658026 -16.713579 -34.404513 -19.475757 -32.919738 -22.107021 -31.213681 -24.589685 -29.297809 -26.907060 -27.185002 -29.064534 -24.866937
0
20
1.434702 -39.723481 4.653564 -39.477297 7.871827 -38.963406 11.037177 -38.187608 14.128337 -37.155118 17.124527 -35.872876 20.005609 -34.349502 22.752216 -32.595235 25.345886 -30.621867 27.746304 -28.463239 26.743305 -27.347894 24.388648 -29.465371 21.892933 -31.364211 19.250057 -33.052224 16.477785 -34.518065 13.594752 -35.751880 10.620336 -36.745376 7.574532 -37.491875 4.477813 -37.986358 1.320313 -38.227849
0
20
31.951590 -23.645490 33.766044 -20.975389 35.370821 -18.138844 36.737841 -15.180371 37.857914 -12.119859 38.723512 -8.977878 39.328815 -5.775549 39.669755 -2.534398 39.744041 0.723790 39.552993 3.946395 38.055622 3.857625 38.243028 0.696454 38.171548 -2.438681 37.843484 -5.557424 37.261041 -8.638810 36.428135 -11.662128 35.350363 -14.607054 34.034972 -17.453794 32.490802 -20.183212 30.710938 -22.802412
0
20
38.408279 10.238037 37.452004 13.321415 36.234866 16.344638 34.774162 19.257994 33.079711 22.041901 31.162902 24.677645 29.036621 27.147510 26.715160 29.434893 24.214123 31.524418 21.575472 33.384312 20.711280 32.158274 23.299628 30.333835 25.706208 28.323225 27.939995 26.122230 29.985973 23.745645 31.830389 21.209445 33.460846 18.530678 34.866384 15.727350 36.037554 12.818305 36.975600 9.793707
0
20
15.942751 36.412114 12.935841 37.586922 9.813317 38.520274 6.624829 39.194697 3.391810 39.605660 0.135992 39.750398 -3.120741 39.627940 -6.356496 39.239108 -9.549524 38.586516 -12.648819 37.683162 -12.229079 36.243086 -9.188867 37.129220 -6.116430 37.757165 -3.002880 38.131312 0.130856 38.249145 3.263711 38.109873 6.374629 37.714431 9.442697 37.065479 12.447293 36.167377 15.396881 35.014964
0
